Tensorflow Version: 2.8.0
Num GPUs Available:  1
Collecting Variables...
All variables have been collected.
../cache/
cw
train103
Description: 4 classes cw with weights, chaging wdecay 1e-4 plotting history, bsize=16 (x) 2.5 epochs (x) 128 lstm (X) 
-----------------------
Job id is 1.
Job dir: ../cache/cw/train103/1
- Loading Icbhi.
725 Icbhi audios have been loaded.
- Preparing Icbhi.
112 Icbhi groups of audio chunks (by filename or patients) have been prepared.
--- Samples are being split into training/val groups and de-grouped by patient ---
--- Icbhi training dataset went from 0 to 2492 elements, with 954 none's, 810 crakles, 344 wheezes and 340 both ---
--- Icbhi Validation dataset contains 550 elements, with 282 none, 189 crackles, 43 wheezes and 33 both ---
0
0
0
0
-----------------------
--- Final training dataset went from 0 to 2492 elements, with 954 none's, 810 crakles, 344 wheezes and 340 both ---
--- Final Validation dataset contains 550 elements, with 282 none, 189 crackles, 43 wheezes and 33 both ---
Initializing weights...
weights = {0: 0.6344195519348269, 1: 0.7662976629766297, 2: 1.7698863636363635, 3: 1.8057971014492753}
Model: "leaf_model9_model_103"
______________________________________________________________________________________________________________
 Layer (type)                                    Output Shape                                Param #          
==============================================================================================================
 leaf (Leaf)                                     multiple                                    560              
                                                                                                              
 mel_filterbanks (MelFilterbanks)                multiple                                    0 (unused)       
                                                                                                              
 sincnet (SincNet)                               multiple                                    0 (unused)       
                                                                                                              
 sequential (Sequential)                         (None, 80, 250, 1)                          4                
                                                                                                              
 sequential_1 (Sequential)                       (None, 80, 250, 16)                         2352             
                                                                                                              
 sequential_2 (Sequential)                       (None, 80, 250, 16)                         6448             
                                                                                                              
 sequential_3 (Sequential)                       (None, 80, 250, 16)                         32               
                                                                                                              
 concatenate (Concatenate)                       multiple                                    0                
                                                                                                              
 sequential_4 (Sequential)                       (None, 7, 1024)                             6191296          
                                                                                                              
 sequential_5 (Sequential)                       (None, 700)                                 1206372          
                                                                                                              
 dense_1 (Dense)                                 multiple                                    1402             
                                                                                                              
==============================================================================================================
Total params: 7,408,626
Trainable params: 7,367,120
Non-trainable params: 41,506
______________________________________________________________________________________________________________
Target metric is icbhi_score
Epoch 1/100
Validation cm: [[  0   0   0 284]
 [  0   0   0 190]
 [  0   0   0  43]
 [  0   0   0  33]]
Validation normalized_cm: [[0. 0. 0. 1.]
 [0. 0. 0. 1.]
 [0. 0. 0. 1.]
 [0. 0. 0. 1.]]
Validation acc: 0.06
Validation class_accuracies: [0.0, 0.0, 0.0, 1.0]
Validation sensitivity: 0.12406015037593984
Validation specificity: 0.0
Validation icbhi_score: 0.06203007518796992
Validation roc_auc: None
Validation avg_accuracy: 0.25
Validation one_indexed_epoch: 1
-- New best results were achieved. --
156/156 - 182s - loss: 0.7571 - accuracy: 0.5024 - 182s/epoch - 1s/step
Epoch 2/100
Validation cm: [[  0 284   0   0]
 [  0 190   0   0]
 [  0  43   0   0]
 [  0  33   0   0]]
Validation normalized_cm: [[0. 1. 0. 0.]
 [0. 1. 0. 0.]
 [0. 1. 0. 0.]
 [0. 1. 0. 0.]]
Validation acc: 0.34545454545454546
Validation class_accuracies: [0.0, 1.0, 0.0, 0.0]
Validation sensitivity: 0.7142857142857143
Validation specificity: 0.0
Validation icbhi_score: 0.35714285714285715
Validation roc_auc: None
Validation avg_accuracy: 0.25
Validation one_indexed_epoch: 2
-- New best results were achieved. --
156/156 - 164s - loss: 0.6836 - accuracy: 0.6605 - 164s/epoch - 1s/step
Epoch 3/100
Validation cm: [[  0 284   0   0]
 [  0 190   0   0]
 [  0  43   0   0]
 [  0  33   0   0]]
Validation normalized_cm: [[0. 1. 0. 0.]
 [0. 1. 0. 0.]
 [0. 1. 0. 0.]
 [0. 1. 0. 0.]]
Validation acc: 0.34545454545454546
Validation class_accuracies: [0.0, 1.0, 0.0, 0.0]
Validation sensitivity: 0.7142857142857143
Validation specificity: 0.0
Validation icbhi_score: 0.35714285714285715
Validation roc_auc: None
Validation avg_accuracy: 0.25
Validation one_indexed_epoch: 3
156/156 - 176s - loss: 0.6734 - accuracy: 0.6790 - 176s/epoch - 1s/step
Epoch 4/100
Validation cm: [[  1 281   2   0]
 [  0 190   0   0]
 [  2  41   0   0]
 [  7  25   0   1]]
Validation normalized_cm: [[0.004 0.989 0.007 0.   ]
 [0.    1.    0.    0.   ]
 [0.047 0.953 0.    0.   ]
 [0.212 0.758 0.    0.03 ]]
Validation acc: 0.3490909090909091
Validation class_accuracies: [0.0035211267605633804, 1.0, 0.0, 0.030303030303030304]
Validation sensitivity: 0.7180451127819549
Validation specificity: 0.0035211267605633804
Validation icbhi_score: 0.36078311977125915
Validation roc_auc: None
Validation avg_accuracy: 0.25845603926589844
Validation one_indexed_epoch: 4
-- New best results were achieved. --
156/156 - 186s - loss: 0.6395 - accuracy: 0.7420 - 186s/epoch - 1s/step
Epoch 5/100
Validation cm: [[  0 225  38  21]
 [  1 174  14   1]
 [  0  19  10  14]
 [  0   5  18  10]]
Validation normalized_cm: [[0.    0.792 0.134 0.074]
 [0.005 0.916 0.074 0.005]
 [0.    0.442 0.233 0.326]
 [0.    0.152 0.545 0.303]]
Validation acc: 0.3527272727272727
Validation class_accuracies: [0.0, 0.9157894736842105, 0.23255813953488372, 0.30303030303030304]
Validation sensitivity: 0.7293233082706767
Validation specificity: 0.0
Validation icbhi_score: 0.36466165413533835
Validation roc_auc: None
Validation avg_accuracy: 0.3628444790623493
Validation one_indexed_epoch: 5
-- New best results were achieved. --
156/156 - 191s - loss: 0.6282 - accuracy: 0.7588 - 191s/epoch - 1s/step
Epoch 6/100
Validation cm: [[  7 250   6  21]
 [  5 182   1   2]
 [  2  14  11  16]
 [  1   5  20   7]]
Validation normalized_cm: [[0.025 0.88  0.021 0.074]
 [0.026 0.958 0.005 0.011]
 [0.047 0.326 0.256 0.372]
 [0.03  0.152 0.606 0.212]]
Validation acc: 0.37636363636363634
Validation class_accuracies: [0.02464788732394366, 0.9578947368421052, 0.2558139534883721, 0.21212121212121213]
Validation sensitivity: 0.7518796992481203
Validation specificity: 0.02464788732394366
Validation icbhi_score: 0.38826379328603194
Validation roc_auc: None
Validation avg_accuracy: 0.3626194474439083
Validation one_indexed_epoch: 6
-- New best results were achieved. --
156/156 - 192s - loss: 0.6273 - accuracy: 0.7488 - 192s/epoch - 1s/step
Epoch 7/100
Validation cm: [[  1  50 193  40]
 [  3  47 114  26]
 [  0   1  39   3]
 [  0   1  31   1]]
Validation normalized_cm: [[0.004 0.176 0.68  0.141]
 [0.016 0.247 0.6   0.137]
 [0.    0.023 0.907 0.07 ]
 [0.    0.03  0.939 0.03 ]]
Validation acc: 0.16
Validation class_accuracies: [0.0035211267605633804, 0.24736842105263157, 0.9069767441860465, 0.030303030303030304]
Validation sensitivity: 0.32706766917293234
Validation specificity: 0.0035211267605633804
Validation icbhi_score: 0.16529439796674786
Validation roc_auc: None
Validation avg_accuracy: 0.29704233057556795
Validation one_indexed_epoch: 7
156/156 - 193s - loss: 0.6227 - accuracy: 0.7480 - 193s/epoch - 1s/step
Epoch 8/100
Validation cm: [[  2 268   6   8]
 [  1 182   2   5]
 [  0  15   5  23]
 [  2   7   5  19]]
Validation normalized_cm: [[0.007 0.944 0.021 0.028]
 [0.005 0.958 0.011 0.026]
 [0.    0.349 0.116 0.535]
 [0.061 0.212 0.152 0.576]]
Validation acc: 0.3781818181818182
Validation class_accuracies: [0.007042253521126761, 0.9578947368421052, 0.11627906976744186, 0.5757575757575758]
Validation sensitivity: 0.7744360902255639
Validation specificity: 0.007042253521126761
Validation icbhi_score: 0.39073917187334534
Validation roc_auc: None
Validation avg_accuracy: 0.41424340897206247
Validation one_indexed_epoch: 8
-- New best results were achieved. --
156/156 - 194s - loss: 0.6120 - accuracy: 0.7520 - 194s/epoch - 1s/step
Epoch 9/100
Validation cm: [[  6 258   8  12]
 [  8 177   0   5]
 [  0  13  18  12]
 [  0   6  22   5]]
Validation normalized_cm: [[0.021 0.908 0.028 0.042]
 [0.042 0.932 0.    0.026]
 [0.    0.302 0.419 0.279]
 [0.    0.182 0.667 0.152]]
Validation acc: 0.37454545454545457
Validation class_accuracies: [0.02112676056338028, 0.9315789473684211, 0.4186046511627907, 0.15151515151515152]
Validation sensitivity: 0.7518796992481203
Validation specificity: 0.02112676056338028
Validation icbhi_score: 0.38650322990575026
Validation roc_auc: None
Validation avg_accuracy: 0.3807063776524359
Validation one_indexed_epoch: 9
156/156 - 191s - loss: 0.6027 - accuracy: 0.7496 - 191s/epoch - 1s/step
Epoch 10/100
Validation cm: [[ 25 247   6   6]
 [  6 180   1   3]
 [  4  14  15  10]
 [  3   5  21   4]]
Validation normalized_cm: [[0.088 0.87  0.021 0.021]
 [0.032 0.947 0.005 0.016]
 [0.093 0.326 0.349 0.233]
 [0.091 0.152 0.636 0.121]]
Validation acc: 0.4072727272727273
Validation class_accuracies: [0.0880281690140845, 0.9473684210526315, 0.3488372093023256, 0.12121212121212122]
Validation sensitivity: 0.7481203007518797
Validation specificity: 0.0880281690140845
Validation icbhi_score: 0.4180742348829821
Validation roc_auc: None
Validation avg_accuracy: 0.3763614801452907
Validation one_indexed_epoch: 10
-- New best results were achieved. --
156/156 - 190s - loss: 0.5990 - accuracy: 0.7576 - 190s/epoch - 1s/step
Epoch 11/100
Validation cm: [[  9 226   7  42]
 [  7 151   2  30]
 [  1   9  17  16]
 [  0   3  23   7]]
Validation normalized_cm: [[0.032 0.796 0.025 0.148]
 [0.037 0.795 0.011 0.158]
 [0.023 0.209 0.395 0.372]
 [0.    0.091 0.697 0.212]]
Validation acc: 0.33454545454545453
Validation class_accuracies: [0.03169014084507042, 0.7947368421052632, 0.3953488372093023, 0.21212121212121213]
Validation sensitivity: 0.6578947368421053
Validation specificity: 0.03169014084507042
Validation icbhi_score: 0.34479243884358785
Validation roc_auc: None
Validation avg_accuracy: 0.358474258070212
Validation one_indexed_epoch: 11
156/156 - 189s - loss: 0.5916 - accuracy: 0.7356 - 189s/epoch - 1s/step
Epoch 12/100
Validation cm: [[ 63 171  18  32]
 [ 43 123   9  15]
 [  3  10  16  14]
 [  2   4  14  13]]
Validation normalized_cm: [[0.222 0.602 0.063 0.113]
 [0.226 0.647 0.047 0.079]
 [0.07  0.233 0.372 0.326]
 [0.061 0.121 0.424 0.394]]
Validation acc: 0.39090909090909093
Validation class_accuracies: [0.22183098591549297, 0.6473684210526316, 0.37209302325581395, 0.3939393939393939]
Validation sensitivity: 0.5714285714285714
Validation specificity: 0.22183098591549297
Validation icbhi_score: 0.3966297786720322
Validation roc_auc: None
Validation avg_accuracy: 0.4088079560408331
Validation one_indexed_epoch: 12
156/156 - 191s - loss: 0.5827 - accuracy: 0.7352 - 191s/epoch - 1s/step
Epoch 13/100
Validation cm: [[ 40 229  13   2]
 [ 19 167   4   0]
 [  5  11  16  11]
 [  6   5  20   2]]
Validation normalized_cm: [[0.141 0.806 0.046 0.007]
 [0.1   0.879 0.021 0.   ]
 [0.116 0.256 0.372 0.256]
 [0.182 0.152 0.606 0.061]]
Validation acc: 0.4090909090909091
Validation class_accuracies: [0.14084507042253522, 0.8789473684210526, 0.37209302325581395, 0.06060606060606061]
Validation sensitivity: 0.6954887218045113
Validation specificity: 0.14084507042253522
Validation icbhi_score: 0.41816689611352326
Validation roc_auc: None
Validation avg_accuracy: 0.36312288067636556
Validation one_indexed_epoch: 13
-- New best results were achieved. --
156/156 - 192s - loss: 0.5826 - accuracy: 0.7480 - 192s/epoch - 1s/step
Epoch 14/100
Validation cm: [[ 21 231  21  11]
 [  7 164  10   9]
 [  4  16  15   8]
 [  5   9  15   4]]
Validation normalized_cm: [[0.074 0.813 0.074 0.039]
 [0.037 0.863 0.053 0.047]
 [0.093 0.372 0.349 0.186]
 [0.152 0.273 0.455 0.121]]
Validation acc: 0.3709090909090909
Validation class_accuracies: [0.07394366197183098, 0.8631578947368421, 0.3488372093023256, 0.12121212121212122]
Validation sensitivity: 0.6879699248120301
Validation specificity: 0.07394366197183098
Validation icbhi_score: 0.38095679339193056
Validation roc_auc: None
Validation avg_accuracy: 0.35178772180578
Validation one_indexed_epoch: 14
156/156 - 191s - loss: 0.5647 - accuracy: 0.7508 - 191s/epoch - 1s/step
Epoch 15/100
Validation cm: [[ 13 247  11  13]
 [ 12 169   1   8]
 [  0  11  23   9]
 [  1   4  22   6]]
Validation normalized_cm: [[0.046 0.87  0.039 0.046]
 [0.063 0.889 0.005 0.042]
 [0.    0.256 0.535 0.209]
 [0.03  0.121 0.667 0.182]]
Validation acc: 0.3836363636363636
Validation class_accuracies: [0.045774647887323945, 0.8894736842105263, 0.5348837209302325, 0.18181818181818182]
Validation sensitivity: 0.7443609022556391
Validation specificity: 0.045774647887323945
Validation icbhi_score: 0.39506777507148155
Validation roc_auc: None
Validation avg_accuracy: 0.41298755871156617
Validation one_indexed_epoch: 15
156/156 - 191s - loss: 0.5672 - accuracy: 0.7420 - 191s/epoch - 1s/step
Epoch 16/100
Validation cm: [[ 65 199   4  16]
 [ 51 135   0   4]
 [  5  13  13  12]
 [  2  11  16   4]]
Validation normalized_cm: [[0.229 0.701 0.014 0.056]
 [0.268 0.711 0.    0.021]
 [0.116 0.302 0.302 0.279]
 [0.061 0.333 0.485 0.121]]
Validation acc: 0.39454545454545453
Validation class_accuracies: [0.22887323943661972, 0.7105263157894737, 0.3023255813953488, 0.12121212121212122]
Validation sensitivity: 0.5714285714285714
Validation specificity: 0.22887323943661972
Validation icbhi_score: 0.40015090543259557
Validation roc_auc: None
Validation avg_accuracy: 0.34073431445839086
Validation one_indexed_epoch: 16
156/156 - 191s - loss: 0.5594 - accuracy: 0.7612 - 191s/epoch - 1s/step
Epoch 17/100
Validation cm: [[  9 108  22 145]
 [  0 104  12  74]
 [  0   2  25  16]
 [  0   1  25   7]]
Validation normalized_cm: [[0.032 0.38  0.077 0.511]
 [0.    0.547 0.063 0.389]
 [0.    0.047 0.581 0.372]
 [0.    0.03  0.758 0.212]]
Validation acc: 0.2636363636363636
Validation class_accuracies: [0.03169014084507042, 0.5473684210526316, 0.5813953488372093, 0.21212121212121213]
Validation sensitivity: 0.5112781954887218
Validation specificity: 0.03169014084507042
Validation icbhi_score: 0.2714841681668961
Validation roc_auc: None
Validation avg_accuracy: 0.3431437807140309
Validation one_indexed_epoch: 17
156/156 - 189s - loss: 0.5529 - accuracy: 0.7536 - 189s/epoch - 1s/step
Epoch 18/100
Validation cm: [[121 154   3   6]
 [101  88   0   1]
 [ 11  20   1  11]
 [ 11  14   4   4]]
Validation normalized_cm: [[0.426 0.542 0.011 0.021]
 [0.532 0.463 0.    0.005]
 [0.256 0.465 0.023 0.256]
 [0.333 0.424 0.121 0.121]]
Validation acc: 0.3890909090909091
Validation class_accuracies: [0.426056338028169, 0.4631578947368421, 0.023255813953488372, 0.12121212121212122]
Validation sensitivity: 0.34962406015037595
Validation specificity: 0.426056338028169
Validation icbhi_score: 0.3878401990892725
Validation roc_auc: None
Validation avg_accuracy: 0.2584205419826552
Validation one_indexed_epoch: 18
156/156 - 190s - loss: 0.5513 - accuracy: 0.7572 - 190s/epoch - 1s/step
Epoch 19/100
Validation cm: [[ 10 143  25 106]
 [ 10 116   6  58]
 [  0   4  25  14]
 [  0   3  24   6]]
Validation normalized_cm: [[0.035 0.504 0.088 0.373]
 [0.053 0.611 0.032 0.305]
 [0.    0.093 0.581 0.326]
 [0.    0.091 0.727 0.182]]
Validation acc: 0.28545454545454546
Validation class_accuracies: [0.035211267605633804, 0.6105263157894737, 0.5813953488372093, 0.18181818181818182]
Validation sensitivity: 0.5526315789473685
Validation specificity: 0.035211267605633804
Validation icbhi_score: 0.2939214232765011
Validation roc_auc: None
Validation avg_accuracy: 0.35223777851262467
Validation one_indexed_epoch: 19
156/156 - 190s - loss: 0.5428 - accuracy: 0.7452 - 190s/epoch - 1s/step
Epoch 20/100
Validation cm: [[ 27 191  15  51]
 [ 19 151   1  19]
 [  1  13  14  15]
 [  3   5  21   4]]
Validation normalized_cm: [[0.095 0.673 0.053 0.18 ]
 [0.1   0.795 0.005 0.1  ]
 [0.023 0.302 0.326 0.349]
 [0.091 0.152 0.636 0.121]]
Validation acc: 0.3563636363636364
Validation class_accuracies: [0.09507042253521127, 0.7947368421052632, 0.32558139534883723, 0.12121212121212122]
Validation sensitivity: 0.6353383458646616
Validation specificity: 0.09507042253521127
Validation icbhi_score: 0.36520438419993645
Validation roc_auc: None
Validation avg_accuracy: 0.33415019530035817
Validation one_indexed_epoch: 20
156/156 - 191s - loss: 0.5284 - accuracy: 0.7632 - 191s/epoch - 1s/step
Epoch 21/100
Validation cm: [[ 63 215   4   2]
 [ 33 155   0   2]
 [  2  17  11  13]
 [  9   7  13   4]]
Validation normalized_cm: [[0.222 0.757 0.014 0.007]
 [0.174 0.816 0.    0.011]
 [0.047 0.395 0.256 0.302]
 [0.273 0.212 0.394 0.121]]
Validation acc: 0.42363636363636364
Validation class_accuracies: [0.22183098591549297, 0.8157894736842105, 0.2558139534883721, 0.12121212121212122]
Validation sensitivity: 0.6390977443609023
Validation specificity: 0.22183098591549297
Validation icbhi_score: 0.43046436513819764
Validation roc_auc: None
Validation avg_accuracy: 0.3536616335750492
Validation one_indexed_epoch: 21
-- New best results were achieved. --
156/156 - 193s - loss: 0.5260 - accuracy: 0.7669 - 193s/epoch - 1s/step
Epoch 22/100
Validation cm: [[175 100   4   5]
 [134  54   0   2]
 [  8  16  10   9]
 [  9   7  16   1]]
Validation normalized_cm: [[0.616 0.352 0.014 0.018]
 [0.705 0.284 0.    0.011]
 [0.186 0.372 0.233 0.209]
 [0.273 0.212 0.485 0.03 ]]
Validation acc: 0.43636363636363634
Validation class_accuracies: [0.6161971830985915, 0.28421052631578947, 0.23255813953488372, 0.030303030303030304]
Validation sensitivity: 0.24436090225563908
Validation specificity: 0.6161971830985915
Validation icbhi_score: 0.4302790426771153
Validation roc_auc: None
Validation avg_accuracy: 0.29081721981307374
Validation one_indexed_epoch: 22
156/156 - 188s - loss: 0.5222 - accuracy: 0.7648 - 188s/epoch - 1s/step
Epoch 23/100
Validation cm: [[113 164   4   3]
 [ 77 110   0   3]
 [  6  18   8  11]
 [  3  13  17   0]]
Validation normalized_cm: [[0.398 0.577 0.014 0.011]
 [0.405 0.579 0.    0.016]
 [0.14  0.419 0.186 0.256]
 [0.091 0.394 0.515 0.   ]]
Validation acc: 0.42
Validation class_accuracies: [0.397887323943662, 0.5789473684210527, 0.18604651162790697, 0.0]
Validation sensitivity: 0.44360902255639095
Validation specificity: 0.397887323943662
Validation icbhi_score: 0.42074817325002645
Validation roc_auc: None
Validation avg_accuracy: 0.2907203009981554
Validation one_indexed_epoch: 23
156/156 - 195s - loss: 0.5033 - accuracy: 0.7741 - 195s/epoch - 1s/step
Epoch 24/100
Validation cm: [[226  54   4   0]
 [166  23   0   1]
 [ 14  11  11   7]
 [ 14   3  15   1]]
Validation normalized_cm: [[0.796 0.19  0.014 0.   ]
 [0.874 0.121 0.    0.005]
 [0.326 0.256 0.256 0.163]
 [0.424 0.091 0.455 0.03 ]]
Validation acc: 0.47454545454545455
Validation class_accuracies: [0.795774647887324, 0.12105263157894737, 0.2558139534883721, 0.030303030303030304]
Validation sensitivity: 0.13157894736842105
Validation specificity: 0.795774647887324
Validation icbhi_score: 0.4636767976278725
Validation roc_auc: None
Validation avg_accuracy: 0.3007360658144185
Validation one_indexed_epoch: 24
-- New best results were achieved. --
156/156 - 234s - loss: 0.4985 - accuracy: 0.7797 - 234s/epoch - 1s/step
Epoch 25/100
Validation cm: [[ 99 163   6  16]
 [ 58 120   1  11]
 [  4  17  11  11]
 [  8  10  12   3]]
Validation normalized_cm: [[0.349 0.574 0.021 0.056]
 [0.305 0.632 0.005 0.058]
 [0.093 0.395 0.256 0.256]
 [0.242 0.303 0.364 0.091]]
Validation acc: 0.42363636363636364
Validation class_accuracies: [0.3485915492957746, 0.631578947368421, 0.2558139534883721, 0.09090909090909091]
Validation sensitivity: 0.5037593984962406
Validation specificity: 0.3485915492957746
Validation icbhi_score: 0.42617547389600763
Validation roc_auc: None
Validation avg_accuracy: 0.33172338526541467
Validation one_indexed_epoch: 25
156/156 - 213s - loss: 0.4858 - accuracy: 0.7805 - 213s/epoch - 1s/step
Epoch 26/100
Validation cm: [[154 120   3   7]
 [ 94  91   1   4]
 [  8  17  11   7]
 [  6  10  13   4]]
Validation normalized_cm: [[0.542 0.423 0.011 0.025]
 [0.495 0.479 0.005 0.021]
 [0.186 0.395 0.256 0.163]
 [0.182 0.303 0.394 0.121]]
Validation acc: 0.4727272727272727
Validation class_accuracies: [0.5422535211267606, 0.4789473684210526, 0.2558139534883721, 0.12121212121212122]
Validation sensitivity: 0.39849624060150374
Validation specificity: 0.5422535211267606
Validation icbhi_score: 0.47037488086413215
Validation roc_auc: None
Validation avg_accuracy: 0.3495567410620767
Validation one_indexed_epoch: 26
-- New best results were achieved. --
156/156 - 190s - loss: 0.4755 - accuracy: 0.7793 - 190s/epoch - 1s/step
Epoch 27/100
Validation cm: [[147 120   6  11]
 [ 87  96   0   7]
 [  7  21   7   8]
 [  6  11  14   2]]
Validation normalized_cm: [[0.518 0.423 0.021 0.039]
 [0.458 0.505 0.    0.037]
 [0.163 0.488 0.163 0.186]
 [0.182 0.333 0.424 0.061]]
Validation acc: 0.4581818181818182
Validation class_accuracies: [0.5176056338028169, 0.5052631578947369, 0.16279069767441862, 0.06060606060606061]
Validation sensitivity: 0.39473684210526316
Validation specificity: 0.5176056338028169
Validation icbhi_score: 0.45617123795404
Validation roc_auc: None
Validation avg_accuracy: 0.3115663874945082
Validation one_indexed_epoch: 27
156/156 - 191s - loss: 0.4725 - accuracy: 0.7817 - 191s/epoch - 1s/step
Epoch 28/100
Validation cm: [[ 62 205   4  13]
 [ 23 156   0  11]
 [  5  19   7  12]
 [  8   6  14   5]]
Validation normalized_cm: [[0.218 0.722 0.014 0.046]
 [0.121 0.821 0.    0.058]
 [0.116 0.442 0.163 0.279]
 [0.242 0.182 0.424 0.152]]
Validation acc: 0.41818181818181815
Validation class_accuracies: [0.21830985915492956, 0.8210526315789474, 0.16279069767441862, 0.15151515151515152]
Validation sensitivity: 0.631578947368421
Validation specificity: 0.21830985915492956
Validation icbhi_score: 0.42494440326167526
Validation roc_auc: None
Validation avg_accuracy: 0.3384170849808618
Validation one_indexed_epoch: 28
156/156 - 188s - loss: 0.4627 - accuracy: 0.7921 - 188s/epoch - 1s/step
Epoch 29/100
Validation cm: [[ 80 157   7  40]
 [ 38 128   0  24]
 [  6  15   7  15]
 [ 11   4   9   9]]
Validation normalized_cm: [[0.282 0.553 0.025 0.141]
 [0.2   0.674 0.    0.126]
 [0.14  0.349 0.163 0.349]
 [0.333 0.121 0.273 0.273]]
Validation acc: 0.4072727272727273
Validation class_accuracies: [0.28169014084507044, 0.6736842105263158, 0.16279069767441862, 0.2727272727272727]
Validation sensitivity: 0.5413533834586466
Validation specificity: 0.28169014084507044
Validation icbhi_score: 0.41152176215185854
Validation roc_auc: None
Validation avg_accuracy: 0.3477230804432694
Validation one_indexed_epoch: 29
156/156 - 189s - loss: 0.4490 - accuracy: 0.7873 - 189s/epoch - 1s/step
Epoch 30/100
Validation cm: [[188  84   4   8]
 [112  74   0   4]
 [ 18   8  10   7]
 [ 11   3  17   2]]
Validation normalized_cm: [[0.662 0.296 0.014 0.028]
 [0.589 0.389 0.    0.021]
 [0.419 0.186 0.233 0.163]
 [0.333 0.091 0.515 0.061]]
Validation acc: 0.49818181818181817
Validation class_accuracies: [0.6619718309859155, 0.3894736842105263, 0.23255813953488372, 0.06060606060606061]
Validation sensitivity: 0.3233082706766917
Validation specificity: 0.6619718309859155
Validation icbhi_score: 0.4926400508313036
Validation roc_auc: None
Validation avg_accuracy: 0.3361524288343465
Validation one_indexed_epoch: 30
-- New best results were achieved. --
156/156 - 190s - loss: 0.4472 - accuracy: 0.7921 - 190s/epoch - 1s/step
Epoch 31/100
Validation cm: [[209  63   3   9]
 [129  57   0   4]
 [ 22   5  10   6]
 [ 13   1  15   4]]
Validation normalized_cm: [[0.736 0.222 0.011 0.032]
 [0.679 0.3   0.    0.021]
 [0.512 0.116 0.233 0.14 ]
 [0.394 0.03  0.455 0.121]]
Validation acc: 0.509090909090909
Validation class_accuracies: [0.7359154929577465, 0.3, 0.23255813953488372, 0.12121212121212122]
Validation sensitivity: 0.2669172932330827
Validation specificity: 0.7359154929577465
Validation icbhi_score: 0.5014163930954146
Validation roc_auc: None
Validation avg_accuracy: 0.3474214384261879
Validation one_indexed_epoch: 31
-- New best results were achieved. --
156/156 - 188s - loss: 0.4310 - accuracy: 0.8030 - 188s/epoch - 1s/step
Epoch 32/100
Validation cm: [[135 136   2  11]
 [ 73 110   0   7]
 [ 20   9   3  11]
 [ 20   4   7   2]]
Validation normalized_cm: [[0.475 0.479 0.007 0.039]
 [0.384 0.579 0.    0.037]
 [0.465 0.209 0.07  0.256]
 [0.606 0.121 0.212 0.061]]
Validation acc: 0.45454545454545453
Validation class_accuracies: [0.4753521126760563, 0.5789473684210527, 0.06976744186046512, 0.06060606060606061]
Validation sensitivity: 0.4323308270676692
Validation specificity: 0.4753521126760563
Validation icbhi_score: 0.45384146987186275
Validation roc_auc: None
Validation avg_accuracy: 0.2961682458909086
Validation one_indexed_epoch: 32
156/156 - 188s - loss: 0.4233 - accuracy: 0.8026 - 188s/epoch - 1s/step
Epoch 33/100
Validation cm: [[219  53   5   7]
 [140  44   2   4]
 [ 22   3  12   6]
 [ 12   4  12   5]]
Validation normalized_cm: [[0.771 0.187 0.018 0.025]
 [0.737 0.232 0.011 0.021]
 [0.512 0.07  0.279 0.14 ]
 [0.364 0.121 0.364 0.152]]
Validation acc: 0.509090909090909
Validation class_accuracies: [0.7711267605633803, 0.23157894736842105, 0.27906976744186046, 0.15151515151515152]
Validation sensitivity: 0.22932330827067668
Validation specificity: 0.7711267605633803
Validation icbhi_score: 0.5002250344170285
Validation roc_auc: None
Validation avg_accuracy: 0.35832265672220337
Validation one_indexed_epoch: 33
156/156 - 191s - loss: 0.4169 - accuracy: 0.8014 - 191s/epoch - 1s/step
Epoch 34/100
Validation cm: [[210  68   3   3]
 [124  64   0   2]
 [ 27   5   8   3]
 [ 17   6   7   3]]
Validation normalized_cm: [[0.739 0.239 0.011 0.011]
 [0.653 0.337 0.    0.011]
 [0.628 0.116 0.186 0.07 ]
 [0.515 0.182 0.212 0.091]]
Validation acc: 0.5181818181818182
Validation class_accuracies: [0.7394366197183099, 0.3368421052631579, 0.18604651162790697, 0.09090909090909091]
Validation sensitivity: 0.2819548872180451
Validation specificity: 0.7394366197183099
Validation icbhi_score: 0.5106957534681775
Validation roc_auc: None
Validation avg_accuracy: 0.33830858187961643
Validation one_indexed_epoch: 34
-- New best results were achieved. --
156/156 - 191s - loss: 0.4014 - accuracy: 0.8146 - 191s/epoch - 1s/step
Epoch 35/100
Validation cm: [[100 167   4  13]
 [ 48 129   0  13]
 [ 14   9   7  13]
 [  6  11  11   5]]
Validation normalized_cm: [[0.352 0.588 0.014 0.046]
 [0.253 0.679 0.    0.068]
 [0.326 0.209 0.163 0.302]
 [0.182 0.333 0.333 0.152]]
Validation acc: 0.4381818181818182
Validation class_accuracies: [0.352112676056338, 0.6789473684210526, 0.16279069767441862, 0.15151515151515152]
Validation sensitivity: 0.5300751879699248
Validation specificity: 0.352112676056338
Validation icbhi_score: 0.4410939320131314
Validation roc_auc: None
Validation avg_accuracy: 0.33634147341674026
Validation one_indexed_epoch: 35
156/156 - 192s - loss: 0.4044 - accuracy: 0.8046 - 192s/epoch - 1s/step
Epoch 36/100
Validation cm: [[186  93   3   2]
 [108  80   0   2]
 [ 29   5   4   5]
 [ 19   5   6   3]]
Validation normalized_cm: [[0.655 0.327 0.011 0.007]
 [0.568 0.421 0.    0.011]
 [0.674 0.116 0.093 0.116]
 [0.576 0.152 0.182 0.091]]
Validation acc: 0.49636363636363634
Validation class_accuracies: [0.6549295774647887, 0.42105263157894735, 0.09302325581395349, 0.09090909090909091]
Validation sensitivity: 0.32706766917293234
Validation specificity: 0.6549295774647887
Validation icbhi_score: 0.49099862331886057
Validation roc_auc: None
Validation avg_accuracy: 0.3149786389416951
Validation one_indexed_epoch: 36
156/156 - 189s - loss: 0.3835 - accuracy: 0.8118 - 189s/epoch - 1s/step
Epoch 37/100
Validation cm: [[172 100   5   7]
 [102  83   0   5]
 [ 22   3  11   7]
 [  7   6  15   5]]
Validation normalized_cm: [[0.606 0.352 0.018 0.025]
 [0.537 0.437 0.    0.026]
 [0.512 0.07  0.256 0.163]
 [0.212 0.182 0.455 0.152]]
Validation acc: 0.49272727272727274
Validation class_accuracies: [0.6056338028169014, 0.4368421052631579, 0.2558139534883721, 0.15151515151515152]
Validation sensitivity: 0.37218045112781956
Validation specificity: 0.6056338028169014
Validation icbhi_score: 0.4889071269723605
Validation roc_auc: None
Validation avg_accuracy: 0.3624512532708957
Validation one_indexed_epoch: 37
156/156 - 187s - loss: 0.3796 - accuracy: 0.8222 - 187s/epoch - 1s/step
Epoch 38/100
Validation cm: [[205  58   9  12]
 [138  43   3   6]
 [ 21   2  15   5]
 [ 10   5  12   6]]
Validation normalized_cm: [[0.722 0.204 0.032 0.042]
 [0.726 0.226 0.016 0.032]
 [0.488 0.047 0.349 0.116]
 [0.303 0.152 0.364 0.182]]
Validation acc: 0.4890909090909091
Validation class_accuracies: [0.721830985915493, 0.22631578947368422, 0.3488372093023256, 0.18181818181818182]
Validation sensitivity: 0.24060150375939848
Validation specificity: 0.721830985915493
Validation icbhi_score: 0.48121624483744574
Validation roc_auc: None
Validation avg_accuracy: 0.36970054162742116
Validation one_indexed_epoch: 38
156/156 - 188s - loss: 0.3788 - accuracy: 0.8178 - 188s/epoch - 1s/step
Epoch 39/100
Validation cm: [[254  26   3   1]
 [160  27   0   3]
 [ 26   1  12   4]
 [ 19   0  11   3]]
Validation normalized_cm: [[0.894 0.092 0.011 0.004]
 [0.842 0.142 0.    0.016]
 [0.605 0.023 0.279 0.093]
 [0.576 0.    0.333 0.091]]
Validation acc: 0.5381818181818182
Validation class_accuracies: [0.8943661971830986, 0.14210526315789473, 0.27906976744186046, 0.09090909090909091]
Validation sensitivity: 0.15789473684210525
Validation specificity: 0.8943661971830986
Validation icbhi_score: 0.5261304670126019
Validation roc_auc: None
Validation avg_accuracy: 0.3516125796729862
Validation one_indexed_epoch: 39
-- New best results were achieved. --
156/156 - 187s - loss: 0.3713 - accuracy: 0.8198 - 187s/epoch - 1s/step
Epoch 40/100
Validation cm: [[121 157   3   3]
 [ 56 129   0   5]
 [ 15   9  11   8]
 [  4  13  12   4]]
Validation normalized_cm: [[0.426 0.553 0.011 0.011]
 [0.295 0.679 0.    0.026]
 [0.349 0.209 0.256 0.186]
 [0.121 0.394 0.364 0.121]]
Validation acc: 0.4818181818181818
Validation class_accuracies: [0.426056338028169, 0.6789473684210526, 0.2558139534883721, 0.12121212121212122]
Validation sensitivity: 0.5413533834586466
Validation specificity: 0.426056338028169
Validation icbhi_score: 0.4837048607434078
Validation roc_auc: None
Validation avg_accuracy: 0.37050744528742874
Validation one_indexed_epoch: 40
156/156 - 191s - loss: 0.3624 - accuracy: 0.8194 - 191s/epoch - 1s/step
Epoch 41/100
Validation cm: [[249  24   6   5]
 [153  30   3   4]
 [ 23   0  11   9]
 [ 15   0  14   4]]
Validation normalized_cm: [[0.877 0.085 0.021 0.018]
 [0.805 0.158 0.016 0.021]
 [0.535 0.    0.256 0.209]
 [0.455 0.    0.424 0.121]]
Validation acc: 0.5345454545454545
Validation class_accuracies: [0.8767605633802817, 0.15789473684210525, 0.2558139534883721, 0.12121212121212122]
Validation sensitivity: 0.16917293233082706
Validation specificity: 0.8767605633802817
Validation icbhi_score: 0.5229667478555544
Validation roc_auc: None
Validation avg_accuracy: 0.3529203437307201
Validation one_indexed_epoch: 41
156/156 - 192s - loss: 0.3361 - accuracy: 0.8299 - 192s/epoch - 1s/step
Epoch 42/100
Validation cm: [[186  94   2   2]
 [107  82   0   1]
 [ 26   5   8   4]
 [ 13  11   5   4]]
Validation normalized_cm: [[0.655 0.331 0.007 0.007]
 [0.563 0.432 0.    0.005]
 [0.605 0.116 0.186 0.093]
 [0.394 0.333 0.152 0.121]]
Validation acc: 0.509090909090909
Validation class_accuracies: [0.6549295774647887, 0.43157894736842106, 0.18604651162790697, 0.12121212121212122]
Validation sensitivity: 0.3533834586466165
Validation specificity: 0.6549295774647887
Validation icbhi_score: 0.5041565180557026
Validation roc_auc: None
Validation avg_accuracy: 0.3484417894183095
Validation one_indexed_epoch: 42
156/156 - 191s - loss: 0.3429 - accuracy: 0.8258 - 191s/epoch - 1s/step
Epoch 43/100
Validation cm: [[195  81   4   4]
 [102  81   3   4]
 [ 25   2  11   5]
 [  8   7  13   5]]
Validation normalized_cm: [[0.687 0.285 0.014 0.014]
 [0.537 0.426 0.016 0.021]
 [0.581 0.047 0.256 0.116]
 [0.242 0.212 0.394 0.152]]
Validation acc: 0.5309090909090909
Validation class_accuracies: [0.6866197183098591, 0.4263157894736842, 0.2558139534883721, 0.15151515151515152]
Validation sensitivity: 0.36466165413533835
Validation specificity: 0.6866197183098591
Validation icbhi_score: 0.5256406862225987
Validation roc_auc: None
Validation avg_accuracy: 0.3800661531967668
Validation one_indexed_epoch: 43
156/156 - 191s - loss: 0.3335 - accuracy: 0.8303 - 191s/epoch - 1s/step
Epoch 44/100
Validation cm: [[251  27   6   0]
 [159  28   0   3]
 [ 33   3   5   2]
 [ 14   7  10   2]]
Validation normalized_cm: [[0.884 0.095 0.021 0.   ]
 [0.837 0.147 0.    0.016]
 [0.767 0.07  0.116 0.047]
 [0.424 0.212 0.303 0.061]]
Validation acc: 0.52
Validation class_accuracies: [0.8838028169014085, 0.14736842105263157, 0.11627906976744186, 0.06060606060606061]
Validation sensitivity: 0.13157894736842105
Validation specificity: 0.8838028169014085
Validation icbhi_score: 0.5076908821349148
Validation roc_auc: None
Validation avg_accuracy: 0.3020140920818856
Validation one_indexed_epoch: 44
156/156 - 191s - loss: 0.3335 - accuracy: 0.8242 - 191s/epoch - 1s/step
Epoch 45/100
Validation cm: [[193  81   6   4]
 [ 99  85   2   4]
 [ 21   2  15   5]
 [ 13   1  17   2]]
Validation normalized_cm: [[0.68  0.285 0.021 0.014]
 [0.521 0.447 0.011 0.021]
 [0.488 0.047 0.349 0.116]
 [0.394 0.03  0.515 0.061]]
Validation acc: 0.5363636363636364
Validation class_accuracies: [0.6795774647887324, 0.4473684210526316, 0.3488372093023256, 0.06060606060606061]
Validation sensitivity: 0.38345864661654133
Validation specificity: 0.6795774647887324
Validation icbhi_score: 0.5315180557026369
Validation roc_auc: None
Validation avg_accuracy: 0.3840972889374375
Validation one_indexed_epoch: 45
-- New best results were achieved. --
156/156 - 192s - loss: 0.3225 - accuracy: 0.8242 - 192s/epoch - 1s/step
Epoch 46/100
Validation cm: [[157 121   4   2]
 [ 71 116   0   3]
 [ 18   8  11   6]
 [  5  10  12   6]]
Validation normalized_cm: [[0.553 0.426 0.014 0.007]
 [0.374 0.611 0.    0.016]
 [0.419 0.186 0.256 0.14 ]
 [0.152 0.303 0.364 0.182]]
Validation acc: 0.5272727272727272
Validation class_accuracies: [0.5528169014084507, 0.6105263157894737, 0.2558139534883721, 0.18181818181818182]
Validation sensitivity: 0.5
Validation specificity: 0.5528169014084507
Validation icbhi_score: 0.5264084507042254
Validation roc_auc: None
Validation avg_accuracy: 0.4002438381261196
Validation one_indexed_epoch: 46
