Tensorflow Version: 2.8.0
Num GPUs Available:  1
Collecting Variables...
All variables have been collected.
../cache/
cw
train104
Description: 4 classes cw with weights and chaging <= clause inside AudioPreparer
-----------------------
Job id is 1.
- Loading Icbhi.
725 Icbhi audios have been loaded.
- Preparing Icbhi.
112 Icbhi groups of audio chunks (by filename or patients) have been prepared.
--- Samples are being split into training/val groups and de-grouped by patient ---
--- Icbhi training dataset went from 0 to 2492 elements, with 954 none's, 810 crakles, 344 wheezes and 340 both ---
--- Icbhi Validation dataset contains 550 elements, with 282 none, 189 crackles, 43 wheezes and 33 both ---
0
0
0
0
-----------------------
--- Final training dataset went from 0 to 2492 elements, with 954 none's, 810 crakles, 344 wheezes and 340 both ---
--- Final Validation dataset contains 550 elements, with 282 none, 189 crackles, 43 wheezes and 33 both ---
Initializing weights...
weights = {0: 0.6344195519348269, 1: 0.7662976629766297, 2: 1.7698863636363635, 3: 1.8057971014492753}
Model: "leaf_model9_model_103"
______________________________________________________________________________________________________________
 Layer (type)                                    Output Shape                                Param #          
==============================================================================================================
 leaf (Leaf)                                     multiple                                    560              
                                                                                                              
 mel_filterbanks (MelFilterbanks)                multiple                                    0 (unused)       
                                                                                                              
 sincnet (SincNet)                               multiple                                    0 (unused)       
                                                                                                              
 sequential (Sequential)                         (None, 80, 250, 1)                          4                
                                                                                                              
 sequential_1 (Sequential)                       (None, 80, 250, 16)                         2352             
                                                                                                              
 sequential_2 (Sequential)                       (None, 80, 250, 16)                         6448             
                                                                                                              
 sequential_3 (Sequential)                       (None, 80, 250, 16)                         32               
                                                                                                              
 concatenate (Concatenate)                       multiple                                    0                
                                                                                                              
 sequential_4 (Sequential)                       (None, 7, 1024)                             6191296          
                                                                                                              
 sequential_5 (Sequential)                       (None, 700)                                 570468           
                                                                                                              
 dense_1 (Dense)                                 multiple                                    1402             
                                                                                                              
==============================================================================================================
Total params: 6,772,722
Trainable params: 6,731,216
Non-trainable params: 41,506
______________________________________________________________________________________________________________
Target metric is icbhi_score
Epoch 1/100
Validation cm: [[284   0   0   0]
 [190   0   0   0]
 [ 43   0   0   0]
 [ 33   0   0   0]]
Validation normalized_cm: [[1. 0. 0. 0.]
 [1. 0. 0. 0.]
 [1. 0. 0. 0.]
 [1. 0. 0. 0.]]
Validation acc: 0.5163636363636364
Validation class_accuracies: [1.0, 0.0, 0.0, 0.0]
Validation sensitivity: 0.0
Validation specificity: 1.0
Validation icbhi_score: 0.5
Validation roc_auc: None
Validation avg_accuracy: 0.25
Validation one_indexed_epoch: 1
-- New best results were achieved. --
78/78 - 175s - loss: 0.7353 - accuracy: 0.5136 - 175s/epoch - 2s/step
Epoch 2/100
Validation cm: [[284   0   0   0]
 [190   0   0   0]
 [ 43   0   0   0]
 [ 33   0   0   0]]
Validation normalized_cm: [[1. 0. 0. 0.]
 [1. 0. 0. 0.]
 [1. 0. 0. 0.]
 [1. 0. 0. 0.]]
Validation acc: 0.5163636363636364
Validation class_accuracies: [1.0, 0.0, 0.0, 0.0]
Validation sensitivity: 0.0
Validation specificity: 1.0
Validation icbhi_score: 0.5
Validation roc_auc: None
Validation avg_accuracy: 0.25
Validation one_indexed_epoch: 2
78/78 - 153s - loss: 0.6664 - accuracy: 0.6942 - 153s/epoch - 2s/step
Epoch 3/100
Validation cm: [[284   0   0   0]
 [190   0   0   0]
 [ 43   0   0   0]
 [ 33   0   0   0]]
Validation normalized_cm: [[1. 0. 0. 0.]
 [1. 0. 0. 0.]
 [1. 0. 0. 0.]
 [1. 0. 0. 0.]]
Validation acc: 0.5163636363636364
Validation class_accuracies: [1.0, 0.0, 0.0, 0.0]
Validation sensitivity: 0.0
Validation specificity: 1.0
Validation icbhi_score: 0.5
Validation roc_auc: None
Validation avg_accuracy: 0.25
Validation one_indexed_epoch: 3
78/78 - 152s - loss: 0.6428 - accuracy: 0.7356 - 152s/epoch - 2s/step
Epoch 4/100
Validation cm: [[  0 284   0   0]
 [  0 190   0   0]
 [  0  43   0   0]
 [  0  33   0   0]]
Validation normalized_cm: [[0. 1. 0. 0.]
 [0. 1. 0. 0.]
 [0. 1. 0. 0.]
 [0. 1. 0. 0.]]
Validation acc: 0.34545454545454546
Validation class_accuracies: [0.0, 1.0, 0.0, 0.0]
Validation sensitivity: 0.7142857142857143
Validation specificity: 0.0
Validation icbhi_score: 0.35714285714285715
Validation roc_auc: None
Validation avg_accuracy: 0.25
Validation one_indexed_epoch: 4
78/78 - 153s - loss: 0.6262 - accuracy: 0.6998 - 153s/epoch - 2s/step
Epoch 5/100
Validation cm: [[  0 284   0   0]
 [  0 190   0   0]
 [  0  43   0   0]
 [  0  33   0   0]]
Validation normalized_cm: [[0. 1. 0. 0.]
 [0. 1. 0. 0.]
 [0. 1. 0. 0.]
 [0. 1. 0. 0.]]
Validation acc: 0.34545454545454546
Validation class_accuracies: [0.0, 1.0, 0.0, 0.0]
Validation sensitivity: 0.7142857142857143
Validation specificity: 0.0
Validation icbhi_score: 0.35714285714285715
Validation roc_auc: None
Validation avg_accuracy: 0.25
Validation one_indexed_epoch: 5
78/78 - 155s - loss: 0.6072 - accuracy: 0.7504 - 155s/epoch - 2s/step
Epoch 6/100
Validation cm: [[  0 284   0   0]
 [  0 190   0   0]
 [  0  43   0   0]
 [  0  33   0   0]]
Validation normalized_cm: [[0. 1. 0. 0.]
 [0. 1. 0. 0.]
 [0. 1. 0. 0.]
 [0. 1. 0. 0.]]
Validation acc: 0.34545454545454546
Validation class_accuracies: [0.0, 1.0, 0.0, 0.0]
Validation sensitivity: 0.7142857142857143
Validation specificity: 0.0
Validation icbhi_score: 0.35714285714285715
Validation roc_auc: None
Validation avg_accuracy: 0.25
Validation one_indexed_epoch: 6
78/78 - 154s - loss: 0.5993 - accuracy: 0.7436 - 154s/epoch - 2s/step
Epoch 7/100
Validation cm: [[  0 284   0   0]
 [  0 190   0   0]
 [  0  43   0   0]
 [  0  33   0   0]]
Validation normalized_cm: [[0. 1. 0. 0.]
 [0. 1. 0. 0.]
 [0. 1. 0. 0.]
 [0. 1. 0. 0.]]
Validation acc: 0.34545454545454546
Validation class_accuracies: [0.0, 1.0, 0.0, 0.0]
Validation sensitivity: 0.7142857142857143
Validation specificity: 0.0
Validation icbhi_score: 0.35714285714285715
Validation roc_auc: None
Validation avg_accuracy: 0.25
Validation one_indexed_epoch: 7
78/78 - 152s - loss: 0.5815 - accuracy: 0.7380 - 152s/epoch - 2s/step
Epoch 8/100
Validation cm: [[  0 282   2   0]
 [  0 190   0   0]
 [  0  42   0   1]
 [  0  29   3   1]]
Validation normalized_cm: [[0.    0.993 0.007 0.   ]
 [0.    1.    0.    0.   ]
 [0.    0.977 0.    0.023]
 [0.    0.879 0.091 0.03 ]]
Validation acc: 0.3472727272727273
Validation class_accuracies: [0.0, 1.0, 0.0, 0.030303030303030304]
Validation sensitivity: 0.7180451127819549
Validation specificity: 0.0
Validation icbhi_score: 0.35902255639097747
Validation roc_auc: None
Validation avg_accuracy: 0.25757575757575757
Validation one_indexed_epoch: 8
78/78 - 153s - loss: 0.5809 - accuracy: 0.7408 - 153s/epoch - 2s/step
Epoch 9/100
Validation cm: [[  0 282   2   0]
 [  0 190   0   0]
 [  0  39   0   4]
 [  1  29   2   1]]
Validation normalized_cm: [[0.    0.993 0.007 0.   ]
 [0.    1.    0.    0.   ]
 [0.    0.907 0.    0.093]
 [0.03  0.879 0.061 0.03 ]]
Validation acc: 0.3472727272727273
Validation class_accuracies: [0.0, 1.0, 0.0, 0.030303030303030304]
Validation sensitivity: 0.7180451127819549
Validation specificity: 0.0
Validation icbhi_score: 0.35902255639097747
Validation roc_auc: None
Validation avg_accuracy: 0.25757575757575757
Validation one_indexed_epoch: 9
78/78 - 151s - loss: 0.5677 - accuracy: 0.7504 - 151s/epoch - 2s/step
Epoch 10/100
Validation cm: [[  0 280   2   2]
 [  0 190   0   0]
 [  2  25   8   8]
 [  0  12  19   2]]
Validation normalized_cm: [[0.    0.986 0.007 0.007]
 [0.    1.    0.    0.   ]
 [0.047 0.581 0.186 0.186]
 [0.    0.364 0.576 0.061]]
Validation acc: 0.36363636363636365
Validation class_accuracies: [0.0, 1.0, 0.18604651162790697, 0.06060606060606061]
Validation sensitivity: 0.7518796992481203
Validation specificity: 0.0
Validation icbhi_score: 0.37593984962406013
Validation roc_auc: None
Validation avg_accuracy: 0.31166314305849185
Validation one_indexed_epoch: 10
78/78 - 154s - loss: 0.5646 - accuracy: 0.7697 - 154s/epoch - 2s/step
Epoch 11/100
Validation cm: [[ 10 233   7  34]
 [  4 171   2  13]
 [  0   8  12  23]
 [  3   5  12  13]]
Validation normalized_cm: [[0.035 0.82  0.025 0.12 ]
 [0.021 0.9   0.011 0.068]
 [0.    0.186 0.279 0.535]
 [0.091 0.152 0.364 0.394]]
Validation acc: 0.37454545454545457
Validation class_accuracies: [0.035211267605633804, 0.9, 0.27906976744186046, 0.3939393939393939]
Validation sensitivity: 0.7368421052631579
Validation specificity: 0.035211267605633804
Validation icbhi_score: 0.3860266864343958
Validation roc_auc: None
Validation avg_accuracy: 0.402055107246722
Validation one_indexed_epoch: 11
78/78 - 151s - loss: 0.5526 - accuracy: 0.7576 - 151s/epoch - 2s/step
Epoch 12/100
Validation cm: [[  8 270   2   4]
 [  8 181   0   1]
 [  5  19   4  15]
 [  3   8   9  13]]
Validation normalized_cm: [[0.028 0.951 0.007 0.014]
 [0.042 0.953 0.    0.005]
 [0.116 0.442 0.093 0.349]
 [0.091 0.242 0.273 0.394]]
Validation acc: 0.37454545454545457
Validation class_accuracies: [0.028169014084507043, 0.9526315789473684, 0.09302325581395349, 0.3939393939393939]
Validation sensitivity: 0.7443609022556391
Validation specificity: 0.028169014084507043
Validation icbhi_score: 0.38626495817007306
Validation roc_auc: None
Validation avg_accuracy: 0.3669408106963057
Validation one_indexed_epoch: 12
78/78 - 153s - loss: 0.5507 - accuracy: 0.7532 - 153s/epoch - 2s/step
Epoch 13/100
Validation cm: [[ 15 237  11  21]
 [  8 169   4   9]
 [  2  15  11  15]
 [  1  10   6  16]]
Validation normalized_cm: [[0.053 0.835 0.039 0.074]
 [0.042 0.889 0.021 0.047]
 [0.047 0.349 0.256 0.349]
 [0.03  0.303 0.182 0.485]]
Validation acc: 0.3836363636363636
Validation class_accuracies: [0.0528169014084507, 0.8894736842105263, 0.2558139534883721, 0.48484848484848486]
Validation sensitivity: 0.7368421052631579
Validation specificity: 0.0528169014084507
Validation icbhi_score: 0.3948295033358043
Validation roc_auc: None
Validation avg_accuracy: 0.42073825598895853
Validation one_indexed_epoch: 13
78/78 - 152s - loss: 0.5336 - accuracy: 0.7616 - 152s/epoch - 2s/step
Epoch 14/100
Validation cm: [[  2 273   3   6]
 [  2 187   0   1]
 [  1  29   3  10]
 [  4  22   5   2]]
Validation normalized_cm: [[0.007 0.961 0.011 0.021]
 [0.011 0.984 0.    0.005]
 [0.023 0.674 0.07  0.233]
 [0.121 0.667 0.152 0.061]]
Validation acc: 0.3527272727272727
Validation class_accuracies: [0.007042253521126761, 0.9842105263157894, 0.06976744186046512, 0.06060606060606061]
Validation sensitivity: 0.7218045112781954
Validation specificity: 0.007042253521126761
Validation icbhi_score: 0.3644233823996611
Validation roc_auc: None
Validation avg_accuracy: 0.28040657057586044
Validation one_indexed_epoch: 14
78/78 - 151s - loss: 0.5233 - accuracy: 0.7657 - 151s/epoch - 2s/step
Epoch 15/100
Validation cm: [[  6 253   9  16]
 [  4 172   3  11]
 [  4  12  12  15]
 [  1   7  16   9]]
Validation normalized_cm: [[0.021 0.891 0.032 0.056]
 [0.021 0.905 0.016 0.058]
 [0.093 0.279 0.279 0.349]
 [0.03  0.212 0.485 0.273]]
Validation acc: 0.3618181818181818
Validation class_accuracies: [0.02112676056338028, 0.9052631578947369, 0.27906976744186046, 0.2727272727272727]
Validation sensitivity: 0.7255639097744361
Validation specificity: 0.02112676056338028
Validation icbhi_score: 0.37334533516890817
Validation roc_auc: None
Validation avg_accuracy: 0.36954673965681256
Validation one_indexed_epoch: 15
78/78 - 151s - loss: 0.5172 - accuracy: 0.7701 - 151s/epoch - 2s/step
Epoch 16/100
Validation cm: [[100 165   5  14]
 [ 34 149   2   5]
 [ 11  11   7  14]
 [  7   5  14   7]]
Validation normalized_cm: [[0.352 0.581 0.018 0.049]
 [0.179 0.784 0.011 0.026]
 [0.256 0.256 0.163 0.326]
 [0.212 0.152 0.424 0.212]]
Validation acc: 0.4781818181818182
Validation class_accuracies: [0.352112676056338, 0.7842105263157895, 0.16279069767441862, 0.21212121212121213]
Validation sensitivity: 0.6127819548872181
Validation specificity: 0.352112676056338
Validation icbhi_score: 0.48244731547177805
Validation roc_auc: None
Validation avg_accuracy: 0.3778087780419396
Validation one_indexed_epoch: 16
78/78 - 153s - loss: 0.5073 - accuracy: 0.7673 - 153s/epoch - 2s/step
Epoch 17/100
Validation cm: [[ 41 198  18  27]
 [ 11 160   8  11]
 [  3  13  15  12]
 [  4   4  20   5]]
Validation normalized_cm: [[0.144 0.697 0.063 0.095]
 [0.058 0.842 0.042 0.058]
 [0.07  0.302 0.349 0.279]
 [0.121 0.121 0.606 0.152]]
Validation acc: 0.4018181818181818
Validation class_accuracies: [0.1443661971830986, 0.8421052631578947, 0.3488372093023256, 0.15151515151515152]
Validation sensitivity: 0.6766917293233082
Validation specificity: 0.1443661971830986
Validation icbhi_score: 0.4105289632532034
Validation roc_auc: None
Validation avg_accuracy: 0.37170595528961764
Validation one_indexed_epoch: 17
78/78 - 153s - loss: 0.5038 - accuracy: 0.7568 - 153s/epoch - 2s/step
Epoch 18/100
Validation cm: [[ 64 208   4   8]
 [ 16 170   1   3]
 [  9  18   2  14]
 [ 10  10   8   5]]
Validation normalized_cm: [[0.225 0.732 0.014 0.028]
 [0.084 0.895 0.005 0.016]
 [0.209 0.419 0.047 0.326]
 [0.303 0.303 0.242 0.152]]
Validation acc: 0.4381818181818182
Validation class_accuracies: [0.22535211267605634, 0.8947368421052632, 0.046511627906976744, 0.15151515151515152]
Validation sensitivity: 0.6654135338345865
Validation specificity: 0.22535211267605634
Validation icbhi_score: 0.4453828232553214
Validation roc_auc: None
Validation avg_accuracy: 0.329528933550862
Validation one_indexed_epoch: 18
78/78 - 153s - loss: 0.4812 - accuracy: 0.7809 - 153s/epoch - 2s/step
Epoch 19/100
Validation cm: [[ 39 238   3   4]
 [ 18 169   0   3]
 [  8  13   8  14]
 [  4   7  14   8]]
Validation normalized_cm: [[0.137 0.838 0.011 0.014]
 [0.095 0.889 0.    0.016]
 [0.186 0.302 0.186 0.326]
 [0.121 0.212 0.424 0.242]]
Validation acc: 0.4072727272727273
Validation class_accuracies: [0.13732394366197184, 0.8894736842105263, 0.18604651162790697, 0.24242424242424243]
Validation sensitivity: 0.6954887218045113
Validation specificity: 0.13732394366197184
Validation icbhi_score: 0.41640633273324157
Validation roc_auc: None
Validation avg_accuracy: 0.36381709548116187
Validation one_indexed_epoch: 19
78/78 - 143s - loss: 0.4787 - accuracy: 0.7636 - 143s/epoch - 2s/step
Epoch 20/100
Validation cm: [[140 139   4   1]
 [ 54 136   0   0]
 [ 21   7   7   8]
 [ 14   5  10   4]]
Validation normalized_cm: [[0.493 0.489 0.014 0.004]
 [0.284 0.716 0.    0.   ]
 [0.488 0.163 0.163 0.186]
 [0.424 0.152 0.303 0.121]]
Validation acc: 0.5218181818181818
Validation class_accuracies: [0.49295774647887325, 0.7157894736842105, 0.16279069767441862, 0.12121212121212122]
Validation sensitivity: 0.5526315789473685
Validation specificity: 0.49295774647887325
Validation icbhi_score: 0.5227946627131208
Validation roc_auc: None
Validation avg_accuracy: 0.3731875097624059
Validation one_indexed_epoch: 20
-- New best results were achieved. --
78/78 - 151s - loss: 0.4643 - accuracy: 0.7937 - 151s/epoch - 2s/step
Epoch 21/100
Validation cm: [[120 159   4   1]
 [ 52 138   0   0]
 [ 17  12   8   6]
 [ 14   8   9   2]]
Validation normalized_cm: [[0.423 0.56  0.014 0.004]
 [0.274 0.726 0.    0.   ]
 [0.395 0.279 0.186 0.14 ]
 [0.424 0.242 0.273 0.061]]
Validation acc: 0.48727272727272725
Validation class_accuracies: [0.4225352112676056, 0.7263157894736842, 0.18604651162790697, 0.06060606060606061]
Validation sensitivity: 0.556390977443609
Validation specificity: 0.4225352112676056
Validation icbhi_score: 0.4894630943556073
Validation roc_auc: None
Validation avg_accuracy: 0.3488758932438143
Validation one_indexed_epoch: 21
78/78 - 151s - loss: 0.4435 - accuracy: 0.7749 - 151s/epoch - 2s/step
Epoch 22/100
Validation cm: [[143 131   6   4]
 [ 62 123   3   2]
 [ 17   8   8  10]
 [ 16   3  10   4]]
Validation normalized_cm: [[0.504 0.461 0.021 0.014]
 [0.326 0.647 0.016 0.011]
 [0.395 0.186 0.186 0.233]
 [0.485 0.091 0.303 0.121]]
Validation acc: 0.5054545454545455
Validation class_accuracies: [0.5035211267605634, 0.6473684210526316, 0.18604651162790697, 0.12121212121212122]
Validation sensitivity: 0.5075187969924813
Validation specificity: 0.5035211267605634
Validation icbhi_score: 0.5055199618765223
Validation roc_auc: None
Validation avg_accuracy: 0.36453704516330576
Validation one_indexed_epoch: 22
78/78 - 152s - loss: 0.4463 - accuracy: 0.7669 - 152s/epoch - 2s/step
Epoch 23/100
Validation cm: [[152 129   3   0]
 [ 77 113   0   0]
 [ 18  11   6   8]
 [ 12   7   9   5]]
Validation normalized_cm: [[0.535 0.454 0.011 0.   ]
 [0.405 0.595 0.    0.   ]
 [0.419 0.256 0.14  0.186]
 [0.364 0.212 0.273 0.152]]
Validation acc: 0.5018181818181818
Validation class_accuracies: [0.5352112676056338, 0.5947368421052631, 0.13953488372093023, 0.15151515151515152]
Validation sensitivity: 0.46616541353383456
Validation specificity: 0.5352112676056338
Validation icbhi_score: 0.5006883405697342
Validation roc_auc: None
Validation avg_accuracy: 0.3552495362367447
Validation one_indexed_epoch: 23
78/78 - 153s - loss: 0.4211 - accuracy: 0.7905 - 153s/epoch - 2s/step
Epoch 24/100
Validation cm: [[186  96   2   0]
 [ 88 101   0   1]
 [ 26   9   3   5]
 [ 15   8   7   3]]
Validation normalized_cm: [[0.655 0.338 0.007 0.   ]
 [0.463 0.532 0.    0.005]
 [0.605 0.209 0.07  0.116]
 [0.455 0.242 0.212 0.091]]
Validation acc: 0.5327272727272727
Validation class_accuracies: [0.6549295774647887, 0.531578947368421, 0.06976744186046512, 0.09090909090909091]
Validation sensitivity: 0.40225563909774437
Validation specificity: 0.6549295774647887
Validation icbhi_score: 0.5285926082812665
Validation roc_auc: None
Validation avg_accuracy: 0.3367962644006914
Validation one_indexed_epoch: 24
-- New best results were achieved. --
78/78 - 152s - loss: 0.4166 - accuracy: 0.7925 - 152s/epoch - 2s/step
Epoch 25/100
Validation cm: [[242  39   3   0]
 [115  74   1   0]
 [ 25   3   9   6]
 [ 16   3  12   2]]
Validation normalized_cm: [[0.852 0.137 0.011 0.   ]
 [0.605 0.389 0.005 0.   ]
 [0.581 0.07  0.209 0.14 ]
 [0.485 0.091 0.364 0.061]]
Validation acc: 0.5945454545454546
Validation class_accuracies: [0.852112676056338, 0.3894736842105263, 0.20930232558139536, 0.06060606060606061]
Validation sensitivity: 0.31954887218045114
Validation specificity: 0.852112676056338
Validation icbhi_score: 0.5858307741183946
Validation roc_auc: None
Validation avg_accuracy: 0.37787368661358
Validation one_indexed_epoch: 25
-- New best results were achieved. --
78/78 - 147s - loss: 0.4034 - accuracy: 0.7978 - 147s/epoch - 2s/step
Epoch 26/100
Validation cm: [[231  45   7   1]
 [114  74   2   0]
 [ 21   3  10   9]
 [ 13   4  10   6]]
Validation normalized_cm: [[0.813 0.158 0.025 0.004]
 [0.6   0.389 0.011 0.   ]
 [0.488 0.07  0.233 0.209]
 [0.394 0.121 0.303 0.182]]
Validation acc: 0.5836363636363636
Validation class_accuracies: [0.8133802816901409, 0.3894736842105263, 0.23255813953488372, 0.18181818181818182]
Validation sensitivity: 0.3383458646616541
Validation specificity: 0.8133802816901409
Validation icbhi_score: 0.5758630731758975
Validation roc_auc: None
Validation avg_accuracy: 0.4043075718134332
Validation one_indexed_epoch: 26
78/78 - 136s - loss: 0.3839 - accuracy: 0.8022 - 136s/epoch - 2s/step
Epoch 27/100
Validation cm: [[196  83   5   0]
 [ 91  98   1   0]
 [ 21   5   9   8]
 [ 14   4  11   4]]
Validation normalized_cm: [[0.69  0.292 0.018 0.   ]
 [0.479 0.516 0.005 0.   ]
 [0.488 0.116 0.209 0.186]
 [0.424 0.121 0.333 0.121]]
Validation acc: 0.5581818181818182
Validation class_accuracies: [0.6901408450704225, 0.5157894736842106, 0.20930232558139536, 0.12121212121212122]
Validation sensitivity: 0.41729323308270677
Validation specificity: 0.6901408450704225
Validation icbhi_score: 0.5537170390765647
Validation roc_auc: None
Validation avg_accuracy: 0.3841111913870374
Validation one_indexed_epoch: 27
78/78 - 137s - loss: 0.3851 - accuracy: 0.8014 - 137s/epoch - 2s/step
Epoch 28/100
Validation cm: [[260  16   7   1]
 [131  58   1   0]
 [ 27   1  11   4]
 [ 17   3  13   0]]
Validation normalized_cm: [[0.915 0.056 0.025 0.004]
 [0.689 0.305 0.005 0.   ]
 [0.628 0.023 0.256 0.093]
 [0.515 0.091 0.394 0.   ]]
Validation acc: 0.5981818181818181
Validation class_accuracies: [0.9154929577464789, 0.30526315789473685, 0.2558139534883721, 0.0]
Validation sensitivity: 0.2593984962406015
Validation specificity: 0.9154929577464789
Validation icbhi_score: 0.5874457269935403
Validation roc_auc: None
Validation avg_accuracy: 0.36914251728239694
Validation one_indexed_epoch: 28
-- New best results were achieved. --
78/78 - 136s - loss: 0.3681 - accuracy: 0.8162 - 136s/epoch - 2s/step
Epoch 29/100
Validation cm: [[233  39   9   3]
 [121  65   3   1]
 [ 25   2  11   5]
 [ 10   5  18   0]]
Validation normalized_cm: [[0.82  0.137 0.032 0.011]
 [0.637 0.342 0.016 0.005]
 [0.581 0.047 0.256 0.116]
 [0.303 0.152 0.545 0.   ]]
Validation acc: 0.5618181818181818
Validation class_accuracies: [0.8204225352112676, 0.34210526315789475, 0.2558139534883721, 0.0]
Validation sensitivity: 0.2857142857142857
Validation specificity: 0.8204225352112676
Validation icbhi_score: 0.5530684104627767
Validation roc_auc: None
Validation avg_accuracy: 0.35458543796438363
Validation one_indexed_epoch: 29
78/78 - 135s - loss: 0.3478 - accuracy: 0.8278 - 135s/epoch - 2s/step
Epoch 30/100
Validation cm: [[240  39   5   0]
 [130  59   0   1]
 [ 26   5   7   5]
 [ 15   2  14   2]]
Validation normalized_cm: [[0.845 0.137 0.018 0.   ]
 [0.684 0.311 0.    0.005]
 [0.605 0.116 0.163 0.116]
 [0.455 0.061 0.424 0.061]]
Validation acc: 0.56
Validation class_accuracies: [0.8450704225352113, 0.3105263157894737, 0.16279069767441862, 0.06060606060606061]
Validation sensitivity: 0.2556390977443609
Validation specificity: 0.8450704225352113
Validation icbhi_score: 0.550354760139786
Validation roc_auc: None
Validation avg_accuracy: 0.34474837415129106
Validation one_indexed_epoch: 30
78/78 - 135s - loss: 0.3377 - accuracy: 0.8190 - 135s/epoch - 2s/step
Epoch 31/100
Validation cm: [[214  48  18   4]
 [113  66  10   1]
 [ 19   4  12   8]
 [ 12   1  15   5]]
Validation normalized_cm: [[0.754 0.169 0.063 0.014]
 [0.595 0.347 0.053 0.005]
 [0.442 0.093 0.279 0.186]
 [0.364 0.03  0.455 0.152]]
Validation acc: 0.54
Validation class_accuracies: [0.7535211267605634, 0.3473684210526316, 0.27906976744186046, 0.15151515151515152]
Validation sensitivity: 0.31203007518796994
Validation specificity: 0.7535211267605634
Validation icbhi_score: 0.5327756009742667
Validation roc_auc: None
Validation avg_accuracy: 0.3828686166925518
Validation one_indexed_epoch: 31
78/78 - 136s - loss: 0.3226 - accuracy: 0.8283 - 136s/epoch - 2s/step
Epoch 32/100
Validation cm: [[227  48   9   0]
 [124  61   4   1]
 [ 23   3  10   7]
 [ 14   5  11   3]]
Validation normalized_cm: [[0.799 0.169 0.032 0.   ]
 [0.653 0.321 0.021 0.005]
 [0.535 0.07  0.233 0.163]
 [0.424 0.152 0.333 0.091]]
Validation acc: 0.5472727272727272
Validation class_accuracies: [0.7992957746478874, 0.32105263157894737, 0.23255813953488372, 0.09090909090909091]
Validation sensitivity: 0.2781954887218045
Validation specificity: 0.7992957746478874
Validation icbhi_score: 0.5387456316848459
Validation roc_auc: None
Validation avg_accuracy: 0.3609539091677023
Validation one_indexed_epoch: 32
78/78 - 136s - loss: 0.3192 - accuracy: 0.8230 - 136s/epoch - 2s/step
Epoch 33/100
Validation cm: [[280   0   4   0]
 [177  13   0   0]
 [ 31   0   9   3]
 [ 22   0  11   0]]
Validation normalized_cm: [[0.986 0.    0.014 0.   ]
 [0.932 0.068 0.    0.   ]
 [0.721 0.    0.209 0.07 ]
 [0.667 0.    0.333 0.   ]]
Validation acc: 0.5490909090909091
Validation class_accuracies: [0.9859154929577465, 0.06842105263157895, 0.20930232558139536, 0.0]
Validation sensitivity: 0.08270676691729323
Validation specificity: 0.9859154929577465
Validation icbhi_score: 0.5343111299375198
Validation roc_auc: None
Validation avg_accuracy: 0.3159097177926802
Validation one_indexed_epoch: 33
78/78 - 136s - loss: 0.2931 - accuracy: 0.8307 - 136s/epoch - 2s/step
Epoch 34/100
Validation cm: [[263  11   9   1]
 [148  39   3   0]
 [ 26   1  10   6]
 [ 16   1  15   1]]
Validation normalized_cm: [[0.926 0.039 0.032 0.004]
 [0.779 0.205 0.016 0.   ]
 [0.605 0.023 0.233 0.14 ]
 [0.485 0.03  0.455 0.03 ]]
Validation acc: 0.5690909090909091
Validation class_accuracies: [0.926056338028169, 0.20526315789473684, 0.23255813953488372, 0.030303030303030304]
Validation sensitivity: 0.18796992481203006
Validation specificity: 0.926056338028169
Validation icbhi_score: 0.5570131314200996
Validation roc_auc: None
Validation avg_accuracy: 0.34854516644020495
Validation one_indexed_epoch: 34
78/78 - 136s - loss: 0.2884 - accuracy: 0.8331 - 136s/epoch - 2s/step
Epoch 35/100
Validation cm: [[228  42  14   0]
 [128  55   5   2]
 [ 20   4   9  10]
 [  4   9  12   8]]
Validation normalized_cm: [[0.803 0.148 0.049 0.   ]
 [0.674 0.289 0.026 0.011]
 [0.465 0.093 0.209 0.233]
 [0.121 0.273 0.364 0.242]]
Validation acc: 0.5454545454545454
Validation class_accuracies: [0.8028169014084507, 0.2894736842105263, 0.20930232558139536, 0.24242424242424243]
Validation sensitivity: 0.2706766917293233
Validation specificity: 0.8028169014084507
Validation icbhi_score: 0.536746796568887
Validation roc_auc: None
Validation avg_accuracy: 0.3860042884061537
Validation one_indexed_epoch: 35
78/78 - 135s - loss: 0.2754 - accuracy: 0.8359 - 135s/epoch - 2s/step
Epoch 36/100
Validation cm: [[249  25  10   0]
 [140  50   0   0]
 [ 27   2   9   5]
 [ 11   7  15   0]]
Validation normalized_cm: [[0.877 0.088 0.035 0.   ]
 [0.737 0.263 0.    0.   ]
 [0.628 0.047 0.209 0.116]
 [0.333 0.212 0.455 0.   ]]
Validation acc: 0.56
Validation class_accuracies: [0.8767605633802817, 0.2631578947368421, 0.20930232558139536, 0.0]
Validation sensitivity: 0.22180451127819548
Validation specificity: 0.8767605633802817
Validation icbhi_score: 0.5492825373292386
Validation roc_auc: None
Validation avg_accuracy: 0.33730519592462976
Validation one_indexed_epoch: 36
78/78 - 137s - loss: 0.2708 - accuracy: 0.8315 - 137s/epoch - 2s/step
Epoch 37/100
Validation cm: [[213  59  11   1]
 [121  65   3   1]
 [ 21   2  14   6]
 [  9   5  18   1]]
Validation normalized_cm: [[0.75  0.208 0.039 0.004]
 [0.637 0.342 0.016 0.005]
 [0.488 0.047 0.326 0.14 ]
 [0.273 0.152 0.545 0.03 ]]
Validation acc: 0.5327272727272727
Validation class_accuracies: [0.75, 0.34210526315789475, 0.32558139534883723, 0.030303030303030304]
Validation sensitivity: 0.3007518796992481
Validation specificity: 0.75
Validation icbhi_score: 0.525375939849624
Validation roc_auc: None
Validation avg_accuracy: 0.3619974222024406
Validation one_indexed_epoch: 37
78/78 - 138s - loss: 0.2537 - accuracy: 0.8391 - 138s/epoch - 2s/step
Epoch 38/100
Validation cm: [[229  45   9   1]
 [126  63   1   0]
 [ 25   5   8   5]
 [ 16   3  14   0]]
Validation normalized_cm: [[0.806 0.158 0.032 0.004]
 [0.663 0.332 0.005 0.   ]
 [0.581 0.116 0.186 0.116]
 [0.485 0.091 0.424 0.   ]]
Validation acc: 0.5454545454545454
Validation class_accuracies: [0.8063380281690141, 0.33157894736842103, 0.18604651162790697, 0.0]
Validation sensitivity: 0.2669172932330827
Validation specificity: 0.8063380281690141
Validation icbhi_score: 0.5366276607010484
Validation roc_auc: None
Validation avg_accuracy: 0.3309908717913356
Validation one_indexed_epoch: 38
78/78 - 137s - loss: 0.2647 - accuracy: 0.8399 - 137s/epoch - 2s/step
Epoch 39/100
Validation cm: [[252  25   7   0]
 [150  39   0   1]
 [ 27   2   8   6]
 [ 18   4   6   5]]
Validation normalized_cm: [[0.887 0.088 0.025 0.   ]
 [0.789 0.205 0.    0.005]
 [0.628 0.047 0.186 0.14 ]
 [0.545 0.121 0.182 0.152]]
Validation acc: 0.5527272727272727
Validation class_accuracies: [0.8873239436619719, 0.20526315789473684, 0.18604651162790697, 0.15151515151515152]
Validation sensitivity: 0.19548872180451127
Validation specificity: 0.8873239436619719
Validation icbhi_score: 0.5414063327332416
Validation roc_auc: None
Validation avg_accuracy: 0.3575371911749418
Validation one_indexed_epoch: 39
78/78 - 136s - loss: 0.2571 - accuracy: 0.8439 - 136s/epoch - 2s/step
Epoch 40/100
Validation cm: [[182  93   8   1]
 [103  86   1   0]
 [ 21   7   8   7]
 [  4  13   8   8]]
Validation normalized_cm: [[0.641 0.327 0.028 0.004]
 [0.542 0.453 0.005 0.   ]
 [0.488 0.163 0.186 0.163]
 [0.121 0.394 0.242 0.242]]
Validation acc: 0.5163636363636364
Validation class_accuracies: [0.6408450704225352, 0.45263157894736844, 0.18604651162790697, 0.24242424242424243]
Validation sensitivity: 0.38345864661654133
Validation specificity: 0.6408450704225352
Validation icbhi_score: 0.5121518585195383
Validation roc_auc: None
Validation avg_accuracy: 0.3804868508555133
Validation one_indexed_epoch: 40
78/78 - 139s - loss: 0.2295 - accuracy: 0.8419 - 139s/epoch - 2s/step
Epoch 41/100
Validation cm: [[233  31  18   2]
 [138  42   8   2]
 [ 24   1  12   6]
 [  9   5  17   2]]
Validation normalized_cm: [[0.82  0.109 0.063 0.007]
 [0.726 0.221 0.042 0.011]
 [0.558 0.023 0.279 0.14 ]
 [0.273 0.152 0.515 0.061]]
Validation acc: 0.5254545454545455
Validation class_accuracies: [0.8204225352112676, 0.22105263157894736, 0.27906976744186046, 0.06060606060606061]
Validation sensitivity: 0.21052631578947367
Validation specificity: 0.8204225352112676
Validation icbhi_score: 0.5154744255003707
Validation roc_auc: None
Validation avg_accuracy: 0.345287748709534
Validation one_indexed_epoch: 41
78/78 - 139s - loss: 0.2168 - accuracy: 0.8620 - 139s/epoch - 2s/step
Epoch 42/100
Validation cm: [[154 118  10   2]
 [ 68 120   1   1]
 [ 23   4   7   9]
 [  7  11   7   8]]
Validation normalized_cm: [[0.542 0.415 0.035 0.007]
 [0.358 0.632 0.005 0.005]
 [0.535 0.093 0.163 0.209]
 [0.212 0.333 0.212 0.242]]
Validation acc: 0.5254545454545455
Validation class_accuracies: [0.5422535211267606, 0.631578947368421, 0.16279069767441862, 0.24242424242424243]
Validation sensitivity: 0.5075187969924813
Validation specificity: 0.5422535211267606
Validation icbhi_score: 0.524886159059621
Validation roc_auc: None
Validation avg_accuracy: 0.3947618521484607
Validation one_indexed_epoch: 42
78/78 - 141s - loss: 0.2244 - accuracy: 0.8527 - 141s/epoch - 2s/step
Epoch 43/100
Validation cm: [[182  87  12   3]
 [102  85   1   2]
 [ 25   3   9   6]
 [  7  11  12   3]]
Validation normalized_cm: [[0.641 0.306 0.042 0.011]
 [0.537 0.447 0.005 0.011]
 [0.581 0.07  0.209 0.14 ]
 [0.212 0.333 0.364 0.091]]
Validation acc: 0.5072727272727273
Validation class_accuracies: [0.6408450704225352, 0.4473684210526316, 0.20930232558139536, 0.09090909090909091]
Validation sensitivity: 0.36466165413533835
Validation specificity: 0.6408450704225352
Validation icbhi_score: 0.5027533622789369
Validation roc_auc: None
Validation avg_accuracy: 0.34710622699141325
Validation one_indexed_epoch: 43
78/78 - 141s - loss: 0.1929 - accuracy: 0.8543 - 141s/epoch - 2s/step
Epoch 44/100
Validation cm: [[131 137  13   3]
 [ 65 121   3   1]
 [ 16   8  12   7]
 [  5   9  11   8]]
Validation normalized_cm: [[0.461 0.482 0.046 0.011]
 [0.342 0.637 0.016 0.005]
 [0.372 0.186 0.279 0.163]
 [0.152 0.273 0.333 0.242]]
Validation acc: 0.49454545454545457
Validation class_accuracies: [0.4612676056338028, 0.6368421052631579, 0.27906976744186046, 0.24242424242424243]
Validation sensitivity: 0.5300751879699248
Validation specificity: 0.4612676056338028
Validation icbhi_score: 0.4956713968018638
Validation roc_auc: None
Validation avg_accuracy: 0.4049009301907659
Validation one_indexed_epoch: 44
78/78 - 142s - loss: 0.2005 - accuracy: 0.8475 - 142s/epoch - 2s/step
Epoch 45/100
Validation cm: [[192  76  14   2]
 [108  74   7   1]
 [ 20   4  12   7]
 [  5  12  13   3]]
Validation normalized_cm: [[0.676 0.268 0.049 0.007]
 [0.568 0.389 0.037 0.005]
 [0.465 0.093 0.279 0.163]
 [0.152 0.364 0.394 0.091]]
Validation acc: 0.5109090909090909
Validation class_accuracies: [0.676056338028169, 0.3894736842105263, 0.27906976744186046, 0.09090909090909091]
Validation sensitivity: 0.33458646616541354
Validation specificity: 0.676056338028169
Validation icbhi_score: 0.5053214020967913
Validation roc_auc: None
Validation avg_accuracy: 0.35887722014741164
Validation one_indexed_epoch: 45
78/78 - 141s - loss: 0.1916 - accuracy: 0.8459 - 141s/epoch - 2s/step
Epoch 46/100
Validation cm: [[215  54  11   4]
 [129  57   3   1]
 [ 21   2  13   7]
 [  5   8  17   3]]
Validation normalized_cm: [[0.757 0.19  0.039 0.014]
 [0.679 0.3   0.016 0.005]
 [0.488 0.047 0.302 0.163]
 [0.152 0.242 0.515 0.091]]
Validation acc: 0.5236363636363637
Validation class_accuracies: [0.7570422535211268, 0.3, 0.3023255813953488, 0.09090909090909091]
Validation sensitivity: 0.2744360902255639
Validation specificity: 0.7570422535211268
Validation icbhi_score: 0.5157391718733453
Validation roc_auc: None
Validation avg_accuracy: 0.36256923145639164
Validation one_indexed_epoch: 46
78/78 - 141s - loss: 0.1884 - accuracy: 0.8439 - 141s/epoch - 2s/step
Epoch 47/100
Validation cm: [[213  62   8   1]
 [132  58   0   0]
 [ 23   4   8   8]
 [ 13   6   9   5]]
Validation normalized_cm: [[0.75  0.218 0.028 0.004]
 [0.695 0.305 0.    0.   ]
 [0.535 0.093 0.186 0.186]
 [0.394 0.182 0.273 0.152]]
Validation acc: 0.5163636363636364
Validation class_accuracies: [0.75, 0.30526315789473685, 0.18604651162790697, 0.15151515151515152]
Validation sensitivity: 0.2669172932330827
Validation specificity: 0.75
Validation icbhi_score: 0.5084586466165414
Validation roc_auc: None
Validation avg_accuracy: 0.34820620525944884
Validation one_indexed_epoch: 47
78/78 - 143s - loss: 0.1650 - accuracy: 0.8531 - 143s/epoch - 2s/step
Epoch 48/100
Validation cm: [[204  70   8   2]
 [130  60   0   0]
 [ 24   5   8   6]
 [  9  10   9   5]]
Validation normalized_cm: [[0.718 0.246 0.028 0.007]
 [0.684 0.316 0.    0.   ]
 [0.558 0.116 0.186 0.14 ]
 [0.273 0.303 0.273 0.152]]
Validation acc: 0.5036363636363637
Validation class_accuracies: [0.7183098591549296, 0.3157894736842105, 0.18604651162790697, 0.15151515151515152]
Validation sensitivity: 0.2744360902255639
Validation specificity: 0.7183098591549296
Validation icbhi_score: 0.49637297469024677
Validation roc_auc: None
Validation avg_accuracy: 0.34291524899554965
Validation one_indexed_epoch: 48
78/78 - 143s - loss: 0.1607 - accuracy: 0.8616 - 143s/epoch - 2s/step
Epoch 49/100
Validation cm: [[158 115   8   3]
 [ 91  98   1   0]
 [ 20   5  12   6]
 [  7  10  13   3]]
Validation normalized_cm: [[0.556 0.405 0.028 0.011]
 [0.479 0.516 0.005 0.   ]
 [0.465 0.116 0.279 0.14 ]
 [0.212 0.303 0.394 0.091]]
Validation acc: 0.49272727272727274
Validation class_accuracies: [0.5563380281690141, 0.5157894736842106, 0.27906976744186046, 0.09090909090909091]
Validation sensitivity: 0.424812030075188
Validation specificity: 0.5563380281690141
Validation icbhi_score: 0.49057502912210105
Validation roc_auc: None
Validation avg_accuracy: 0.36052659005104404
Validation one_indexed_epoch: 49
78/78 - 138s - loss: 0.1663 - accuracy: 0.8471 - 138s/epoch - 2s/step
Epoch 50/100
Validation cm: [[182  85  15   2]
 [118  67   3   2]
 [ 17   3  17   6]
 [  4   6  19   4]]
Validation normalized_cm: [[0.641 0.299 0.053 0.007]
 [0.621 0.353 0.016 0.011]
 [0.395 0.07  0.395 0.14 ]
 [0.121 0.182 0.576 0.121]]
Validation acc: 0.4909090909090909
Validation class_accuracies: [0.6408450704225352, 0.3526315789473684, 0.3953488372093023, 0.12121212121212122]
Validation sensitivity: 0.3308270676691729
Validation specificity: 0.6408450704225352
Validation icbhi_score: 0.4858360690458541
Validation roc_auc: None
Validation avg_accuracy: 0.3775094019478318
Validation one_indexed_epoch: 50
78/78 - 140s - loss: 0.1615 - accuracy: 0.8620 - 140s/epoch - 2s/step
Epoch 51/100
Validation cm: [[209  68   6   1]
 [117  72   1   0]
 [ 23   3  10   7]
 [ 12   7   8   6]]
Validation normalized_cm: [[0.736 0.239 0.021 0.004]
 [0.616 0.379 0.005 0.   ]
 [0.535 0.07  0.233 0.163]
 [0.364 0.212 0.242 0.182]]
Validation acc: 0.54
Validation class_accuracies: [0.7359154929577465, 0.37894736842105264, 0.23255813953488372, 0.18181818181818182]
Validation sensitivity: 0.3308270676691729
Validation specificity: 0.7359154929577465
Validation icbhi_score: 0.5333712803134597
Validation roc_auc: None
Validation avg_accuracy: 0.3823097956829662
Validation one_indexed_epoch: 51
78/78 - 141s - loss: 0.1541 - accuracy: 0.8656 - 141s/epoch - 2s/step
Epoch 52/100
Validation cm: [[212  55  16   1]
 [125  55  10   0]
 [ 23   2  12   6]
 [ 13   4  15   1]]
Validation normalized_cm: [[0.746 0.194 0.056 0.004]
 [0.658 0.289 0.053 0.   ]
 [0.535 0.047 0.279 0.14 ]
 [0.394 0.121 0.455 0.03 ]]
Validation acc: 0.509090909090909
Validation class_accuracies: [0.7464788732394366, 0.2894736842105263, 0.27906976744186046, 0.030303030303030304]
Validation sensitivity: 0.2556390977443609
Validation specificity: 0.7464788732394366
Validation icbhi_score: 0.5010589854918988
Validation roc_auc: None
Validation avg_accuracy: 0.33633133879871346
Validation one_indexed_epoch: 52
78/78 - 137s - loss: 0.1520 - accuracy: 0.8507 - 137s/epoch - 2s/step
Epoch 53/100
Validation cm: [[196  82   6   0]
 [114  76   0   0]
 [ 25   4   9   5]
 [  9  10  10   4]]
Validation normalized_cm: [[0.69  0.289 0.021 0.   ]
 [0.6   0.4   0.    0.   ]
 [0.581 0.093 0.209 0.116]
 [0.273 0.303 0.303 0.121]]
Validation acc: 0.5181818181818182
Validation class_accuracies: [0.6901408450704225, 0.4, 0.20930232558139536, 0.12121212121212122]
Validation sensitivity: 0.33458646616541354
Validation specificity: 0.6901408450704225
Validation icbhi_score: 0.5123636556179181
Validation roc_auc: None
Validation avg_accuracy: 0.3551638229659847
Validation one_indexed_epoch: 53
78/78 - 138s - loss: 0.1364 - accuracy: 0.8539 - 138s/epoch - 2s/step
Epoch 54/100
Validation cm: [[199  78   6   1]
 [117  73   0   0]
 [ 24   3  11   5]
 [ 13   7  13   0]]
Validation normalized_cm: [[0.701 0.275 0.021 0.004]
 [0.616 0.384 0.    0.   ]
 [0.558 0.07  0.256 0.116]
 [0.394 0.212 0.394 0.   ]]
Validation acc: 0.5145454545454545
Validation class_accuracies: [0.7007042253521126, 0.38421052631578945, 0.2558139534883721, 0.0]
Validation sensitivity: 0.3157894736842105
Validation specificity: 0.7007042253521126
Validation icbhi_score: 0.5082468495181616
Validation roc_auc: None
