Tensorflow Version: 2.8.0
Num GPUs Available:  1
Collecting Variables...
All variables have been collected.
../cache/
cw
train106
Description: 4 classes cw with weights, chaging wdecay 1e-4 plotting history, bsize=32 1 epochs  64 lstm 5sec with learning coefficients
-----------------------
Job id is 1.
Job dir: ../cache/cw/train106/1
- Loading Icbhi.
725 Icbhi audios have been loaded.
- Preparing Icbhi.
112 Icbhi groups of audio chunks (by filename or patients) have been prepared.
--- Samples are being split into training/val groups and de-grouped by patient ---
--- Icbhi training dataset went from 0 to 2696 elements, with 1010 none's, 946 crakles, 374 wheezes and 356 both ---
--- Icbhi Validation dataset contains 338 elements, with 212 none, 64 crackles, 14 wheezes and 48 both ---
0
0
0
0
-----------------------
--- Final training dataset went from 0 to 2696 elements, with 1010 none's, 946 crakles, 374 wheezes and 356 both ---
--- Final Validation dataset contains 338 elements, with 212 none, 64 crackles, 14 wheezes and 48 both ---
Initializing weights...
weights = {0: 0.6620825147347741, 1: 0.7124735729386892, 2: 1.7973333333333332, 3: 1.887955182072829}
Model: "leaf_model9_model_106"
______________________________________________________________________________________________________________
 Layer (type)                                    Output Shape                                Param #          
==============================================================================================================
 leaf (Leaf)                                     multiple                                    560              
                                                                                                              
 mel_filterbanks (MelFilterbanks)                multiple                                    0 (unused)       
                                                                                                              
 sincnet (SincNet)                               multiple                                    0 (unused)       
                                                                                                              
 sequential (Sequential)                         (None, 80, 350, 1)                          4                
                                                                                                              
 sequential_1 (Sequential)                       (None, 80, 350, 16)                         2352             
                                                                                                              
 sequential_2 (Sequential)                       (None, 80, 350, 16)                         6448             
                                                                                                              
 sequential_3 (Sequential)                       (None, 80, 350, 16)                         32               
                                                                                                              
 concatenate (Concatenate)                       multiple                                    0                
                                                                                                              
 sequential_4 (Sequential)                       (None, 10, 1024)                            6191296          
                                                                                                              
 sequential_5 (Sequential)                       (None, 1000)                                570468           
                                                                                                              
 dense_1 (Dense)                                 multiple                                    2002             
                                                                                                              
==============================================================================================================
Total params: 6,773,324
Trainable params: 6,731,818
Non-trainable params: 41,506
______________________________________________________________________________________________________________
Target metric is icbhi_score
Epoch 1/100
Validation cm: [[  0   0 212   0]
 [  0   0  64   0]
 [  0   0  14   0]
 [  0   0  48   0]]
Validation normalized_cm: [[0. 0. 1. 0.]
 [0. 0. 1. 0.]
 [0. 0. 1. 0.]
 [0. 0. 1. 0.]]
Validation acc: 0.04142011834319527
Validation class_accuracies: [0.0, 0.0, 1.0, 0.0]
Validation sensitivity: 0.1111111111111111
Validation specificity: 0.0
Validation icbhi_score: 0.05555555555555555
Validation roc_auc: None
Validation avg_accuracy: 0.25
Validation one_indexed_epoch: 1
-- New best results were achieved. --
85/85 - 179s - loss: 0.7373 - accuracy: 0.5263 - 179s/epoch - 2s/step
Epoch 2/100
Validation cm: [[  0   0 212   0]
 [  0   0  64   0]
 [  0   0  14   0]
 [  0   0  48   0]]
Validation normalized_cm: [[0. 0. 1. 0.]
 [0. 0. 1. 0.]
 [0. 0. 1. 0.]
 [0. 0. 1. 0.]]
Validation acc: 0.04142011834319527
Validation class_accuracies: [0.0, 0.0, 1.0, 0.0]
Validation sensitivity: 0.1111111111111111
Validation specificity: 0.0
Validation icbhi_score: 0.05555555555555555
Validation roc_auc: None
Validation avg_accuracy: 0.25
Validation one_indexed_epoch: 2
85/85 - 168s - loss: 0.6572 - accuracy: 0.6306 - 168s/epoch - 2s/step
Epoch 3/100
Validation cm: [[  0   0 212   0]
 [  0   0  64   0]
 [  0   0  14   0]
 [  0   0  48   0]]
Validation normalized_cm: [[0. 0. 1. 0.]
 [0. 0. 1. 0.]
 [0. 0. 1. 0.]
 [0. 0. 1. 0.]]
Validation acc: 0.04142011834319527
Validation class_accuracies: [0.0, 0.0, 1.0, 0.0]
Validation sensitivity: 0.1111111111111111
Validation specificity: 0.0
Validation icbhi_score: 0.05555555555555555
Validation roc_auc: None
Validation avg_accuracy: 0.25
Validation one_indexed_epoch: 3
85/85 - 170s - loss: 0.6303 - accuracy: 0.7270 - 170s/epoch - 2s/step
Epoch 4/100
Validation cm: [[  0   0 212   0]
 [  0   0  64   0]
 [  0   0  14   0]
 [  0   0  48   0]]
Validation normalized_cm: [[0. 0. 1. 0.]
 [0. 0. 1. 0.]
 [0. 0. 1. 0.]
 [0. 0. 1. 0.]]
Validation acc: 0.04142011834319527
Validation class_accuracies: [0.0, 0.0, 1.0, 0.0]
Validation sensitivity: 0.1111111111111111
Validation specificity: 0.0
Validation icbhi_score: 0.05555555555555555
Validation roc_auc: None
Validation avg_accuracy: 0.25
Validation one_indexed_epoch: 4
85/85 - 169s - loss: 0.6160 - accuracy: 0.7277 - 169s/epoch - 2s/step
Epoch 5/100
Validation cm: [[  0 212   0   0]
 [  0  64   0   0]
 [  0  14   0   0]
 [  0  48   0   0]]
Validation normalized_cm: [[0. 1. 0. 0.]
 [0. 1. 0. 0.]
 [0. 1. 0. 0.]
 [0. 1. 0. 0.]]
Validation acc: 0.1893491124260355
Validation class_accuracies: [0.0, 1.0, 0.0, 0.0]
Validation sensitivity: 0.5079365079365079
Validation specificity: 0.0
Validation icbhi_score: 0.25396825396825395
Validation roc_auc: None
Validation avg_accuracy: 0.25
Validation one_indexed_epoch: 5
-- New best results were achieved. --
85/85 - 169s - loss: 0.5954 - accuracy: 0.7452 - 169s/epoch - 2s/step
Epoch 6/100
Validation cm: [[  2 210   0   0]
 [  0  64   0   0]
 [  0  14   0   0]
 [  0  48   0   0]]
Validation normalized_cm: [[0.009 0.991 0.    0.   ]
 [0.    1.    0.    0.   ]
 [0.    1.    0.    0.   ]
 [0.    1.    0.    0.   ]]
Validation acc: 0.1952662721893491
Validation class_accuracies: [0.009433962264150943, 1.0, 0.0, 0.0]
Validation sensitivity: 0.5079365079365079
Validation specificity: 0.009433962264150943
Validation icbhi_score: 0.2586852351003294
Validation roc_auc: None
Validation avg_accuracy: 0.25235849056603776
Validation one_indexed_epoch: 6
-- New best results were achieved. --
85/85 - 169s - loss: 0.5895 - accuracy: 0.7652 - 169s/epoch - 2s/step
Epoch 7/100
Validation cm: [[  4 208   0   0]
 [  2  62   0   0]
 [  0  14   0   0]
 [  0  48   0   0]]
Validation normalized_cm: [[0.019 0.981 0.    0.   ]
 [0.031 0.969 0.    0.   ]
 [0.    1.    0.    0.   ]
 [0.    1.    0.    0.   ]]
Validation acc: 0.1952662721893491
Validation class_accuracies: [0.018867924528301886, 0.96875, 0.0, 0.0]
Validation sensitivity: 0.49206349206349204
Validation specificity: 0.018867924528301886
Validation icbhi_score: 0.255465708295897
Validation roc_auc: None
Validation avg_accuracy: 0.24690448113207547
Validation one_indexed_epoch: 7
85/85 - 170s - loss: 0.5755 - accuracy: 0.7793 - 170s/epoch - 2s/step
Epoch 8/100
Validation cm: [[131  81   0   0]
 [ 38  26   0   0]
 [  6   8   0   0]
 [ 24  24   0   0]]
Validation normalized_cm: [[0.618 0.382 0.    0.   ]
 [0.594 0.406 0.    0.   ]
 [0.429 0.571 0.    0.   ]
 [0.5   0.5   0.    0.   ]]
Validation acc: 0.46449704142011833
Validation class_accuracies: [0.6179245283018868, 0.40625, 0.0, 0.0]
Validation sensitivity: 0.20634920634920634
Validation specificity: 0.6179245283018868
Validation icbhi_score: 0.41213686732554655
Validation roc_auc: None
Validation avg_accuracy: 0.2560436320754717
Validation one_indexed_epoch: 8
-- New best results were achieved. --
85/85 - 168s - loss: 0.5651 - accuracy: 0.7667 - 168s/epoch - 2s/step
Epoch 9/100
Validation cm: [[95 98  1 18]
 [31 31  0  2]
 [ 4  8  1  1]
 [17 22  3  6]]
Validation normalized_cm: [[0.448 0.462 0.005 0.085]
 [0.484 0.484 0.    0.031]
 [0.286 0.571 0.071 0.071]
 [0.354 0.458 0.062 0.125]]
Validation acc: 0.39349112426035504
Validation class_accuracies: [0.4481132075471698, 0.484375, 0.07142857142857142, 0.125]
Validation sensitivity: 0.30158730158730157
Validation specificity: 0.4481132075471698
Validation icbhi_score: 0.3748502545672357
Validation roc_auc: None
Validation avg_accuracy: 0.2822291947439353
Validation one_indexed_epoch: 9
85/85 - 168s - loss: 0.5509 - accuracy: 0.7726 - 168s/epoch - 2s/step
Epoch 10/100
Validation cm: [[136  65   8   3]
 [ 38  23   3   0]
 [  5   3   2   4]
 [ 18  17   7   6]]
Validation normalized_cm: [[0.642 0.307 0.038 0.014]
 [0.594 0.359 0.047 0.   ]
 [0.357 0.214 0.143 0.286]
 [0.375 0.354 0.146 0.125]]
Validation acc: 0.4940828402366864
Validation class_accuracies: [0.6415094339622641, 0.359375, 0.14285714285714285, 0.125]
Validation sensitivity: 0.24603174603174602
Validation specificity: 0.6415094339622641
Validation icbhi_score: 0.4437705899970051
Validation roc_auc: None
Validation avg_accuracy: 0.3171853942048517
Validation one_indexed_epoch: 10
-- New best results were achieved. --
85/85 - 171s - loss: 0.5471 - accuracy: 0.7819 - 171s/epoch - 2s/step
Epoch 11/100
Validation cm: [[121  47  21  23]
 [ 34  18   4   8]
 [  4   3   3   4]
 [ 22   9  11   6]]
Validation normalized_cm: [[0.571 0.222 0.099 0.108]
 [0.531 0.281 0.062 0.125]
 [0.286 0.214 0.214 0.286]
 [0.458 0.188 0.229 0.125]]
Validation acc: 0.4378698224852071
Validation class_accuracies: [0.5707547169811321, 0.28125, 0.21428571428571427, 0.125]
Validation sensitivity: 0.21428571428571427
Validation specificity: 0.5707547169811321
Validation icbhi_score: 0.3925202156334232
Validation roc_auc: None
Validation avg_accuracy: 0.2978226078167116
Validation one_indexed_epoch: 11
85/85 - 170s - loss: 0.5306 - accuracy: 0.7849 - 170s/epoch - 2s/step
Epoch 12/100
Validation cm: [[122  77   5   8]
 [ 29  33   1   1]
 [  4   2   1   7]
 [ 19  13   2  14]]
Validation normalized_cm: [[0.575 0.363 0.024 0.038]
 [0.453 0.516 0.016 0.016]
 [0.286 0.143 0.071 0.5  ]
 [0.396 0.271 0.042 0.292]]
Validation acc: 0.5029585798816568
Validation class_accuracies: [0.5754716981132075, 0.515625, 0.07142857142857142, 0.2916666666666667]
Validation sensitivity: 0.38095238095238093
Validation specificity: 0.5754716981132075
Validation icbhi_score: 0.47821203953279423
Validation roc_auc: None
Validation avg_accuracy: 0.3635479840521114
Validation one_indexed_epoch: 12
-- New best results were achieved. --
85/85 - 169s - loss: 0.5283 - accuracy: 0.7871 - 169s/epoch - 2s/step
Epoch 13/100
Validation cm: [[142  64   3   3]
 [ 40  19   1   4]
 [  4   1   3   6]
 [ 22  14   3   9]]
Validation normalized_cm: [[0.67  0.302 0.014 0.014]
 [0.625 0.297 0.016 0.062]
 [0.286 0.071 0.214 0.429]
 [0.458 0.292 0.062 0.188]]
Validation acc: 0.5118343195266272
Validation class_accuracies: [0.6698113207547169, 0.296875, 0.21428571428571427, 0.1875]
Validation sensitivity: 0.24603174603174602
Validation specificity: 0.6698113207547169
Validation icbhi_score: 0.4579215333932315
Validation roc_auc: None
Validation avg_accuracy: 0.3421180087601078
Validation one_indexed_epoch: 13
85/85 - 170s - loss: 0.5131 - accuracy: 0.7971 - 170s/epoch - 2s/step
Epoch 14/100
Validation cm: [[160  49   2   1]
 [ 42  20   1   1]
 [  7   3   2   2]
 [ 30  12   2   4]]
Validation normalized_cm: [[0.755 0.231 0.009 0.005]
 [0.656 0.312 0.016 0.016]
 [0.5   0.214 0.143 0.143]
 [0.625 0.25  0.042 0.083]]
Validation acc: 0.5502958579881657
Validation class_accuracies: [0.7547169811320755, 0.3125, 0.14285714285714285, 0.08333333333333333]
Validation sensitivity: 0.20634920634920634
Validation specificity: 0.7547169811320755
Validation icbhi_score: 0.4805330937406409
Validation roc_auc: None
Validation avg_accuracy: 0.3233518643306379
Validation one_indexed_epoch: 14
-- New best results were achieved. --
85/85 - 169s - loss: 0.5037 - accuracy: 0.7993 - 169s/epoch - 2s/step
Epoch 15/100
Validation cm: [[153  42  16   1]
 [ 40  20   3   1]
 [ 10   1   0   3]
 [ 24  13   2   9]]
Validation normalized_cm: [[0.722 0.198 0.075 0.005]
 [0.625 0.312 0.047 0.016]
 [0.714 0.071 0.    0.214]
 [0.5   0.271 0.042 0.188]]
Validation acc: 0.5384615384615384
Validation class_accuracies: [0.7216981132075472, 0.3125, 0.0, 0.1875]
Validation sensitivity: 0.23015873015873015
Validation specificity: 0.7216981132075472
Validation icbhi_score: 0.47592842168313865
Validation roc_auc: None
Validation avg_accuracy: 0.3054245283018868
Validation one_indexed_epoch: 15
85/85 - 173s - loss: 0.4930 - accuracy: 0.8038 - 173s/epoch - 2s/step
Epoch 16/100
Validation cm: [[156  38   9   9]
 [ 46  10   2   6]
 [  5   2   1   6]
 [ 30   7   1  10]]
Validation normalized_cm: [[0.736 0.179 0.042 0.042]
 [0.719 0.156 0.031 0.094]
 [0.357 0.143 0.071 0.429]
 [0.625 0.146 0.021 0.208]]
Validation acc: 0.5236686390532544
Validation class_accuracies: [0.7358490566037735, 0.15625, 0.07142857142857142, 0.20833333333333334]
Validation sensitivity: 0.16666666666666666
Validation specificity: 0.7358490566037735
Validation icbhi_score: 0.4512578616352201
Validation roc_auc: None
Validation avg_accuracy: 0.2929652403414196
Validation one_indexed_epoch: 16
85/85 - 171s - loss: 0.4908 - accuracy: 0.7967 - 171s/epoch - 2s/step
Epoch 17/100
Validation cm: [[172   4  33   3]
 [ 48   8   6   2]
 [  8   1   4   1]
 [ 27   8   9   4]]
Validation normalized_cm: [[0.811 0.019 0.156 0.014]
 [0.75  0.125 0.094 0.031]
 [0.571 0.071 0.286 0.071]
 [0.562 0.167 0.188 0.083]]
Validation acc: 0.5562130177514792
Validation class_accuracies: [0.8113207547169812, 0.125, 0.2857142857142857, 0.08333333333333333]
Validation sensitivity: 0.12698412698412698
Validation specificity: 0.8113207547169812
Validation icbhi_score: 0.4691524408505541
Validation roc_auc: None
Validation avg_accuracy: 0.32634209344115
Validation one_indexed_epoch: 17
85/85 - 170s - loss: 0.4742 - accuracy: 0.8145 - 170s/epoch - 2s/step
Epoch 18/100
Validation cm: [[183   8  21   0]
 [ 51   8   4   1]
 [ 10   1   2   1]
 [ 30   9   5   4]]
Validation normalized_cm: [[0.863 0.038 0.099 0.   ]
 [0.797 0.125 0.062 0.016]
 [0.714 0.071 0.143 0.071]
 [0.625 0.188 0.104 0.083]]
Validation acc: 0.5828402366863905
Validation class_accuracies: [0.8632075471698113, 0.125, 0.14285714285714285, 0.08333333333333333]
Validation sensitivity: 0.1111111111111111
Validation specificity: 0.8632075471698113
Validation icbhi_score: 0.48715932914046123
Validation roc_auc: None
Validation avg_accuracy: 0.30359950584007184
Validation one_indexed_epoch: 18
-- New best results were achieved. --
85/85 - 172s - loss: 0.4631 - accuracy: 0.8075 - 172s/epoch - 2s/step
Epoch 19/100
Validation cm: [[159  21  24   8]
 [ 45   9   4   6]
 [  6   0   5   3]
 [ 21   5  11  11]]
Validation normalized_cm: [[0.75  0.099 0.113 0.038]
 [0.703 0.141 0.062 0.094]
 [0.429 0.    0.357 0.214]
 [0.438 0.104 0.229 0.229]]
Validation acc: 0.5443786982248521
Validation class_accuracies: [0.75, 0.140625, 0.35714285714285715, 0.22916666666666666]
Validation sensitivity: 0.1984126984126984
Validation specificity: 0.75
Validation icbhi_score: 0.4742063492063492
Validation roc_auc: None
Validation avg_accuracy: 0.369233630952381
Validation one_indexed_epoch: 19
85/85 - 172s - loss: 0.4418 - accuracy: 0.8082 - 172s/epoch - 2s/step
Epoch 20/100
Validation cm: [[184  10  15   3]
 [ 51   8   3   2]
 [ 11   0   1   2]
 [ 31   5   5   7]]
Validation normalized_cm: [[0.868 0.047 0.071 0.014]
 [0.797 0.125 0.047 0.031]
 [0.786 0.    0.071 0.143]
 [0.646 0.104 0.104 0.146]]
Validation acc: 0.591715976331361
Validation class_accuracies: [0.8679245283018868, 0.125, 0.07142857142857142, 0.14583333333333334]
Validation sensitivity: 0.12698412698412698
Validation specificity: 0.8679245283018868
Validation icbhi_score: 0.4974543276430069
Validation roc_auc: None
Validation avg_accuracy: 0.30254660826594787
Validation one_indexed_epoch: 20
-- New best results were achieved. --
85/85 - 171s - loss: 0.4429 - accuracy: 0.8197 - 171s/epoch - 2s/step
Epoch 21/100
Validation cm: [[181   8  23   0]
 [ 51   7   5   1]
 [  9   0   4   1]
 [ 29   8   7   4]]
Validation normalized_cm: [[0.854 0.038 0.108 0.   ]
 [0.797 0.109 0.078 0.016]
 [0.643 0.    0.286 0.071]
 [0.604 0.167 0.146 0.083]]
Validation acc: 0.5798816568047337
Validation class_accuracies: [0.8537735849056604, 0.109375, 0.2857142857142857, 0.08333333333333333]
Validation sensitivity: 0.11904761904761904
Validation specificity: 0.8537735849056604
Validation icbhi_score: 0.4864106019766397
Validation roc_auc: None
Validation avg_accuracy: 0.33304905098831983
Validation one_indexed_epoch: 21
85/85 - 171s - loss: 0.4353 - accuracy: 0.8068 - 171s/epoch - 2s/step
Epoch 22/100
Validation cm: [[191   2  19   0]
 [ 58   3   3   0]
 [  9   0   3   2]
 [ 33   5   5   5]]
Validation normalized_cm: [[0.901 0.009 0.09  0.   ]
 [0.906 0.047 0.047 0.   ]
 [0.643 0.    0.214 0.143]
 [0.688 0.104 0.104 0.104]]
Validation acc: 0.5976331360946746
Validation class_accuracies: [0.9009433962264151, 0.046875, 0.21428571428571427, 0.10416666666666667]
Validation sensitivity: 0.0873015873015873
Validation specificity: 0.9009433962264151
Validation icbhi_score: 0.4941224917640012
Validation roc_auc: None
Validation avg_accuracy: 0.316567694294699
Validation one_indexed_epoch: 22
85/85 - 171s - loss: 0.4243 - accuracy: 0.8127 - 171s/epoch - 2s/step
Epoch 23/100
Validation cm: [[195  11   6   0]
 [ 54   7   1   2]
 [ 10   0   3   1]
 [ 29  11   3   5]]
Validation normalized_cm: [[0.92  0.052 0.028 0.   ]
 [0.844 0.109 0.016 0.031]
 [0.714 0.    0.214 0.071]
 [0.604 0.229 0.062 0.104]]
Validation acc: 0.621301775147929
Validation class_accuracies: [0.9198113207547169, 0.109375, 0.21428571428571427, 0.10416666666666667]
Validation sensitivity: 0.11904761904761904
Validation specificity: 0.9198113207547169
Validation icbhi_score: 0.519429469901168
Validation roc_auc: None
Validation avg_accuracy: 0.33690967542677447
Validation one_indexed_epoch: 23
-- New best results were achieved. --
85/85 - 176s - loss: 0.4202 - accuracy: 0.8227 - 176s/epoch - 2s/step
Epoch 24/100
Validation cm: [[200   4   8   0]
 [ 58   4   2   0]
 [ 11   0   3   0]
 [ 33   8   6   1]]
Validation normalized_cm: [[0.943 0.019 0.038 0.   ]
 [0.906 0.062 0.031 0.   ]
 [0.786 0.    0.214 0.   ]
 [0.688 0.167 0.125 0.021]]
Validation acc: 0.6153846153846154
Validation class_accuracies: [0.9433962264150944, 0.0625, 0.21428571428571427, 0.020833333333333332]
Validation sensitivity: 0.06349206349206349
Validation specificity: 0.9433962264150944
Validation icbhi_score: 0.5034441449535789
Validation roc_auc: None
Validation avg_accuracy: 0.31025381850853545
Validation one_indexed_epoch: 24
85/85 - 167s - loss: 0.4091 - accuracy: 0.8208 - 167s/epoch - 2s/step
Epoch 25/100
Validation cm: [[201   3   8   0]
 [ 56   6   2   0]
 [ 11   0   2   1]
 [ 37   8   3   0]]
Validation normalized_cm: [[0.948 0.014 0.038 0.   ]
 [0.875 0.094 0.031 0.   ]
 [0.786 0.    0.143 0.071]
 [0.771 0.167 0.062 0.   ]]
Validation acc: 0.6183431952662722
Validation class_accuracies: [0.9481132075471698, 0.09375, 0.14285714285714285, 0.0]
Validation sensitivity: 0.06349206349206349
Validation specificity: 0.9481132075471698
Validation icbhi_score: 0.5058026355196166
Validation roc_auc: None
Validation avg_accuracy: 0.29618008760107817
Validation one_indexed_epoch: 25
85/85 - 154s - loss: 0.3894 - accuracy: 0.8238 - 154s/epoch - 2s/step
Epoch 26/100
Validation cm: [[191   1  20   0]
 [ 57   0   7   0]
 [ 11   0   2   1]
 [ 34   2   9   3]]
Validation normalized_cm: [[0.901 0.005 0.094 0.   ]
 [0.891 0.    0.109 0.   ]
 [0.786 0.    0.143 0.071]
 [0.708 0.042 0.188 0.062]]
Validation acc: 0.5798816568047337
Validation class_accuracies: [0.9009433962264151, 0.0, 0.14285714285714285, 0.0625]
Validation sensitivity: 0.03968253968253968
Validation specificity: 0.9009433962264151
Validation icbhi_score: 0.47031296795447736
Validation roc_auc: None
Validation avg_accuracy: 0.27657513477088946
Validation one_indexed_epoch: 26
85/85 - 155s - loss: 0.3859 - accuracy: 0.8323 - 155s/epoch - 2s/step
Epoch 27/100
Validation cm: [[183  11  18   0]
 [ 55   2   7   0]
 [ 11   0   2   1]
 [ 29   8   9   2]]
Validation normalized_cm: [[0.863 0.052 0.085 0.   ]
 [0.859 0.031 0.109 0.   ]
 [0.786 0.    0.143 0.071]
 [0.604 0.167 0.188 0.042]]
Validation acc: 0.5591715976331361
Validation class_accuracies: [0.8632075471698113, 0.03125, 0.14285714285714285, 0.041666666666666664]
Validation sensitivity: 0.047619047619047616
Validation specificity: 0.8632075471698113
Validation icbhi_score: 0.4554132973944295
Validation roc_auc: None
Validation avg_accuracy: 0.2697453391734052
Validation one_indexed_epoch: 27
85/85 - 156s - loss: 0.3772 - accuracy: 0.8297 - 156s/epoch - 2s/step
Epoch 28/100
Validation cm: [[185   2  25   0]
 [ 56   4   4   0]
 [ 11   0   3   0]
 [ 31   5  11   1]]
Validation normalized_cm: [[0.873 0.009 0.118 0.   ]
 [0.875 0.062 0.062 0.   ]
 [0.786 0.    0.214 0.   ]
 [0.646 0.104 0.229 0.021]]
Validation acc: 0.5710059171597633
Validation class_accuracies: [0.8726415094339622, 0.0625, 0.21428571428571427, 0.020833333333333332]
Validation sensitivity: 0.06349206349206349
Validation specificity: 0.8726415094339622
Validation icbhi_score: 0.46806678646301286
Validation roc_auc: None
Validation avg_accuracy: 0.29256513926325245
Validation one_indexed_epoch: 28
85/85 - 155s - loss: 0.3867 - accuracy: 0.8223 - 155s/epoch - 2s/step
Epoch 29/100
Validation cm: [[188   9  14   1]
 [ 52   9   2   1]
 [ 11   0   3   0]
 [ 31   8   6   3]]
Validation normalized_cm: [[0.887 0.042 0.066 0.005]
 [0.812 0.141 0.031 0.016]
 [0.786 0.    0.214 0.   ]
 [0.646 0.167 0.125 0.062]]
Validation acc: 0.6005917159763313
Validation class_accuracies: [0.8867924528301887, 0.140625, 0.21428571428571427, 0.0625]
Validation sensitivity: 0.11904761904761904
Validation specificity: 0.8867924528301887
Validation icbhi_score: 0.5029200359389039
Validation roc_auc: None
Validation avg_accuracy: 0.3260507917789757
Validation one_indexed_epoch: 29
85/85 - 157s - loss: 0.3646 - accuracy: 0.8346 - 157s/epoch - 2s/step
Epoch 30/100
Validation cm: [[184   2  26   0]
 [ 57   3   4   0]
 [ 11   0   3   0]
 [ 33   7   8   0]]
Validation normalized_cm: [[0.868 0.009 0.123 0.   ]
 [0.891 0.047 0.062 0.   ]
 [0.786 0.    0.214 0.   ]
 [0.688 0.146 0.167 0.   ]]
Validation acc: 0.5621301775147929
Validation class_accuracies: [0.8679245283018868, 0.046875, 0.21428571428571427, 0.0]
Validation sensitivity: 0.047619047619047616
Validation specificity: 0.8679245283018868
Validation icbhi_score: 0.45777178796046725
Validation roc_auc: None
Validation avg_accuracy: 0.28227131064690025
Validation one_indexed_epoch: 30
85/85 - 156s - loss: 0.3705 - accuracy: 0.8286 - 156s/epoch - 2s/step
Epoch 31/100
Validation cm: [[186   9  17   0]
 [ 54   7   3   0]
 [ 11   0   3   0]
 [ 37   8   3   0]]
Validation normalized_cm: [[0.877 0.042 0.08  0.   ]
 [0.844 0.109 0.047 0.   ]
 [0.786 0.    0.214 0.   ]
 [0.771 0.167 0.062 0.   ]]
Validation acc: 0.5798816568047337
Validation class_accuracies: [0.8773584905660378, 0.109375, 0.21428571428571427, 0.0]
Validation sensitivity: 0.07936507936507936
Validation specificity: 0.8773584905660378
Validation icbhi_score: 0.4783617849655586
Validation roc_auc: None
Validation avg_accuracy: 0.300254801212938
Validation one_indexed_epoch: 31
85/85 - 157s - loss: 0.3654 - accuracy: 0.8301 - 157s/epoch - 2s/step
Epoch 32/100
Validation cm: [[181  12  19   0]
 [ 54   7   3   0]
 [ 11   0   2   1]
 [ 34  11   3   0]]
Validation normalized_cm: [[0.854 0.057 0.09  0.   ]
 [0.844 0.109 0.047 0.   ]
 [0.786 0.    0.143 0.071]
 [0.708 0.229 0.062 0.   ]]
Validation acc: 0.5621301775147929
Validation class_accuracies: [0.8537735849056604, 0.109375, 0.14285714285714285, 0.0]
Validation sensitivity: 0.07142857142857142
Validation specificity: 0.8537735849056604
Validation icbhi_score: 0.4626010781671159
Validation roc_auc: None
Validation avg_accuracy: 0.2765014319407008
Validation one_indexed_epoch: 32
85/85 - 154s - loss: 0.3501 - accuracy: 0.8379 - 154s/epoch - 2s/step
Epoch 33/100
Validation cm: [[184   5  23   0]
 [ 56   2   5   1]
 [ 10   0   3   1]
 [ 31   8   9   0]]
Validation normalized_cm: [[0.868 0.024 0.108 0.   ]
 [0.875 0.031 0.078 0.016]
 [0.714 0.    0.214 0.071]
 [0.646 0.167 0.188 0.   ]]
Validation acc: 0.5591715976331361
Validation class_accuracies: [0.8679245283018868, 0.03125, 0.21428571428571427, 0.0]
Validation sensitivity: 0.03968253968253968
Validation specificity: 0.8679245283018868
Validation icbhi_score: 0.45380353399221324
Validation roc_auc: None
Validation avg_accuracy: 0.27836506064690025
Validation one_indexed_epoch: 33
85/85 - 154s - loss: 0.3402 - accuracy: 0.8394 - 154s/epoch - 2s/step
Epoch 34/100
Validation cm: [[191   3  18   0]
 [ 59   0   5   0]
 [ 11   0   2   1]
 [ 35   5   7   1]]
Validation normalized_cm: [[0.901 0.014 0.085 0.   ]
 [0.922 0.    0.078 0.   ]
 [0.786 0.    0.143 0.071]
 [0.729 0.104 0.146 0.021]]
Validation acc: 0.5739644970414202
Validation class_accuracies: [0.9009433962264151, 0.0, 0.14285714285714285, 0.020833333333333332]
Validation sensitivity: 0.023809523809523808
Validation specificity: 0.9009433962264151
Validation icbhi_score: 0.46237646001796945
Validation roc_auc: None
Validation avg_accuracy: 0.2661584681042228
Validation one_indexed_epoch: 34
85/85 - 160s - loss: 0.3368 - accuracy: 0.8368 - 160s/epoch - 2s/step
Epoch 35/100
Validation cm: [[185   3  24   0]
 [ 55   3   4   2]
 [ 11   0   2   1]
 [ 31   5  11   1]]
Validation normalized_cm: [[0.873 0.014 0.113 0.   ]
 [0.859 0.047 0.062 0.031]
 [0.786 0.    0.143 0.071]
 [0.646 0.104 0.229 0.021]]
Validation acc: 0.5650887573964497
Validation class_accuracies: [0.8726415094339622, 0.046875, 0.14285714285714285, 0.020833333333333332]
Validation sensitivity: 0.047619047619047616
Validation specificity: 0.8726415094339622
Validation icbhi_score: 0.4601302785265049
Validation roc_auc: None
Validation avg_accuracy: 0.2708017464061096
Validation one_indexed_epoch: 35
85/85 - 158s - loss: 0.3356 - accuracy: 0.8416 - 158s/epoch - 2s/step
Epoch 36/100
Validation cm: [[189  10  13   0]
 [ 57   4   3   0]
 [ 11   0   2   1]
 [ 34   6   6   2]]
Validation normalized_cm: [[0.892 0.047 0.061 0.   ]
 [0.891 0.062 0.047 0.   ]
 [0.786 0.    0.143 0.071]
 [0.708 0.125 0.125 0.042]]
Validation acc: 0.5828402366863905
Validation class_accuracies: [0.8915094339622641, 0.0625, 0.14285714285714285, 0.041666666666666664]
Validation sensitivity: 0.06349206349206349
Validation specificity: 0.8915094339622641
Validation icbhi_score: 0.4775007487271638
Validation roc_auc: None
Validation avg_accuracy: 0.28463331087151844
Validation one_indexed_epoch: 36
85/85 - 157s - loss: 0.3367 - accuracy: 0.8361 - 157s/epoch - 2s/step
Epoch 37/100
Validation cm: [[182  10  20   0]
 [ 57   2   3   2]
 [ 10   0   4   0]
 [ 31   5  11   1]]
Validation normalized_cm: [[0.858 0.047 0.094 0.   ]
 [0.891 0.031 0.047 0.031]
 [0.714 0.    0.286 0.   ]
 [0.646 0.104 0.229 0.021]]
Validation acc: 0.5591715976331361
Validation class_accuracies: [0.8584905660377359, 0.03125, 0.2857142857142857, 0.020833333333333332]
Validation sensitivity: 0.05555555555555555
Validation specificity: 0.8584905660377359
Validation icbhi_score: 0.45702306079664573
Validation roc_auc: None
Validation avg_accuracy: 0.2990720462713387
Validation one_indexed_epoch: 37
85/85 - 157s - loss: 0.3282 - accuracy: 0.8361 - 157s/epoch - 2s/step
Epoch 38/100
Validation cm: [[179  12  21   0]
 [ 55   5   4   0]
 [ 11   0   2   1]
 [ 35   9   4   0]]
Validation normalized_cm: [[0.844 0.057 0.099 0.   ]
 [0.859 0.078 0.062 0.   ]
 [0.786 0.    0.143 0.071]
 [0.729 0.188 0.083 0.   ]]
Validation acc: 0.5502958579881657
Validation class_accuracies: [0.8443396226415094, 0.078125, 0.14285714285714285, 0.0]
Validation sensitivity: 0.05555555555555555
Validation specificity: 0.8443396226415094
Validation icbhi_score: 0.4499475890985325
Validation roc_auc: None
Validation avg_accuracy: 0.26633044137466305
Validation one_indexed_epoch: 38
85/85 - 156s - loss: 0.3240 - accuracy: 0.8394 - 156s/epoch - 2s/step
Epoch 39/100
Validation cm: [[192   3  17   0]
 [ 55   6   3   0]
 [ 11   0   2   1]
 [ 37   7   4   0]]
Validation normalized_cm: [[0.906 0.014 0.08  0.   ]
 [0.859 0.094 0.047 0.   ]
 [0.786 0.    0.143 0.071]
 [0.771 0.146 0.083 0.   ]]
Validation acc: 0.591715976331361
Validation class_accuracies: [0.9056603773584906, 0.09375, 0.14285714285714285, 0.0]
Validation sensitivity: 0.06349206349206349
Validation specificity: 0.9056603773584906
Validation icbhi_score: 0.48457622042527704
Validation roc_auc: None
Validation avg_accuracy: 0.28556688005390835
Validation one_indexed_epoch: 39
85/85 - 157s - loss: 0.3230 - accuracy: 0.8409 - 157s/epoch - 2s/step
Epoch 40/100
Validation cm: [[179  17  15   1]
 [ 52   9   3   0]
 [ 10   1   1   2]
 [ 33  11   4   0]]
Validation normalized_cm: [[0.844 0.08  0.071 0.005]
 [0.812 0.141 0.047 0.   ]
 [0.714 0.071 0.071 0.143]
 [0.688 0.229 0.083 0.   ]]
Validation acc: 0.5591715976331361
Validation class_accuracies: [0.8443396226415094, 0.140625, 0.07142857142857142, 0.0]
Validation sensitivity: 0.07936507936507936
Validation specificity: 0.8443396226415094
Validation icbhi_score: 0.46185235100329436
Validation roc_auc: None
Validation avg_accuracy: 0.2640982985175202
Validation one_indexed_epoch: 40
85/85 - 158s - loss: 0.3026 - accuracy: 0.8390 - 158s/epoch - 2s/step
Epoch 41/100
Validation cm: [[181  21   9   1]
 [ 53   9   2   0]
 [ 12   0   2   0]
 [ 35  12   1   0]]
Validation normalized_cm: [[0.854 0.099 0.042 0.005]
 [0.828 0.141 0.031 0.   ]
 [0.857 0.    0.143 0.   ]
 [0.729 0.25  0.021 0.   ]]
Validation acc: 0.5680473372781065
Validation class_accuracies: [0.8537735849056604, 0.140625, 0.14285714285714285, 0.0]
Validation sensitivity: 0.0873015873015873
Validation specificity: 0.8537735849056604
Validation icbhi_score: 0.47053758610362384
Validation roc_auc: None
Validation avg_accuracy: 0.2843139319407008
Validation one_indexed_epoch: 41
85/85 - 163s - loss: 0.3015 - accuracy: 0.8431 - 163s/epoch - 2s/step
Epoch 42/100
Validation cm: [[184  10  18   0]
 [ 55   5   4   0]
 [ 11   0   3   0]
 [ 40   4   4   0]]
Validation normalized_cm: [[0.868 0.047 0.085 0.   ]
 [0.859 0.078 0.062 0.   ]
 [0.786 0.    0.214 0.   ]
 [0.833 0.083 0.083 0.   ]]
Validation acc: 0.5680473372781065
Validation class_accuracies: [0.8679245283018868, 0.078125, 0.21428571428571427, 0.0]
Validation sensitivity: 0.06349206349206349
Validation specificity: 0.8679245283018868
Validation icbhi_score: 0.46570829589697516
Validation roc_auc: None
Validation avg_accuracy: 0.29008381064690025
Validation one_indexed_epoch: 42
85/85 - 160s - loss: 0.2890 - accuracy: 0.8461 - 160s/epoch - 2s/step
Epoch 43/100
