Tensorflow Version: 2.8.0
Num GPUs Available:  1
Collecting Variables...
All variables have been collected.
../cache/
cw
train115
Description:  leaf kfold with no spectral loss: longer lr interval, more epochs, step size = 2.5, <= in AudioP changed to < (+600 samples), adding early stopping , wdecay=1e-3
-----------------------
Job id is 1.
Job dir: ../cache/cw/train115/1
- Loading Icbhi.
725 Icbhi audios have been loaded.
- Preparing Icbhi.
112 Icbhi groups of audio chunks (by filename or patients) have been prepared.
--- Samples are being split into training/val groups and de-grouped by patient ---
Job id is 2.
lengths
4349
1716
0
0
0
0
-----------------------
--- Final training dataset went from 0 to 4349 elements, with 1663 none's, 1376 crakles, 679 wheezes and 570 both ---
--- Final Validation dataset contains 1716 elements, with 864 none, 585 crackles, 80 wheezes and 155 both ---
Initializing weights...
weights = {0: 0.642962743938498, 1: 0.7844516594516594, 2: 1.5734442836468885, 3: 1.871342512908778}
Model: "leaf_model9_model_bis"
______________________________________________________________________________________________________________
 Layer (type)                                    Output Shape                                Param #          
==============================================================================================================
 leaf (Leaf)                                     multiple                                    560              
                                                                                                              
 mel_filterbanks (MelFilterbanks)                multiple                                    0 (unused)       
                                                                                                              
 sincnet (SincNet)                               multiple                                    0 (unused)       
                                                                                                              
 sequential (Sequential)                         (None, 80, 250, 1)                          4                
                                                                                                              
 sequential_1 (Sequential)                       (None, 80, 250, 16)                         2352             
                                                                                                              
 sequential_2 (Sequential)                       (None, 80, 250, 16)                         6448             
                                                                                                              
 sequential_3 (Sequential)                       (None, 80, 250, 16)                         32               
                                                                                                              
 concatenate (Concatenate)                       multiple                                    0                
                                                                                                              
 sequential_4 (Sequential)                       (None, 2)                                   6192322          
                                                                                                              
==============================================================================================================
Total params: 6,201,880
Trainable params: 6,160,374
Non-trainable params: 41,506
______________________________________________________________________________________________________________
Target metric is icbhi_score
Epoch 1/60
WARNING:tensorflow:Gradients do not exist for variables ['kernel:0'] when minimizing the loss. If you're using `model.compile()`, did you forget to provide a `loss`argument?
WARNING:tensorflow:Gradients do not exist for variables ['kernel:0'] when minimizing the loss. If you're using `model.compile()`, did you forget to provide a `loss`argument?
WARNING:tensorflow:Gradients do not exist for variables ['kernel:0'] when minimizing the loss. If you're using `model.compile()`, did you forget to provide a `loss`argument?
WARNING:tensorflow:Gradients do not exist for variables ['kernel:0'] when minimizing the loss. If you're using `model.compile()`, did you forget to provide a `loss`argument?
WARNING:tensorflow:Gradients do not exist for variables ['kernel:0'] when minimizing the loss. If you're using `model.compile()`, did you forget to provide a `loss`argument?
WARNING:tensorflow:Gradients do not exist for variables ['kernel:0'] when minimizing the loss. If you're using `model.compile()`, did you forget to provide a `loss`argument?
WARNING:tensorflow:Gradients do not exist for variables ['kernel:0'] when minimizing the loss. If you're using `model.compile()`, did you forget to provide a `loss`argument?
WARNING:tensorflow:Gradients do not exist for variables ['kernel:0'] when minimizing the loss. If you're using `model.compile()`, did you forget to provide a `loss`argument?
Validation cm: [[891   0   0   0]
 [589   0   0   0]
 [ 80   0   0   0]
 [156   0   0   0]]
Validation normalized_cm: [[1. 0. 0. 0.]
 [1. 0. 0. 0.]
 [1. 0. 0. 0.]
 [1. 0. 0. 0.]]
Validation acc: 0.5192307692307693
Validation class_accuracies: [1.0, 0.0, 0.0, 0.0]
Validation sensitivity: 0.0
Validation specificity: 1.0
Validation icbhi_score: 0.5
Validation roc_auc: None
Validation avg_accuracy: 0.25
Validation one_indexed_epoch: 1
-- New best results were achieved. --
136/136 - 295s - loss: 0.4473 - accuracy: 0.7374 - 295s/epoch - 2s/step
Epoch 2/60
Validation cm: [[891   0   0   0]
 [589   0   0   0]
 [ 80   0   0   0]
 [156   0   0   0]]
Validation normalized_cm: [[1. 0. 0. 0.]
 [1. 0. 0. 0.]
 [1. 0. 0. 0.]
 [1. 0. 0. 0.]]
Validation acc: 0.5192307692307693
Validation class_accuracies: [1.0, 0.0, 0.0, 0.0]
Validation sensitivity: 0.0
Validation specificity: 1.0
Validation icbhi_score: 0.5
Validation roc_auc: None
Validation avg_accuracy: 0.25
Validation one_indexed_epoch: 2
136/136 - 251s - loss: 0.3609 - accuracy: 0.7986 - 251s/epoch - 2s/step
Epoch 3/60
Validation cm: [[891   0   0   0]
 [589   0   0   0]
 [ 80   0   0   0]
 [156   0   0   0]]
Validation normalized_cm: [[1. 0. 0. 0.]
 [1. 0. 0. 0.]
 [1. 0. 0. 0.]
 [1. 0. 0. 0.]]
Validation acc: 0.5192307692307693
Validation class_accuracies: [1.0, 0.0, 0.0, 0.0]
Validation sensitivity: 0.0
Validation specificity: 1.0
Validation icbhi_score: 0.5
Validation roc_auc: None
Validation avg_accuracy: 0.25
Validation one_indexed_epoch: 3
136/136 - 267s - loss: 0.3421 - accuracy: 0.7878 - 267s/epoch - 2s/step
Epoch 4/60
Validation cm: [[891   0   0   0]
 [588   1   0   0]
 [ 80   0   0   0]
 [156   0   0   0]]
Validation normalized_cm: [[1.    0.    0.    0.   ]
 [0.998 0.002 0.    0.   ]
 [1.    0.    0.    0.   ]
 [1.    0.    0.    0.   ]]
Validation acc: 0.5198135198135199
Validation class_accuracies: [1.0, 0.001697792869269949, 0.0, 0.0]
Validation sensitivity: 0.0012121212121212121
Validation specificity: 1.0
Validation icbhi_score: 0.5006060606060606
Validation roc_auc: None
Validation avg_accuracy: 0.25042444821731746
Validation one_indexed_epoch: 4
-- New best results were achieved. --
136/136 - 286s - loss: 0.3306 - accuracy: 0.7898 - 286s/epoch - 2s/step
Epoch 5/60
Validation cm: [[354 495  30  12]
 [188 387  12   2]
 [ 30  38   8   4]
 [ 52  86  14   4]]
Validation normalized_cm: [[0.397 0.556 0.034 0.013]
 [0.319 0.657 0.02  0.003]
 [0.375 0.475 0.1   0.05 ]
 [0.333 0.551 0.09  0.026]]
Validation acc: 0.4388111888111888
Validation class_accuracies: [0.39730639730639733, 0.6570458404074703, 0.1, 0.02564102564102564]
Validation sensitivity: 0.48363636363636364
Validation specificity: 0.39730639730639733
Validation icbhi_score: 0.44047138047138046
Validation roc_auc: None
Validation avg_accuracy: 0.2949983158387233
Validation one_indexed_epoch: 5
136/136 - 287s - loss: 0.3176 - accuracy: 0.7887 - 287s/epoch - 2s/step
Epoch 6/60
Validation cm: [[488 373  25   5]
 [209 375   5   0]
 [ 46  26   6   2]
 [ 67  76  11   2]]
Validation normalized_cm: [[0.548 0.419 0.028 0.006]
 [0.355 0.637 0.008 0.   ]
 [0.575 0.325 0.075 0.025]
 [0.429 0.487 0.071 0.013]]
Validation acc: 0.5075757575757576
Validation class_accuracies: [0.547699214365881, 0.6366723259762309, 0.075, 0.01282051282051282]
Validation sensitivity: 0.46424242424242423
Validation specificity: 0.547699214365881
Validation icbhi_score: 0.5059708193041526
Validation roc_auc: None
Validation avg_accuracy: 0.3180480132906562
Validation one_indexed_epoch: 6
-- New best results were achieved. --
136/136 - 293s - loss: 0.3061 - accuracy: 0.8062 - 293s/epoch - 2s/step
Epoch 7/60
Validation cm: [[682 198   0  11]
 [380 205   0   4]
 [ 60  16   1   3]
 [112  42   1   1]]
Validation normalized_cm: [[0.765 0.222 0.    0.012]
 [0.645 0.348 0.    0.007]
 [0.75  0.2   0.013 0.037]
 [0.718 0.269 0.006 0.006]]
Validation acc: 0.5180652680652681
Validation class_accuracies: [0.7654320987654321, 0.34804753820033957, 0.0125, 0.00641025641025641]
Validation sensitivity: 0.2509090909090909
Validation specificity: 0.7654320987654321
Validation icbhi_score: 0.5081705948372615
Validation roc_auc: None
Validation avg_accuracy: 0.283097473344007
Validation one_indexed_epoch: 7
-- New best results were achieved. --
136/136 - 289s - loss: 0.2889 - accuracy: 0.7997 - 289s/epoch - 2s/step
Epoch 8/60
Validation cm: [[ 75  46 562 208]
 [ 61  86 328 114]
 [  5   3  51  21]
 [  7   8 114  27]]
Validation normalized_cm: [[0.084 0.052 0.631 0.233]
 [0.104 0.146 0.557 0.194]
 [0.062 0.037 0.637 0.263]
 [0.045 0.051 0.731 0.173]]
Validation acc: 0.13927738927738928
Validation class_accuracies: [0.08417508417508418, 0.1460101867572156, 0.6375, 0.17307692307692307]
Validation sensitivity: 0.1987878787878788
Validation specificity: 0.08417508417508418
Validation icbhi_score: 0.14148148148148149
Validation roc_auc: None
Validation avg_accuracy: 0.2601905485023057
Validation one_indexed_epoch: 8
136/136 - 286s - loss: 0.2746 - accuracy: 0.8036 - 286s/epoch - 2s/step
Epoch 9/60
Validation cm: [[491  79 210 111]
 [383  67 103  36]
 [ 26   5  41   8]
 [ 71  11  68   6]]
Validation normalized_cm: [[0.551 0.089 0.236 0.125]
 [0.65  0.114 0.175 0.061]
 [0.325 0.062 0.512 0.1  ]
 [0.455 0.071 0.436 0.038]]
Validation acc: 0.3525641025641026
Validation class_accuracies: [0.5510662177328844, 0.11375212224108659, 0.5125, 0.038461538461538464]
Validation sensitivity: 0.13818181818181818
Validation specificity: 0.5510662177328844
Validation icbhi_score: 0.3446240179573513
Validation roc_auc: None
Validation avg_accuracy: 0.30394496960887735
Validation one_indexed_epoch: 9
136/136 - 285s - loss: 0.2605 - accuracy: 0.8121 - 285s/epoch - 2s/step
Epoch 10/60
Validation cm: [[286 538  19  48]
 [ 93 486   3   7]
 [ 20  40   6  14]
 [ 30 108   2  16]]
Validation normalized_cm: [[0.321 0.604 0.021 0.054]
 [0.158 0.825 0.005 0.012]
 [0.25  0.5   0.075 0.175]
 [0.192 0.692 0.013 0.103]]
Validation acc: 0.4627039627039627
Validation class_accuracies: [0.32098765432098764, 0.8251273344651953, 0.075, 0.10256410256410256]
Validation sensitivity: 0.6157575757575757
Validation specificity: 0.32098765432098764
Validation icbhi_score: 0.4683726150392817
Validation roc_auc: None
Validation avg_accuracy: 0.3309197728375714
Validation one_indexed_epoch: 10
136/136 - 286s - loss: 0.2496 - accuracy: 0.8000 - 286s/epoch - 2s/step
Epoch 11/60
Validation cm: [[ 55 440  35 361]
 [ 65 334  21 169]
 [  4  24   6  46]
 [ 10  47  23  76]]
Validation normalized_cm: [[0.062 0.494 0.039 0.405]
 [0.11  0.567 0.036 0.287]
 [0.05  0.3   0.075 0.575]
 [0.064 0.301 0.147 0.487]]
Validation acc: 0.2744755244755245
Validation class_accuracies: [0.06172839506172839, 0.567062818336163, 0.075, 0.48717948717948717]
Validation sensitivity: 0.5042424242424243
Validation specificity: 0.06172839506172839
Validation icbhi_score: 0.2829854096520763
Validation roc_auc: None
Validation avg_accuracy: 0.29774267514434466
Validation one_indexed_epoch: 11
Mel loss: <tf.Variable 'Variable:0' shape=() dtype=float32, numpy=0.5>
sinc loss: <tf.Variable 'Variable:0' shape=() dtype=float32, numpy=0.5>
136/136 - 288s - loss: 0.2347 - accuracy: 0.8151 - 288s/epoch - 2s/step
Epoch 12/60
Validation cm: [[310 397 135  49]
 [156 361  50  22]
 [ 16  23  32   9]
 [ 46  54  49   7]]
Validation normalized_cm: [[0.348 0.446 0.152 0.055]
 [0.265 0.613 0.085 0.037]
 [0.2   0.287 0.4   0.113]
 [0.295 0.346 0.314 0.045]]
Validation acc: 0.41375291375291373
Validation class_accuracies: [0.3479236812570146, 0.6129032258064516, 0.4, 0.04487179487179487]
Validation sensitivity: 0.48484848484848486
Validation specificity: 0.3479236812570146
Validation icbhi_score: 0.4163860830527497
Validation roc_auc: None
Validation avg_accuracy: 0.35142467548381534
Validation one_indexed_epoch: 12
136/136 - 288s - loss: 0.2146 - accuracy: 0.7995 - 288s/epoch - 2s/step
Epoch 13/60
Validation cm: [[164 680   4  43]
 [ 86 488   1  14]
 [ 12  50   1  17]
 [ 20 112   1  23]]
Validation normalized_cm: [[0.184 0.763 0.004 0.048]
 [0.146 0.829 0.002 0.024]
 [0.15  0.625 0.013 0.212]
 [0.128 0.718 0.006 0.147]]
Validation acc: 0.3939393939393939
Validation class_accuracies: [0.1840628507295174, 0.8285229202037352, 0.0125, 0.14743589743589744]
Validation sensitivity: 0.6206060606060606
Validation specificity: 0.1840628507295174
Validation icbhi_score: 0.402334455667789
Validation roc_auc: None
Validation avg_accuracy: 0.2931304170922875
Validation one_indexed_epoch: 13
136/136 - 287s - loss: 0.1994 - accuracy: 0.7919 - 287s/epoch - 2s/step
Epoch 14/60
Validation cm: [[142  24 626  99]
 [150  29 347  63]
 [  8   0  59  13]
 [ 32   7  93  24]]
Validation normalized_cm: [[0.159 0.027 0.703 0.111]
 [0.255 0.049 0.589 0.107]
 [0.1   0.    0.738 0.163]
 [0.205 0.045 0.596 0.154]]
Validation acc: 0.14801864801864803
Validation class_accuracies: [0.15937149270482603, 0.04923599320882852, 0.7375, 0.15384615384615385]
Validation sensitivity: 0.13575757575757577
Validation specificity: 0.15937149270482603
Validation icbhi_score: 0.14756453423120092
Validation roc_auc: None
Validation avg_accuracy: 0.2749884099399521
Validation one_indexed_epoch: 14
136/136 - 287s - loss: 0.1794 - accuracy: 0.8080 - 287s/epoch - 2s/step
Epoch 15/60
Validation cm: [[129 111 420 231]
 [ 73 126 206 184]
 [ 11   4  37  28]
 [ 11  22  73  50]]
Validation normalized_cm: [[0.145 0.125 0.471 0.259]
 [0.124 0.214 0.35  0.312]
 [0.138 0.05  0.463 0.35 ]
 [0.071 0.141 0.468 0.321]]
Validation acc: 0.1993006993006993
Validation class_accuracies: [0.1447811447811448, 0.21392190152801357, 0.4625, 0.32051282051282054]
Validation sensitivity: 0.2581818181818182
Validation specificity: 0.1447811447811448
Validation icbhi_score: 0.20148148148148148
Validation roc_auc: None
Validation avg_accuracy: 0.2854289667054947
Validation one_indexed_epoch: 15
136/136 - 288s - loss: 0.1661 - accuracy: 0.7905 - 288s/epoch - 2s/step
Epoch 16/60
Validation cm: [[282  43 530  36]
 [200  76 295  18]
 [ 19   1  55   5]
 [ 31  11 103  11]]
Validation normalized_cm: [[0.316 0.048 0.595 0.04 ]
 [0.34  0.129 0.501 0.031]
 [0.237 0.013 0.688 0.062]
 [0.199 0.071 0.66  0.071]]
Validation acc: 0.24708624708624707
Validation class_accuracies: [0.3164983164983165, 0.12903225806451613, 0.6875, 0.07051282051282051]
Validation sensitivity: 0.17212121212121212
Validation specificity: 0.3164983164983165
Validation icbhi_score: 0.2443097643097643
Validation roc_auc: None
Validation avg_accuracy: 0.3008858487689133
Validation one_indexed_epoch: 16
136/136 - 291s - loss: 0.1491 - accuracy: 0.8082 - 291s/epoch - 2s/step
Epoch 17/60
Validation cm: [[405 187 178 121]
 [191 233  92  73]
 [ 25   5  36  14]
 [ 44  31  54  27]]
Validation normalized_cm: [[0.455 0.21  0.2   0.136]
 [0.324 0.396 0.156 0.124]
 [0.312 0.062 0.45  0.175]
 [0.282 0.199 0.346 0.173]]
Validation acc: 0.4085081585081585
Validation class_accuracies: [0.45454545454545453, 0.39558573853989815, 0.45, 0.17307692307692307]
Validation sensitivity: 0.35878787878787877
Validation specificity: 0.45454545454545453
Validation icbhi_score: 0.4066666666666666
Validation roc_auc: None
Validation avg_accuracy: 0.36830202904056897
Validation one_indexed_epoch: 17
136/136 - 291s - loss: 0.1291 - accuracy: 0.7960 - 291s/epoch - 2s/step
Epoch 18/60
