Tensorflow Version: 2.8.0
Num GPUs Available:  1
Collecting Variables...
All variables have been collected.
../cache/
cw
train119
Description:  K Fold sincnet no spectral loss: SR=16000, lr interval of 10 and /10, early stopping, with weights this time, wdecay=1e-4, lr backend=1e-2
-----------------------
Job id is 1.
Job dir: ../cache/cw/train119/1
- Loading Icbhi.
725 Icbhi audios have been loaded.
- Preparing Icbhi.
112 Icbhi groups of audio chunks (by filename or patients) have been prepared.
--- Samples are being split into training/val groups and de-grouped by patient ---
Job id is 2.
lengths
4349
1716
0
0
0
0
-----------------------
--- Final training dataset went from 0 to 4349 elements, with 1663 none's, 1376 crakles, 679 wheezes and 570 both ---
--- Final Validation dataset contains 1716 elements, with 864 none, 585 crackles, 80 wheezes and 155 both ---
Initializing weights...
weights = {0: 0.642962743938498, 1: 0.7844516594516594, 2: 1.5734442836468885, 3: 1.871342512908778}
Model: "leaf_model9_model_bis"
______________________________________________________________________________________________________________
 Layer (type)                                    Output Shape                                Param #          
==============================================================================================================
 sincnet (SincNet)                               multiple                                    320              
                                                                                                              
 mel_filterbanks (MelFilterbanks)                multiple                                    0 (unused)       
                                                                                                              
 sincnet (SincNet)                               multiple                                    0 (unused)       
                                                                                                              
 sequential (Sequential)                         (None, 80, 250, 1)                          4                
                                                                                                              
 sequential_1 (Sequential)                       (None, 80, 250, 16)                         2352             
                                                                                                              
 sequential_2 (Sequential)                       (None, 80, 250, 16)                         6448             
                                                                                                              
 sequential_3 (Sequential)                       (None, 80, 250, 16)                         32               
                                                                                                              
 concatenate (Concatenate)                       multiple                                    0                
                                                                                                              
 sequential_4 (Sequential)                       (None, 2)                                   6192322          
                                                                                                              
==============================================================================================================
Total params: 6,201,640
Trainable params: 6,160,134
Non-trainable params: 41,506
______________________________________________________________________________________________________________
Target metric is icbhi_score
Epoch 1/60
WARNING:tensorflow:Gradients do not exist for variables ['kernel:0'] when minimizing the loss. If you're using `model.compile()`, did you forget to provide a `loss`argument?
WARNING:tensorflow:Gradients do not exist for variables ['kernel:0'] when minimizing the loss. If you're using `model.compile()`, did you forget to provide a `loss`argument?
WARNING:tensorflow:Gradients do not exist for variables ['kernel:0'] when minimizing the loss. If you're using `model.compile()`, did you forget to provide a `loss`argument?
WARNING:tensorflow:Gradients do not exist for variables ['kernel:0'] when minimizing the loss. If you're using `model.compile()`, did you forget to provide a `loss`argument?
WARNING:tensorflow:Gradients do not exist for variables ['kernel:0'] when minimizing the loss. If you're using `model.compile()`, did you forget to provide a `loss`argument?
WARNING:tensorflow:Gradients do not exist for variables ['kernel:0'] when minimizing the loss. If you're using `model.compile()`, did you forget to provide a `loss`argument?
WARNING:tensorflow:Gradients do not exist for variables ['kernel:0'] when minimizing the loss. If you're using `model.compile()`, did you forget to provide a `loss`argument?
WARNING:tensorflow:Gradients do not exist for variables ['kernel:0'] when minimizing the loss. If you're using `model.compile()`, did you forget to provide a `loss`argument?
Validation cm: [[  0   0   0 891]
 [  0   0   0 589]
 [  0   0   0  80]
 [  0   0   0 156]]
Validation normalized_cm: [[0. 0. 0. 1.]
 [0. 0. 0. 1.]
 [0. 0. 0. 1.]
 [0. 0. 0. 1.]]
Validation acc: 0.09090909090909091
Validation class_accuracies: [0.0, 0.0, 0.0, 1.0]
Validation sensitivity: 0.1890909090909091
Validation specificity: 0.0
Validation icbhi_score: 0.09454545454545454
Validation roc_auc: None
Validation avg_accuracy: 0.25
Validation one_indexed_epoch: 1
-- New best results were achieved. --
136/136 - 132s - loss: 0.9166 - accuracy: 0.4307 - 132s/epoch - 973ms/step
Epoch 2/60
Validation cm: [[  0   3 209 679]
 [  0   3 163 423]
 [  0   0  17  63]
 [  0   1  30 125]]
Validation normalized_cm: [[0.    0.003 0.235 0.762]
 [0.    0.005 0.277 0.718]
 [0.    0.    0.212 0.787]
 [0.    0.006 0.192 0.801]]
Validation acc: 0.0844988344988345
Validation class_accuracies: [0.0, 0.0050933786078098476, 0.2125, 0.8012820512820513]
Validation sensitivity: 0.17575757575757575
Validation specificity: 0.0
Validation icbhi_score: 0.08787878787878788
Validation roc_auc: None
Validation avg_accuracy: 0.2547188574724653
Validation one_indexed_epoch: 2
The validation tracker metric at 0.09454545454545454 hasn't increased by 0 in 1 epochs
136/136 - 122s - loss: 0.7550 - accuracy: 0.3964 - 122s/epoch - 900ms/step
Epoch 3/60
Validation cm: [[ 19  18 447 407]
 [  5   7 318 259]
 [  2   0  40  38]
 [  3   1  85  67]]
Validation normalized_cm: [[0.021 0.02  0.502 0.457]
 [0.008 0.012 0.54  0.44 ]
 [0.025 0.    0.5   0.475]
 [0.019 0.006 0.545 0.429]]
Validation acc: 0.0775058275058275
Validation class_accuracies: [0.02132435465768799, 0.011884550084889643, 0.5, 0.42948717948717946]
Validation sensitivity: 0.13818181818181818
Validation specificity: 0.02132435465768799
Validation icbhi_score: 0.0797530864197531
Validation roc_auc: None
Validation avg_accuracy: 0.2406740210574393
Validation one_indexed_epoch: 3
The validation tracker metric at 0.09454545454545454 hasn't increased by 0 in 2 epochs
136/136 - 118s - loss: 0.7532 - accuracy: 0.3937 - 118s/epoch - 864ms/step
Epoch 4/60
Validation cm: [[214 133 286 258]
 [112  96 236 145]
 [ 20  11  25  24]
 [ 37  36  50  33]]
Validation normalized_cm: [[0.24  0.149 0.321 0.29 ]
 [0.19  0.163 0.401 0.246]
 [0.25  0.138 0.312 0.3  ]
 [0.237 0.231 0.321 0.212]]
Validation acc: 0.21445221445221446
Validation class_accuracies: [0.24017957351290684, 0.16298811544991512, 0.3125, 0.21153846153846154]
Validation sensitivity: 0.18666666666666668
Validation specificity: 0.24017957351290684
Validation icbhi_score: 0.21342312008978676
Validation roc_auc: None
Validation avg_accuracy: 0.23180153762532088
Validation one_indexed_epoch: 4
-- New best results were achieved. --
136/136 - 110s - loss: 0.7532 - accuracy: 0.3955 - 110s/epoch - 809ms/step
Epoch 5/60
Validation cm: [[314 201 193 183]
 [186 137 167  99]
 [ 32  16  13  19]
 [ 56  52  24  24]]
Validation normalized_cm: [[0.352 0.226 0.217 0.205]
 [0.316 0.233 0.284 0.168]
 [0.4   0.2   0.163 0.237]
 [0.359 0.333 0.154 0.154]]
Validation acc: 0.28438228438228436
Validation class_accuracies: [0.35241301907968575, 0.23259762308998302, 0.1625, 0.15384615384615385]
Validation sensitivity: 0.2109090909090909
Validation specificity: 0.35241301907968575
Validation icbhi_score: 0.2816610549943883
Validation roc_auc: None
Validation avg_accuracy: 0.22533919900395566
Validation one_indexed_epoch: 5
-- New best results were achieved. --
136/136 - 112s - loss: 0.7488 - accuracy: 0.3987 - 112s/epoch - 826ms/step
Epoch 6/60
Validation cm: [[337 232 161 161]
 [215 146 141  87]
 [ 37  15  12  16]
 [ 53  59  23  21]]
Validation normalized_cm: [[0.378 0.26  0.181 0.181]
 [0.365 0.248 0.239 0.148]
 [0.463 0.188 0.15  0.2  ]
 [0.34  0.378 0.147 0.135]]
Validation acc: 0.3006993006993007
Validation class_accuracies: [0.3782267115600449, 0.24787775891341257, 0.15, 0.1346153846153846]
Validation sensitivity: 0.21696969696969698
Validation specificity: 0.3782267115600449
Validation icbhi_score: 0.29759820426487094
Validation roc_auc: None
Validation avg_accuracy: 0.22767996377221053
Validation one_indexed_epoch: 6
-- New best results were achieved. --
136/136 - 116s - loss: 0.7555 - accuracy: 0.3914 - 116s/epoch - 855ms/step
Epoch 7/60
Validation cm: [[345 242 154 150]
 [217 153 137  82]
 [ 38  17  11  14]
 [ 55  58  20  23]]
Validation normalized_cm: [[0.387 0.272 0.173 0.168]
 [0.368 0.26  0.233 0.139]
 [0.475 0.212 0.138 0.175]
 [0.353 0.372 0.128 0.147]]
Validation acc: 0.31002331002331
Validation class_accuracies: [0.3872053872053872, 0.2597623089983022, 0.1375, 0.14743589743589744]
Validation sensitivity: 0.22666666666666666
Validation specificity: 0.3872053872053872
Validation icbhi_score: 0.30693602693602695
Validation roc_auc: None
Validation avg_accuracy: 0.23297589840989671
Validation one_indexed_epoch: 7
-- New best results were achieved. --
136/136 - 111s - loss: 0.7484 - accuracy: 0.3957 - 111s/epoch - 818ms/step
Epoch 8/60
Validation cm: [[350 235 154 152]
 [219 151 140  79]
 [ 38  17  11  14]
 [ 57  57  20  22]]
Validation normalized_cm: [[0.393 0.264 0.173 0.171]
 [0.372 0.256 0.238 0.134]
 [0.475 0.212 0.138 0.175]
 [0.365 0.365 0.128 0.141]]
Validation acc: 0.3111888111888112
Validation class_accuracies: [0.39281705948372614, 0.2563667232597623, 0.1375, 0.14102564102564102]
Validation sensitivity: 0.22303030303030302
Validation specificity: 0.39281705948372614
Validation icbhi_score: 0.3079236812570146
Validation roc_auc: None
Validation avg_accuracy: 0.23192735594228236
Validation one_indexed_epoch: 8
-- New best results were achieved. --
136/136 - 113s - loss: 0.7505 - accuracy: 0.4012 - 113s/epoch - 833ms/step
Epoch 9/60
Validation cm: [[348 234 156 153]
 [221 146 141  81]
 [ 38  16  11  15]
 [ 58  56  20  22]]
Validation normalized_cm: [[0.391 0.263 0.175 0.172]
 [0.375 0.248 0.239 0.138]
 [0.475 0.2   0.138 0.188]
 [0.372 0.359 0.128 0.141]]
Validation acc: 0.3071095571095571
Validation class_accuracies: [0.39057239057239057, 0.24787775891341257, 0.1375, 0.14102564102564102]
Validation sensitivity: 0.21696969696969698
Validation specificity: 0.39057239057239057
Validation icbhi_score: 0.3037710437710438
Validation roc_auc: None
Validation avg_accuracy: 0.22924394762786104
Validation one_indexed_epoch: 9
The validation tracker metric at 0.3079236812570146 hasn't increased by 0 in 1 epochs
136/136 - 115s - loss: 0.7520 - accuracy: 0.4015 - 115s/epoch - 845ms/step
Epoch 10/60
Validation cm: [[346 229 168 148]
 [216 147 148  78]
 [ 37  16  11  16]
 [ 58  56  24  18]]
Validation normalized_cm: [[0.388 0.257 0.189 0.166]
 [0.367 0.25  0.251 0.132]
 [0.463 0.2   0.138 0.2  ]
 [0.372 0.359 0.154 0.115]]
Validation acc: 0.3041958041958042
Validation class_accuracies: [0.388327721661055, 0.2495755517826825, 0.1375, 0.11538461538461539]
Validation sensitivity: 0.21333333333333335
Validation specificity: 0.388327721661055
Validation icbhi_score: 0.3008305274971942
Validation roc_auc: None
Validation avg_accuracy: 0.22269697220708823
Validation one_indexed_epoch: 10
The validation tracker metric at 0.3079236812570146 hasn't increased by 0 in 2 epochs
136/136 - 116s - loss: 0.7521 - accuracy: 0.3960 - 116s/epoch - 854ms/step
Epoch 11/60
Validation cm: [[343 243 157 148]
 [214 155 138  82]
 [ 38  17  11  14]
 [ 57  55  20  24]]
Validation normalized_cm: [[0.385 0.273 0.176 0.166]
 [0.363 0.263 0.234 0.139]
 [0.475 0.212 0.138 0.175]
 [0.365 0.353 0.128 0.154]]
Validation acc: 0.3106060606060606
Validation class_accuracies: [0.38496071829405165, 0.2631578947368421, 0.1375, 0.15384615384615385]
Validation sensitivity: 0.23030303030303031
Validation specificity: 0.38496071829405165
Validation icbhi_score: 0.307631874298541
Validation roc_auc: None
Validation avg_accuracy: 0.2348661917192619
Validation one_indexed_epoch: 11
The validation tracker metric at 0.3079236812570146 hasn't increased by 0 in 3 epochs
Mel loss: <tf.Variable 'Variable:0' shape=() dtype=float32, numpy=0.5>
sinc loss: <tf.Variable 'Variable:0' shape=() dtype=float32, numpy=0.5>
136/136 - 111s - loss: 0.7483 - accuracy: 0.4056 - 111s/epoch - 818ms/step
Epoch 12/60
Validation cm: [[338 243 160 150]
 [216 154 140  79]
 [ 38  18  11  13]
 [ 54  58  22  22]]
Validation normalized_cm: [[0.379 0.273 0.18  0.168]
 [0.367 0.261 0.238 0.134]
 [0.475 0.225 0.138 0.163]
 [0.346 0.372 0.141 0.141]]
Validation acc: 0.30594405594405594
Validation class_accuracies: [0.3793490460157127, 0.2614601018675722, 0.1375, 0.14102564102564102]
Validation sensitivity: 0.22666666666666666
Validation specificity: 0.3793490460157127
Validation icbhi_score: 0.30300785634118965
Validation roc_auc: None
Validation avg_accuracy: 0.22983369722723146
Validation one_indexed_epoch: 12
The validation tracker metric at 0.3079236812570146 hasn't increased by 0 in 4 epochs
136/136 - 111s - loss: 0.7499 - accuracy: 0.3964 - 111s/epoch - 815ms/step
Epoch 13/60
Validation cm: [[338 240 163 150]
 [214 149 142  84]
 [ 38  18  11  13]
 [ 55  56  22  23]]
Validation normalized_cm: [[0.379 0.269 0.183 0.168]
 [0.363 0.253 0.241 0.143]
 [0.475 0.225 0.138 0.163]
 [0.353 0.359 0.141 0.147]]
Validation acc: 0.30361305361305363
Validation class_accuracies: [0.3793490460157127, 0.2529711375212224, 0.1375, 0.14743589743589744]
Validation sensitivity: 0.22181818181818183
Validation specificity: 0.3793490460157127
Validation icbhi_score: 0.30058361391694727
Validation roc_auc: None
Validation avg_accuracy: 0.22931402024320816
Validation one_indexed_epoch: 13
The validation tracker metric at 0.3079236812570146 hasn't increased by 0 in 5 epochs
136/136 - 114s - loss: 0.7556 - accuracy: 0.3941 - 114s/epoch - 836ms/step
Epoch 14/60
Validation cm: [[344 242 155 150]
 [216 151 136  86]
 [ 38  18  11  13]
 [ 57  55  20  24]]
Validation normalized_cm: [[0.386 0.272 0.174 0.168]
 [0.367 0.256 0.231 0.146]
 [0.475 0.225 0.138 0.163]
 [0.365 0.353 0.128 0.154]]
Validation acc: 0.30885780885780884
Validation class_accuracies: [0.38608305274971944, 0.2563667232597623, 0.1375, 0.15384615384615385]
Validation sensitivity: 0.22545454545454546
Validation specificity: 0.38608305274971944
Validation icbhi_score: 0.30576879910213245
Validation roc_auc: None
Validation avg_accuracy: 0.2334489824639089
Validation one_indexed_epoch: 14
The validation tracker metric at 0.3079236812570146 hasn't increased by 0 in 6 epochs
136/136 - 118s - loss: 0.7523 - accuracy: 0.3973 - 118s/epoch - 864ms/step
Epoch 15/60
Validation cm: [[332 238 167 154]
 [213 149 139  88]
 [ 38  18  11  13]
 [ 57  54  20  25]]
Validation normalized_cm: [[0.373 0.267 0.187 0.173]
 [0.362 0.253 0.236 0.149]
 [0.475 0.225 0.138 0.163]
 [0.365 0.346 0.128 0.16 ]]
Validation acc: 0.30128205128205127
Validation class_accuracies: [0.372615039281706, 0.2529711375212224, 0.1375, 0.16025641025641027]
Validation sensitivity: 0.22424242424242424
Validation specificity: 0.372615039281706
Validation icbhi_score: 0.2984287317620651
Validation roc_auc: None
Validation avg_accuracy: 0.23083564676483467
Validation one_indexed_epoch: 15
The validation tracker metric at 0.3079236812570146 hasn't increased by 0 in 7 epochs
136/136 - 125s - loss: 0.7499 - accuracy: 0.3895 - 125s/epoch - 916ms/step
Epoch 16/60
Validation cm: [[343 233 161 154]
 [220 150 140  79]
 [ 38  17  11  14]
 [ 55  56  22  23]]
Validation normalized_cm: [[0.385 0.262 0.181 0.173]
 [0.374 0.255 0.238 0.134]
 [0.475 0.212 0.138 0.175]
 [0.353 0.359 0.141 0.147]]
Validation acc: 0.3071095571095571
Validation class_accuracies: [0.38496071829405165, 0.2546689303904924, 0.1375, 0.14743589743589744]
Validation sensitivity: 0.22303030303030302
Validation specificity: 0.38496071829405165
Validation icbhi_score: 0.30399551066217734
Validation roc_auc: None
Validation avg_accuracy: 0.23114138653011038
Validation one_indexed_epoch: 16
The validation tracker metric at 0.3079236812570146 hasn't increased by 0 in 8 epochs
136/136 - 120s - loss: 0.7511 - accuracy: 0.3971 - 120s/epoch - 884ms/step
Epoch 17/60
Validation cm: [[356 228 156 151]
 [222 142 141  84]
 [ 39  16  11  14]
 [ 60  53  21  22]]
Validation normalized_cm: [[0.4   0.256 0.175 0.169]
 [0.377 0.241 0.239 0.143]
 [0.487 0.2   0.138 0.175]
 [0.385 0.34  0.135 0.141]]
Validation acc: 0.3094405594405594
Validation class_accuracies: [0.3995510662177329, 0.24108658743633277, 0.1375, 0.14102564102564102]
Validation sensitivity: 0.21212121212121213
Validation specificity: 0.3995510662177329
Validation icbhi_score: 0.3058361391694725
Validation roc_auc: None
Validation avg_accuracy: 0.22979082366992665
Validation one_indexed_epoch: 17
The validation tracker metric at 0.3079236812570146 hasn't increased by 0 in 9 epochs
136/136 - 121s - loss: 0.7535 - accuracy: 0.3966 - 121s/epoch - 887ms/step
Epoch 18/60
Validation cm: [[349 235 158 149]
 [223 143 140  83]
 [ 38  17  10  15]
 [ 55  57  23  21]]
Validation normalized_cm: [[0.392 0.264 0.177 0.167]
 [0.379 0.243 0.238 0.141]
 [0.475 0.212 0.125 0.188]
 [0.353 0.365 0.147 0.135]]
Validation acc: 0.30477855477855476
Validation class_accuracies: [0.39169472502805835, 0.2427843803056027, 0.125, 0.1346153846153846]
Validation sensitivity: 0.2109090909090909
Validation specificity: 0.39169472502805835
Validation icbhi_score: 0.30130190796857464
Validation roc_auc: None
Validation avg_accuracy: 0.2235236224872614
Validation one_indexed_epoch: 18
The validation tracker metric at 0.3079236812570146 hasn't increased by 0 in 10 epochs
136/136 - 124s - loss: 0.7536 - accuracy: 0.3953 - 124s/epoch - 914ms/step
Epoch 19/60
Validation cm: [[336 241 164 150]
 [210 153 143  83]
 [ 38  18  11  13]
 [ 52  58  23  23]]
Validation normalized_cm: [[0.377 0.27  0.184 0.168]
 [0.357 0.26  0.243 0.141]
 [0.475 0.225 0.138 0.163]
 [0.333 0.372 0.147 0.147]]
Validation acc: 0.30477855477855476
Validation class_accuracies: [0.3771043771043771, 0.2597623089983022, 0.1375, 0.14743589743589744]
Validation sensitivity: 0.22666666666666666
Validation specificity: 0.3771043771043771
Validation icbhi_score: 0.30188552188552187
Validation roc_auc: None
Validation avg_accuracy: 0.23045064588464417
Validation one_indexed_epoch: 19
The validation tracker metric at 0.3079236812570146 hasn't increased by 0 in 11 epochs
136/136 - 119s - loss: 0.7490 - accuracy: 0.4033 - 119s/epoch - 872ms/step
Epoch 20/60
Validation cm: [[344 242 156 149]
 [214 154 138  83]
 [ 38  17  11  14]
 [ 55  59  20  22]]
Validation normalized_cm: [[0.386 0.272 0.175 0.167]
 [0.363 0.261 0.234 0.141]
 [0.475 0.212 0.138 0.175]
 [0.353 0.378 0.128 0.141]]
Validation acc: 0.3094405594405594
Validation class_accuracies: [0.38608305274971944, 0.2614601018675722, 0.1375, 0.14102564102564102]
Validation sensitivity: 0.22666666666666666
Validation specificity: 0.38608305274971944
Validation icbhi_score: 0.30637485970819306
Validation roc_auc: None
Validation avg_accuracy: 0.23151719891073314
Validation one_indexed_epoch: 20
The validation tracker metric at 0.3079236812570146 hasn't increased by 0 in 12 epochs
136/136 - 125s - loss: 0.7474 - accuracy: 0.4001 - 125s/epoch - 917ms/step
Epoch 21/60
Validation cm: [[343 243 158 147]
 [213 156 138  82]
 [ 38  18  11  13]
 [ 57  55  20  24]]
Validation normalized_cm: [[0.385 0.273 0.177 0.165]
 [0.362 0.265 0.234 0.139]
 [0.475 0.225 0.138 0.163]
 [0.365 0.353 0.128 0.154]]
Validation acc: 0.3111888111888112
Validation class_accuracies: [0.38496071829405165, 0.26485568760611206, 0.1375, 0.15384615384615385]
Validation sensitivity: 0.2315151515151515
Validation specificity: 0.38496071829405165
Validation icbhi_score: 0.3082379349046016
Validation roc_auc: None
Validation avg_accuracy: 0.23529063993657937
Validation one_indexed_epoch: 21
-- New best results were achieved. --
Mel loss: <tf.Variable 'Variable:0' shape=() dtype=float32, numpy=0.5>
sinc loss: <tf.Variable 'Variable:0' shape=() dtype=float32, numpy=0.5>
136/136 - 122s - loss: 0.7519 - accuracy: 0.4006 - 122s/epoch - 899ms/step
Epoch 22/60
Validation cm: [[344 239 156 152]
 [217 147 139  86]
 [ 38  18  11  13]
 [ 56  58  20  22]]
Validation normalized_cm: [[0.386 0.268 0.175 0.171]
 [0.368 0.25  0.236 0.146]
 [0.475 0.225 0.138 0.163]
 [0.359 0.372 0.128 0.141]]
Validation acc: 0.30536130536130535
Validation class_accuracies: [0.38608305274971944, 0.2495755517826825, 0.1375, 0.14102564102564102]
Validation sensitivity: 0.21818181818181817
Validation specificity: 0.38608305274971944
Validation icbhi_score: 0.3021324354657688
Validation roc_auc: None
Validation avg_accuracy: 0.22854606138951072
Validation one_indexed_epoch: 22
The validation tracker metric at 0.3082379349046016 hasn't increased by 0 in 1 epochs
136/136 - 121s - loss: 0.7567 - accuracy: 0.4038 - 121s/epoch - 889ms/step
Epoch 23/60
Validation cm: [[349 234 156 152]
 [220 145 140  84]
 [ 38  18  11  13]
 [ 57  57  20  22]]
Validation normalized_cm: [[0.392 0.263 0.175 0.171]
 [0.374 0.246 0.238 0.143]
 [0.475 0.225 0.138 0.163]
 [0.365 0.365 0.128 0.141]]
Validation acc: 0.3071095571095571
Validation class_accuracies: [0.39169472502805835, 0.2461799660441426, 0.1375, 0.14102564102564102]
Validation sensitivity: 0.21575757575757576
Validation specificity: 0.39169472502805835
Validation icbhi_score: 0.30372615039281703
Validation roc_auc: None
Validation avg_accuracy: 0.2291000830244605
Validation one_indexed_epoch: 23
The validation tracker metric at 0.3082379349046016 hasn't increased by 0 in 2 epochs
136/136 - 124s - loss: 0.7549 - accuracy: 0.3969 - 124s/epoch - 912ms/step
Epoch 24/60
Validation cm: [[347 234 157 153]
 [218 151 140  80]
 [ 38  17  11  14]
 [ 54  57  22  23]]
Validation normalized_cm: [[0.389 0.263 0.176 0.172]
 [0.37  0.256 0.238 0.136]
 [0.475 0.212 0.138 0.175]
 [0.346 0.365 0.141 0.147]]
Validation acc: 0.31002331002331
Validation class_accuracies: [0.3894500561167228, 0.2563667232597623, 0.1375, 0.14743589743589744]
Validation sensitivity: 0.22424242424242424
Validation specificity: 0.3894500561167228
Validation icbhi_score: 0.3068462401795735
Validation roc_auc: None
Validation avg_accuracy: 0.23268816920309562
Validation one_indexed_epoch: 24
The validation tracker metric at 0.3082379349046016 hasn't increased by 0 in 3 epochs
136/136 - 118s - loss: 0.7576 - accuracy: 0.3918 - 118s/epoch - 869ms/step
Epoch 25/60
Validation cm: [[344 236 158 153]
 [216 146 140  87]
 [ 38  17  11  14]
 [ 56  57  21  22]]
Validation normalized_cm: [[0.386 0.265 0.177 0.172]
 [0.367 0.248 0.238 0.148]
 [0.475 0.212 0.138 0.175]
 [0.359 0.365 0.135 0.141]]
Validation acc: 0.30477855477855476
Validation class_accuracies: [0.38608305274971944, 0.24787775891341257, 0.1375, 0.14102564102564102]
Validation sensitivity: 0.21696969696969698
Validation specificity: 0.38608305274971944
Validation icbhi_score: 0.30152637485970823
Validation roc_auc: None
Validation avg_accuracy: 0.22812161317219326
Validation one_indexed_epoch: 25
The validation tracker metric at 0.3082379349046016 hasn't increased by 0 in 4 epochs
136/136 - 125s - loss: 0.7483 - accuracy: 0.3985 - 125s/epoch - 919ms/step
Epoch 26/60
Validation cm: [[346 242 152 151]
 [215 155 136  83]
 [ 37  18  11  14]
 [ 55  59  20  22]]
Validation normalized_cm: [[0.388 0.272 0.171 0.169]
 [0.365 0.263 0.231 0.141]
 [0.463 0.225 0.138 0.175]
 [0.353 0.378 0.128 0.141]]
Validation acc: 0.3111888111888112
Validation class_accuracies: [0.388327721661055, 0.2631578947368421, 0.1375, 0.14102564102564102]
Validation sensitivity: 0.22787878787878788
Validation specificity: 0.388327721661055
Validation icbhi_score: 0.30810325476992145
Validation roc_auc: None
Validation avg_accuracy: 0.2325028143558845
Validation one_indexed_epoch: 26
The validation tracker metric at 0.3082379349046016 hasn't increased by 0 in 5 epochs
136/136 - 123s - loss: 0.7478 - accuracy: 0.4019 - 123s/epoch - 907ms/step
Epoch 27/60
Validation cm: [[340 248 154 149]
 [214 156 135  84]
 [ 38  18  11  13]
 [ 54  58  20  24]]
Validation normalized_cm: [[0.382 0.278 0.173 0.167]
 [0.363 0.265 0.229 0.143]
 [0.475 0.225 0.138 0.163]
 [0.346 0.372 0.128 0.154]]
Validation acc: 0.3094405594405594
Validation class_accuracies: [0.38159371492704824, 0.26485568760611206, 0.1375, 0.15384615384615385]
Validation sensitivity: 0.2315151515151515
Validation specificity: 0.38159371492704824
Validation icbhi_score: 0.3065544332210999
Validation roc_auc: None
Validation avg_accuracy: 0.23444888909482856
Validation one_indexed_epoch: 27
The validation tracker metric at 0.3082379349046016 hasn't increased by 0 in 6 epochs
136/136 - 122s - loss: 0.7512 - accuracy: 0.3987 - 122s/epoch - 898ms/step
Epoch 28/60
Validation cm: [[352 232 155 152]
 [221 148 140  80]
 [ 38  17  11  14]
 [ 57  56  20  23]]
Validation normalized_cm: [[0.395 0.26  0.174 0.171]
 [0.375 0.251 0.238 0.136]
 [0.475 0.212 0.138 0.175]
 [0.365 0.359 0.128 0.147]]
Validation acc: 0.3111888111888112
Validation class_accuracies: [0.3950617283950617, 0.25127334465195245, 0.1375, 0.14743589743589744]
Validation sensitivity: 0.2206060606060606
Validation specificity: 0.3950617283950617
Validation icbhi_score: 0.30783389450056114
Validation roc_auc: None
Validation avg_accuracy: 0.23281774262072788
Validation one_indexed_epoch: 28
The validation tracker metric at 0.3082379349046016 hasn't increased by 0 in 7 epochs
136/136 - 125s - loss: 0.7478 - accuracy: 0.3994 - 125s/epoch - 922ms/step
Epoch 29/60
Validation cm: [[344 231 167 149]
 [221 144 142  82]
 [ 39  17  11  13]
 [ 57  52  23  24]]
Validation normalized_cm: [[0.386 0.259 0.187 0.167]
 [0.375 0.244 0.241 0.139]
 [0.487 0.212 0.138 0.163]
 [0.365 0.333 0.147 0.154]]
Validation acc: 0.30477855477855476
Validation class_accuracies: [0.38608305274971944, 0.24448217317487267, 0.1375, 0.15384615384615385]
Validation sensitivity: 0.21696969696969698
Validation specificity: 0.38608305274971944
Validation icbhi_score: 0.30152637485970823
Validation roc_auc: None
Validation avg_accuracy: 0.2304778449426865
Validation one_indexed_epoch: 29
The validation tracker metric at 0.3082379349046016 hasn't increased by 0 in 8 epochs
136/136 - 121s - loss: 0.7530 - accuracy: 0.3927 - 121s/epoch - 892ms/step
Epoch 30/60
Validation cm: [[346 227 161 157]
 [222 140 142  85]
 [ 38  15  12  15]
 [ 59  53  21  23]]
Validation normalized_cm: [[0.388 0.255 0.181 0.176]
 [0.377 0.238 0.241 0.144]
 [0.475 0.188 0.15  0.188]
 [0.378 0.34  0.135 0.147]]
Validation acc: 0.30361305361305363
Validation class_accuracies: [0.388327721661055, 0.23769100169779286, 0.15, 0.14743589743589744]
Validation sensitivity: 0.21212121212121213
Validation specificity: 0.388327721661055
Validation icbhi_score: 0.3002244668911336
Validation roc_auc: None
Validation avg_accuracy: 0.23086365519868635
Validation one_indexed_epoch: 30
The validation tracker metric at 0.3082379349046016 hasn't increased by 0 in 9 epochs
136/136 - 124s - loss: 0.7510 - accuracy: 0.3934 - 124s/epoch - 912ms/step
Epoch 31/60
Validation cm: [[341 230 164 156]
 [217 147 143  82]
 [ 38  17  11  14]
 [ 53  57  23  23]]
Validation normalized_cm: [[0.383 0.258 0.184 0.175]
 [0.368 0.25  0.243 0.139]
 [0.475 0.212 0.138 0.175]
 [0.34  0.365 0.147 0.147]]
Validation acc: 0.3041958041958042
Validation class_accuracies: [0.38271604938271603, 0.2495755517826825, 0.1375, 0.14743589743589744]
Validation sensitivity: 0.2193939393939394
Validation specificity: 0.38271604938271603
Validation icbhi_score: 0.3010549943883277
Validation roc_auc: None
Validation avg_accuracy: 0.22930687465032398
Validation one_indexed_epoch: 31
The validation tracker metric at 0.3082379349046016 hasn't increased by 0 in 10 epochs
Mel loss: <tf.Variable 'Variable:0' shape=() dtype=float32, numpy=0.5>
sinc loss: <tf.Variable 'Variable:0' shape=() dtype=float32, numpy=0.5>
136/136 - 125s - loss: 0.7510 - accuracy: 0.3920 - 125s/epoch - 918ms/step
Epoch 32/60
Validation cm: [[340 236 163 152]
 [217 146 140  86]
 [ 38  17  11  14]
 [ 56  57  21  22]]
Validation normalized_cm: [[0.382 0.265 0.183 0.171]
 [0.368 0.248 0.238 0.146]
 [0.475 0.212 0.138 0.175]
 [0.359 0.365 0.135 0.141]]
Validation acc: 0.30244755244755245
Validation class_accuracies: [0.38159371492704824, 0.24787775891341257, 0.1375, 0.14102564102564102]
Validation sensitivity: 0.21696969696969698
Validation specificity: 0.38159371492704824
Validation icbhi_score: 0.2992817059483726
Validation roc_auc: None
Validation avg_accuracy: 0.22699927871652542
Validation one_indexed_epoch: 32
The validation tracker metric at 0.3082379349046016 hasn't increased by 0 in 11 epochs
136/136 - 120s - loss: 0.7539 - accuracy: 0.3953 - 120s/epoch - 880ms/step
Epoch 33/60
Validation cm: [[351 237 155 148]
 [218 150 140  81]
 [ 38  17  11  14]
 [ 57  57  20  22]]
Validation normalized_cm: [[0.394 0.266 0.174 0.166]
 [0.37  0.255 0.238 0.138]
 [0.475 0.212 0.138 0.175]
 [0.365 0.365 0.128 0.141]]
Validation acc: 0.3111888111888112
Validation class_accuracies: [0.3939393939393939, 0.2546689303904924, 0.1375, 0.14102564102564102]
Validation sensitivity: 0.22181818181818183
Validation specificity: 0.3939393939393939
Validation icbhi_score: 0.30787878787878786
Validation roc_auc: None
Validation avg_accuracy: 0.23178349133888182
Validation one_indexed_epoch: 33
The validation tracker metric at 0.3082379349046016 hasn't increased by 0 in 12 epochs
136/136 - 125s - loss: 0.7522 - accuracy: 0.3927 - 125s/epoch - 918ms/step
Epoch 34/60
Validation cm: [[340 235 163 153]
 [219 149 140  81]
 [ 38  16  11  15]
 [ 54  57  22  23]]
Validation normalized_cm: [[0.382 0.264 0.183 0.172]
 [0.372 0.253 0.238 0.138]
 [0.475 0.2   0.138 0.188]
 [0.346 0.365 0.141 0.147]]
Validation acc: 0.30477855477855476
Validation class_accuracies: [0.38159371492704824, 0.2529711375212224, 0.1375, 0.14743589743589744]
Validation sensitivity: 0.22181818181818183
Validation specificity: 0.38159371492704824
Validation icbhi_score: 0.30170594837261505
Validation roc_auc: None
Validation avg_accuracy: 0.22987518747104205
Validation one_indexed_epoch: 34
The validation tracker metric at 0.3082379349046016 hasn't increased by 0 in 13 epochs
136/136 - 122s - loss: 0.7501 - accuracy: 0.3918 - 122s/epoch - 897ms/step
Epoch 35/60
Validation cm: [[338 247 159 147]
 [209 161 141  78]
 [ 37  18  11  14]
 [ 54  58  21  23]]
Validation normalized_cm: [[0.379 0.277 0.178 0.165]
 [0.355 0.273 0.239 0.132]
 [0.463 0.225 0.138 0.175]
 [0.346 0.372 0.135 0.147]]
Validation acc: 0.3106060606060606
Validation class_accuracies: [0.3793490460157127, 0.2733446519524618, 0.1375, 0.14743589743589744]
Validation sensitivity: 0.23636363636363636
Validation specificity: 0.3793490460157127
Validation icbhi_score: 0.30785634118967453
Validation roc_auc: None
Validation avg_accuracy: 0.234407398851018
Validation one_indexed_epoch: 35
The validation tracker metric at 0.3082379349046016 hasn't increased by 0 in 14 epochs
136/136 - 124s - loss: 0.7480 - accuracy: 0.4033 - 124s/epoch - 909ms/step
Epoch 36/60
Validation cm: [[344 244 156 147]
 [217 153 140  79]
 [ 38  17  11  14]
 [ 55  58  21  22]]
Validation normalized_cm: [[0.386 0.274 0.175 0.165]
 [0.368 0.26  0.238 0.134]
 [0.475 0.212 0.138 0.175]
 [0.353 0.372 0.135 0.141]]
Validation acc: 0.30885780885780884
Validation class_accuracies: [0.38608305274971944, 0.2597623089983022, 0.1375, 0.14102564102564102]
Validation sensitivity: 0.22545454545454546
Validation specificity: 0.38608305274971944
Validation icbhi_score: 0.30576879910213245
Validation roc_auc: None
Validation avg_accuracy: 0.23109275069341567
Validation one_indexed_epoch: 36
The validation tracker metric at 0.3082379349046016 hasn't increased by 0 in 15 epochs
136/136 - 126s - loss: 0.7491 - accuracy: 0.3971 - 126s/epoch - 926ms/step
Epoch 37/60
Validation cm: [[345 242 156 148]
 [214 156 138  81]
 [ 38  17  11  14]
 [ 55  59  20  22]]
Validation normalized_cm: [[0.387 0.272 0.175 0.166]
 [0.363 0.265 0.234 0.138]
 [0.475 0.212 0.138 0.175]
 [0.353 0.378 0.128 0.141]]
Validation acc: 0.3111888111888112
Validation class_accuracies: [0.3872053872053872, 0.26485568760611206, 0.1375, 0.14102564102564102]
Validation sensitivity: 0.2290909090909091
Validation specificity: 0.3872053872053872
Validation icbhi_score: 0.30814814814814817
Validation roc_auc: None
Validation avg_accuracy: 0.23264667895928504
Validation one_indexed_epoch: 37
The validation tracker metric at 0.3082379349046016 hasn't increased by 0 in 16 epochs
136/136 - 121s - loss: 0.7538 - accuracy: 0.4003 - 121s/epoch - 893ms/step
Epoch 38/60
Validation cm: [[342 241 157 151]
 [217 153 139  80]
 [ 37  17  11  15]
 [ 54  58  22  22]]
Validation normalized_cm: [[0.384 0.27  0.176 0.169]
 [0.368 0.26  0.236 0.136]
 [0.463 0.212 0.138 0.188]
 [0.346 0.372 0.141 0.141]]
Validation acc: 0.3076923076923077
Validation class_accuracies: [0.3838383838383838, 0.2597623089983022, 0.1375, 0.14102564102564102]
Validation sensitivity: 0.22545454545454546
Validation specificity: 0.3838383838383838
Validation icbhi_score: 0.3046464646464646
Validation roc_auc: None
Validation avg_accuracy: 0.23053158346558172
Validation one_indexed_epoch: 38
The validation tracker metric at 0.3082379349046016 hasn't increased by 0 in 17 epochs
136/136 - 126s - loss: 0.7500 - accuracy: 0.3983 - 126s/epoch - 923ms/step
Epoch 39/60
Validation cm: [[344 238 158 151]
 [216 147 141  85]
 [ 38  17  11  14]
 [ 55  58  20  23]]
Validation normalized_cm: [[0.386 0.267 0.177 0.169]
 [0.367 0.25  0.239 0.144]
 [0.475 0.212 0.138 0.175]
 [0.353 0.372 0.128 0.147]]
Validation acc: 0.30594405594405594
Validation class_accuracies: [0.38608305274971944, 0.2495755517826825, 0.1375, 0.14743589743589744]
Validation sensitivity: 0.2193939393939394
Validation specificity: 0.38608305274971944
Validation icbhi_score: 0.3027384960718294
Validation roc_auc: None
Validation avg_accuracy: 0.23014862549207485
Validation one_indexed_epoch: 39
The validation tracker metric at 0.3082379349046016 hasn't increased by 0 in 18 epochs
136/136 - 125s - loss: 0.7511 - accuracy: 0.3976 - 125s/epoch - 917ms/step
Epoch 40/60
Validation cm: [[344 243 153 151]
 [215 152 136  86]
 [ 38  18  11  13]
 [ 55  57  20  24]]
Validation normalized_cm: [[0.386 0.273 0.172 0.169]
 [0.365 0.258 0.231 0.146]
 [0.475 0.225 0.138 0.163]
 [0.353 0.365 0.128 0.154]]
Validation acc: 0.3094405594405594
Validation class_accuracies: [0.38608305274971944, 0.25806451612903225, 0.1375, 0.15384615384615385]
Validation sensitivity: 0.22666666666666666
Validation specificity: 0.38608305274971944
Validation icbhi_score: 0.30637485970819306
Validation roc_auc: None
Validation avg_accuracy: 0.23387343068122637
Validation one_indexed_epoch: 40
The validation tracker metric at 0.3082379349046016 hasn't increased by 0 in 19 epochs
136/136 - 123s - loss: 0.7489 - accuracy: 0.4040 - 123s/epoch - 902ms/step
Epoch 41/60
Validation cm: [[341 246 157 147]
 [218 152 132  87]
 [ 38  19  12  11]
 [ 56  57  20  23]]
Validation normalized_cm: [[0.383 0.276 0.176 0.165]
 [0.37  0.258 0.224 0.148]
 [0.475 0.237 0.15  0.138]
 [0.359 0.365 0.128 0.147]]
Validation acc: 0.3076923076923077
Validation class_accuracies: [0.38271604938271603, 0.25806451612903225, 0.15, 0.14743589743589744]
Validation sensitivity: 0.22666666666666666
Validation specificity: 0.38271604938271603
Validation icbhi_score: 0.30469135802469133
Validation roc_auc: None
Validation avg_accuracy: 0.23455411573691143
Validation one_indexed_epoch: 41
The number of epochs since last 1% equals the patience
136/136 - 126s - loss: 0.7549 - accuracy: 0.3939 - 126s/epoch - 925ms/step
----------------------------------
The best metrics for this job are: 

Best icbhi_score: 0.3082379349046016
Best cm: [[343 243 158 147]
 [213 156 138  82]
 [ 38  18  11  13]
 [ 57  55  20  24]]
Best normalized_cm: [[0.385 0.273 0.177 0.165]
 [0.362 0.265 0.234 0.139]
 [0.475 0.225 0.138 0.163]
 [0.365 0.353 0.128 0.154]]
Best acc: 0.3111888111888112
Best class_accuracies: [0.38496071829405165, 0.26485568760611206, 0.1375, 0.15384615384615385]
Best sensitivity: 0.2315151515151515
Best specificity: 0.38496071829405165
Best roc_auc: None
Best avg_accuracy: 0.23529063993657937
Best one_indexed_epoch: 21
icbhi_score
model
cm
normalized_cm
acc
class_accuracies
sensitivity
specificity
roc_auc
avg_accuracy
one_indexed_epoch
{'loss': [0.9165734648704529, 0.7550411820411682, 0.7532250285148621, 0.7532142400741577, 0.7488316297531128, 0.755545973777771, 0.748378336429596, 0.7505252957344055, 0.7519702315330505, 0.7521239519119263, 0.7483289837837219, 0.7499117255210876, 0.7556219100952148, 0.7523443102836609, 0.7498600482940674, 0.7511427998542786, 0.7534875869750977, 0.7535635232925415, 0.7489890456199646, 0.7473853826522827, 0.751888632774353, 0.7567279934883118, 0.7548710107803345, 0.7576188445091248, 0.7483442425727844, 0.7477939128875732, 0.7512378096580505, 0.7477640509605408, 0.7530041337013245, 0.7509730458259583, 0.7509964108467102, 0.7539318203926086, 0.7522382736206055, 0.7500913143157959, 0.7479847073554993, 0.7490684390068054, 0.7537754774093628, 0.7500435709953308, 0.7510793209075928, 0.7489413022994995, 0.7548682689666748], 'accuracy': [0.4306737184524536, 0.3964129686355591, 0.3936537206172943, 0.39549320936203003, 0.3987123370170593, 0.3913543224334717, 0.3957231640815735, 0.401241660118103, 0.4014716148376465, 0.39595308899879456, 0.40561047196388245, 0.3964129686355591, 0.39411360025405884, 0.39733272790908813, 0.38951483368873596, 0.3971027731895447, 0.39664289355278015, 0.39526328444480896, 0.4033111035823822, 0.4000919759273529, 0.40055185556411743, 0.40377098321914673, 0.3968728482723236, 0.3918142020702362, 0.39848241209983826, 0.4019314646720886, 0.3987123370170593, 0.3994021713733673, 0.39273396134376526, 0.39342376589775085, 0.39204415678977966, 0.39526328444480896, 0.39273396134376526, 0.3918142020702362, 0.4033111035823822, 0.3971027731895447, 0.400321900844574, 0.3982524573802948, 0.3975626528263092, 0.4040009081363678, 0.3938836455345154]}
Job id is 3.
lengths
4634
1431
0
0
0
0
-----------------------
--- Final training dataset went from 0 to 4634 elements, with 2100 none's, 1422 crakles, 540 wheezes and 481 both ---
--- Final Validation dataset contains 1431 elements, with 427 none, 539 crackles, 219 wheezes and 244 both ---
Initializing weights...
weights = {0: 0.5378365831012071, 1: 0.8073170731707318, 2: 2.098731884057971, 3: 2.349898580121704}
Model: "leaf_model9_model_bis_1"
______________________________________________________________________________________________________________
 Layer (type)                                    Output Shape                                Param #          
==============================================================================================================
 sincnet (SincNet)                               multiple                                    320              
                                                                                                              
