Tensorflow Version: 2.8.0
Num GPUs Available:  1
Collecting Variables...
All variables have been collected.
../cache/
cw
train120
Description:  Leaf exps with no spectral loss: SR=16000, lr interval of 10 and /10, early stopping, with weights this time, bsize=64, wdecay=1e-4, lr backend=1e-2
-----------------------
Job id is 1.
Job dir: ../cache/cw/train120/1
- Loading Icbhi.
725 Icbhi audios have been loaded.
- Preparing Icbhi.
112 Icbhi groups of audio chunks (by filename or patients) have been prepared.
--- Samples are being split into training/val groups and de-grouped by patient ---
Job id is 2.
lengths
4349
1716
0
0
0
0
-----------------------
--- Final training dataset went from 0 to 4349 elements, with 1663 none's, 1376 crakles, 679 wheezes and 570 both ---
--- Final Validation dataset contains 1716 elements, with 864 none, 585 crackles, 80 wheezes and 155 both ---
Initializing weights...
weights = {0: 0.642962743938498, 1: 0.7844516594516594, 2: 1.5734442836468885, 3: 1.871342512908778}
Model: "leaf_model9_model_106_3"
______________________________________________________________________________________________________________
 Layer (type)                                    Output Shape                                Param #          
==============================================================================================================
 leaf (Leaf)                                     multiple                                    560              
                                                                                                              
 mel_filterbanks (MelFilterbanks)                multiple                                    0 (unused)       
                                                                                                              
 sincnet (SincNet)                               multiple                                    0 (unused)       
                                                                                                              
 sequential (Sequential)                         (None, 80, 250, 16)                         578              
                                                                                                              
 sequential_1 (Sequential)                       (None, 80, 250, 16)                         2592             
                                                                                                              
 sequential_2 (Sequential)                       (None, 80, 250, 16)                         6688             
                                                                                                              
 sequential_3 (Sequential)                       (None, 80, 250, 16)                         272              
                                                                                                              
 concatenate (Concatenate)                       multiple                                    0                
                                                                                                              
 sequential_4 (Sequential)                       (None, 7, 256)                              647488           
                                                                                                              
 sequential_5 (Sequential)                       (None, 700)                                 276068           
                                                                                                              
 dense_1 (Dense)                                 multiple                                    1402             
                                                                                                              
==============================================================================================================
Total params: 935,810
Trainable params: 920,608
Non-trainable params: 15,202
______________________________________________________________________________________________________________
Target metric is icbhi_score
Epoch 1/60
WARNING:tensorflow:Gradients do not exist for variables ['kernel:0'] when minimizing the loss. If you're using `model.compile()`, did you forget to provide a `loss`argument?
WARNING:tensorflow:Gradients do not exist for variables ['kernel:0'] when minimizing the loss. If you're using `model.compile()`, did you forget to provide a `loss`argument?
WARNING:tensorflow:Gradients do not exist for variables ['kernel:0'] when minimizing the loss. If you're using `model.compile()`, did you forget to provide a `loss`argument?
WARNING:tensorflow:Gradients do not exist for variables ['kernel:0'] when minimizing the loss. If you're using `model.compile()`, did you forget to provide a `loss`argument?
WARNING:tensorflow:Gradients do not exist for variables ['kernel:0'] when minimizing the loss. If you're using `model.compile()`, did you forget to provide a `loss`argument?
WARNING:tensorflow:Gradients do not exist for variables ['kernel:0'] when minimizing the loss. If you're using `model.compile()`, did you forget to provide a `loss`argument?
WARNING:tensorflow:Gradients do not exist for variables ['kernel:0'] when minimizing the loss. If you're using `model.compile()`, did you forget to provide a `loss`argument?
WARNING:tensorflow:Gradients do not exist for variables ['kernel:0'] when minimizing the loss. If you're using `model.compile()`, did you forget to provide a `loss`argument?
Validation cm: [[891   0   0   0]
 [589   0   0   0]
 [ 80   0   0   0]
 [156   0   0   0]]
Validation normalized_cm: [[1. 0. 0. 0.]
 [1. 0. 0. 0.]
 [1. 0. 0. 0.]
 [1. 0. 0. 0.]]
Validation acc: 0.5192307692307693
Validation class_accuracies: [1.0, 0.0, 0.0, 0.0]
Validation sensitivity: 0.0
Validation specificity: 1.0
Validation icbhi_score: 0.5
Validation roc_auc: None
Validation avg_accuracy: 0.25
Validation one_indexed_epoch: 1
-- New best results were achieved. --
68/68 - 337s - loss: 0.6831 - accuracy: 0.7119 - 337s/epoch - 5s/step
Epoch 2/60
Validation cm: [[891   0   0   0]
 [589   0   0   0]
 [ 80   0   0   0]
 [156   0   0   0]]
Validation normalized_cm: [[1. 0. 0. 0.]
 [1. 0. 0. 0.]
 [1. 0. 0. 0.]
 [1. 0. 0. 0.]]
Validation acc: 0.5192307692307693
Validation class_accuracies: [1.0, 0.0, 0.0, 0.0]
Validation sensitivity: 0.0
Validation specificity: 1.0
Validation icbhi_score: 0.5
Validation roc_auc: None
Validation avg_accuracy: 0.25
Validation one_indexed_epoch: 2
The validation tracker metric at 0.5 hasn't increased by 0 in 1 epochs
68/68 - 314s - loss: 0.6627 - accuracy: 0.7717 - 314s/epoch - 5s/step
Epoch 3/60
Validation cm: [[891   0   0   0]
 [589   0   0   0]
 [ 80   0   0   0]
 [156   0   0   0]]
Validation normalized_cm: [[1. 0. 0. 0.]
 [1. 0. 0. 0.]
 [1. 0. 0. 0.]
 [1. 0. 0. 0.]]
Validation acc: 0.5192307692307693
Validation class_accuracies: [1.0, 0.0, 0.0, 0.0]
Validation sensitivity: 0.0
Validation specificity: 1.0
Validation icbhi_score: 0.5
Validation roc_auc: None
Validation avg_accuracy: 0.25
Validation one_indexed_epoch: 3
The validation tracker metric at 0.5 hasn't increased by 0 in 2 epochs
68/68 - 315s - loss: 0.6624 - accuracy: 0.7705 - 315s/epoch - 5s/step
Epoch 4/60
Validation cm: [[888   0   3   0]
 [589   0   0   0]
 [ 80   0   0   0]
 [156   0   0   0]]
Validation normalized_cm: [[0.997 0.    0.003 0.   ]
 [1.    0.    0.    0.   ]
 [1.    0.    0.    0.   ]
 [1.    0.    0.    0.   ]]
Validation acc: 0.5174825174825175
Validation class_accuracies: [0.9966329966329966, 0.0, 0.0, 0.0]
Validation sensitivity: 0.0
Validation specificity: 0.9966329966329966
Validation icbhi_score: 0.4983164983164983
Validation roc_auc: None
Validation avg_accuracy: 0.24915824915824916
Validation one_indexed_epoch: 4
The validation tracker metric at 0.5 hasn't increased by 0 in 3 epochs
68/68 - 315s - loss: 0.6619 - accuracy: 0.7680 - 315s/epoch - 5s/step
Epoch 5/60
Validation cm: [[778 110   3   0]
 [482 107   0   0]
 [ 65  15   0   0]
 [137  19   0   0]]
Validation normalized_cm: [[0.873 0.123 0.003 0.   ]
 [0.818 0.182 0.    0.   ]
 [0.812 0.188 0.    0.   ]
 [0.878 0.122 0.    0.   ]]
Validation acc: 0.5157342657342657
Validation class_accuracies: [0.8731762065095399, 0.18166383701188454, 0.0, 0.0]
Validation sensitivity: 0.1296969696969697
Validation specificity: 0.8731762065095399
Validation icbhi_score: 0.5014365881032548
Validation roc_auc: None
Validation avg_accuracy: 0.2637100108803561
Validation one_indexed_epoch: 5
-- New best results were achieved. --
68/68 - 316s - loss: 0.6619 - accuracy: 0.7675 - 316s/epoch - 5s/step
Epoch 6/60
Validation cm: [[134 754   3   0]
 [ 41 548   0   0]
 [ 14  66   0   0]
 [  9 147   0   0]]
Validation normalized_cm: [[0.15  0.846 0.003 0.   ]
 [0.07  0.93  0.    0.   ]
 [0.175 0.825 0.    0.   ]
 [0.058 0.942 0.    0.   ]]
Validation acc: 0.3974358974358974
Validation class_accuracies: [0.15039281705948374, 0.9303904923599321, 0.0, 0.0]
Validation sensitivity: 0.6642424242424242
Validation specificity: 0.15039281705948374
Validation icbhi_score: 0.40731762065095395
Validation roc_auc: None
Validation avg_accuracy: 0.270195827354854
Validation one_indexed_epoch: 6
The validation tracker metric at 0.5014365881032548 hasn't increased by 0 in 1 epochs
68/68 - 318s - loss: 0.6606 - accuracy: 0.7788 - 318s/epoch - 5s/step
Epoch 7/60
Validation cm: [[170 705  10   6]
 [ 67 518   1   3]
 [ 19  60   0   1]
 [ 15 141   0   0]]
Validation normalized_cm: [[0.191 0.791 0.011 0.007]
 [0.114 0.879 0.002 0.005]
 [0.237 0.75  0.    0.013]
 [0.096 0.904 0.    0.   ]]
Validation acc: 0.40093240093240096
Validation class_accuracies: [0.19079685746352412, 0.8794567062818336, 0.0, 0.0]
Validation sensitivity: 0.6278787878787879
Validation specificity: 0.19079685746352412
Validation icbhi_score: 0.40933782267115604
Validation roc_auc: None
Validation avg_accuracy: 0.2675633909363394
Validation one_indexed_epoch: 7
The validation tracker metric at 0.5014365881032548 hasn't increased by 0 in 2 epochs
68/68 - 318s - loss: 0.6603 - accuracy: 0.7662 - 318s/epoch - 5s/step
Epoch 8/60
Validation cm: [[138 684  35  34]
 [ 66 494  18  11]
 [ 15  57   6   2]
 [ 12 139   1   4]]
Validation normalized_cm: [[0.155 0.768 0.039 0.038]
 [0.112 0.839 0.031 0.019]
 [0.188 0.713 0.075 0.025]
 [0.077 0.891 0.006 0.026]]
Validation acc: 0.3741258741258741
Validation class_accuracies: [0.15488215488215487, 0.8387096774193549, 0.075, 0.02564102564102564]
Validation sensitivity: 0.610909090909091
Validation specificity: 0.15488215488215487
Validation icbhi_score: 0.3828956228956229
Validation roc_auc: None
Validation avg_accuracy: 0.27355821448563383
Validation one_indexed_epoch: 8
The validation tracker metric at 0.5014365881032548 hasn't increased by 0 in 3 epochs
68/68 - 316s - loss: 0.6624 - accuracy: 0.7728 - 316s/epoch - 5s/step
Epoch 9/60
Validation cm: [[102 622  93  74]
 [ 55 463  40  31]
 [  7  51  13   9]
 [ 10 126   9  11]]
Validation normalized_cm: [[0.114 0.698 0.104 0.083]
 [0.093 0.786 0.068 0.053]
 [0.087 0.637 0.163 0.113]
 [0.064 0.808 0.058 0.071]]
Validation acc: 0.34324009324009325
Validation class_accuracies: [0.11447811447811448, 0.7860780984719864, 0.1625, 0.07051282051282051]
Validation sensitivity: 0.5903030303030303
Validation specificity: 0.11447811447811448
Validation icbhi_score: 0.3523905723905724
Validation roc_auc: None
Validation avg_accuracy: 0.28339225836573034
Validation one_indexed_epoch: 9
The validation tracker metric at 0.5014365881032548 hasn't increased by 0 in 4 epochs
68/68 - 318s - loss: 0.6648 - accuracy: 0.7698 - 318s/epoch - 5s/step
Epoch 10/60
Validation cm: [[ 96 517 165 113]
 [ 51 422  71  45]
 [  1  44  22  13]
 [  9 109  18  20]]
Validation normalized_cm: [[0.108 0.58  0.185 0.127]
 [0.087 0.716 0.121 0.076]
 [0.013 0.55  0.275 0.163]
 [0.058 0.699 0.115 0.128]]
Validation acc: 0.32634032634032634
Validation class_accuracies: [0.10774410774410774, 0.7164685908319185, 0.275, 0.1282051282051282]
Validation sensitivity: 0.5624242424242424
Validation specificity: 0.10774410774410774
Validation icbhi_score: 0.33508417508417504
Validation roc_auc: None
Validation avg_accuracy: 0.3068544566952886
Validation one_indexed_epoch: 10
The validation tracker metric at 0.5014365881032548 hasn't increased by 0 in 5 epochs
68/68 - 320s - loss: 0.6600 - accuracy: 0.7754 - 320s/epoch - 5s/step
Epoch 11/60
Validation cm: [[ 95 467 216 113]
 [ 46 386  87  70]
 [  1  39  27  13]
 [ 13  93  26  24]]
Validation normalized_cm: [[0.107 0.524 0.242 0.127]
 [0.078 0.655 0.148 0.119]
 [0.013 0.487 0.338 0.163]
 [0.083 0.596 0.167 0.154]]
Validation acc: 0.31002331002331
Validation class_accuracies: [0.10662177328843996, 0.6553480475382003, 0.3375, 0.15384615384615385]
Validation sensitivity: 0.5296969696969697
Validation specificity: 0.10662177328843996
Validation icbhi_score: 0.3181593714927048
Validation roc_auc: None
Validation avg_accuracy: 0.31332899366819855
Validation one_indexed_epoch: 11
The validation tracker metric at 0.5014365881032548 hasn't increased by 0 in 6 epochs
Mel loss: <tf.Variable 'Variable:0' shape=() dtype=float32, numpy=0.5>
sinc loss: <tf.Variable 'Variable:0' shape=() dtype=float32, numpy=0.5>
68/68 - 317s - loss: 0.6612 - accuracy: 0.7685 - 317s/epoch - 5s/step
Epoch 12/60
Validation cm: [[ 95 440 242 114]
 [ 44 364 104  77]
 [  2  34  30  14]
 [ 13  86  30  27]]
Validation normalized_cm: [[0.107 0.494 0.272 0.128]
 [0.075 0.618 0.177 0.131]
 [0.025 0.425 0.375 0.175]
 [0.083 0.551 0.192 0.173]]
Validation acc: 0.3006993006993007
Validation class_accuracies: [0.10662177328843996, 0.6179966044142614, 0.375, 0.17307692307692307]
Validation sensitivity: 0.5103030303030303
Validation specificity: 0.10662177328843996
Validation icbhi_score: 0.3084624017957351
Validation roc_auc: None
Validation avg_accuracy: 0.3181738251949061
Validation one_indexed_epoch: 12
The validation tracker metric at 0.5014365881032548 hasn't increased by 0 in 7 epochs
68/68 - 319s - loss: 0.6620 - accuracy: 0.7648 - 319s/epoch - 5s/step
Epoch 13/60
Validation cm: [[ 87 430 275  99]
 [ 44 347 116  82]
 [  3  30  34  13]
 [ 14  81  35  26]]
Validation normalized_cm: [[0.098 0.483 0.309 0.111]
 [0.075 0.589 0.197 0.139]
 [0.037 0.375 0.425 0.163]
 [0.09  0.519 0.224 0.167]]
Validation acc: 0.2878787878787879
Validation class_accuracies: [0.09764309764309764, 0.5891341256366723, 0.425, 0.16666666666666666]
Validation sensitivity: 0.49333333333333335
Validation specificity: 0.09764309764309764
Validation icbhi_score: 0.29548821548821547
Validation roc_auc: None
Validation avg_accuracy: 0.3196109724866092
Validation one_indexed_epoch: 13
The validation tracker metric at 0.5014365881032548 hasn't increased by 0 in 8 epochs
68/68 - 319s - loss: 0.6614 - accuracy: 0.7733 - 319s/epoch - 5s/step
Epoch 14/60
Validation cm: [[ 85 424 276 106]
 [ 42 345 117  85]
 [  3  29  34  14]
 [ 15  79  38  24]]
Validation normalized_cm: [[0.095 0.476 0.31  0.119]
 [0.071 0.586 0.199 0.144]
 [0.037 0.362 0.425 0.175]
 [0.096 0.506 0.244 0.154]]
Validation acc: 0.28438228438228436
Validation class_accuracies: [0.09539842873176206, 0.5857385398981324, 0.425, 0.15384615384615385]
Validation sensitivity: 0.48848484848484847
Validation specificity: 0.09539842873176206
Validation icbhi_score: 0.29194163860830524
Validation roc_auc: None
Validation avg_accuracy: 0.3149957806190121
Validation one_indexed_epoch: 14
The validation tracker metric at 0.5014365881032548 hasn't increased by 0 in 9 epochs
68/68 - 318s - loss: 0.6615 - accuracy: 0.7726 - 318s/epoch - 5s/step
Epoch 15/60
Validation cm: [[ 86 422 277 106]
 [ 41 345 118  85]
 [  3  29  34  14]
 [ 15  79  38  24]]
Validation normalized_cm: [[0.097 0.474 0.311 0.119]
 [0.07  0.586 0.2   0.144]
 [0.037 0.362 0.425 0.175]
 [0.096 0.506 0.244 0.154]]
Validation acc: 0.28496503496503495
Validation class_accuracies: [0.09652076318742986, 0.5857385398981324, 0.425, 0.15384615384615385]
Validation sensitivity: 0.48848484848484847
Validation specificity: 0.09652076318742986
Validation icbhi_score: 0.2925028058361392
Validation roc_auc: None
Validation avg_accuracy: 0.31527636423292904
Validation one_indexed_epoch: 15
The validation tracker metric at 0.5014365881032548 hasn't increased by 0 in 10 epochs
68/68 - 319s - loss: 0.6609 - accuracy: 0.7774 - 319s/epoch - 5s/step
Epoch 16/60
Validation cm: [[ 87 422 276 106]
 [ 42 345 118  84]
 [  3  29  34  14]
 [ 15  79  38  24]]
Validation normalized_cm: [[0.098 0.474 0.31  0.119]
 [0.071 0.586 0.2   0.143]
 [0.037 0.362 0.425 0.175]
 [0.096 0.506 0.244 0.154]]
Validation acc: 0.28554778554778554
Validation class_accuracies: [0.09764309764309764, 0.5857385398981324, 0.425, 0.15384615384615385]
Validation sensitivity: 0.48848484848484847
Validation specificity: 0.09764309764309764
Validation icbhi_score: 0.293063973063973
Validation roc_auc: None
Validation avg_accuracy: 0.31555694784684596
Validation one_indexed_epoch: 16
The validation tracker metric at 0.5014365881032548 hasn't increased by 0 in 11 epochs
68/68 - 319s - loss: 0.6630 - accuracy: 0.7675 - 319s/epoch - 5s/step
Epoch 17/60
Validation cm: [[ 87 420 277 107]
 [ 41 344 118  86]
 [  3  29  35  13]
 [ 15  79  38  24]]
Validation normalized_cm: [[0.098 0.471 0.311 0.12 ]
 [0.07  0.584 0.2   0.146]
 [0.037 0.362 0.438 0.163]
 [0.096 0.506 0.244 0.154]]
Validation acc: 0.28554778554778554
Validation class_accuracies: [0.09764309764309764, 0.5840407470288624, 0.4375, 0.15384615384615385]
Validation sensitivity: 0.48848484848484847
Validation specificity: 0.09764309764309764
Validation icbhi_score: 0.293063973063973
Validation roc_auc: None
Validation avg_accuracy: 0.31825749962952843
Validation one_indexed_epoch: 17
The validation tracker metric at 0.5014365881032548 hasn't increased by 0 in 12 epochs
68/68 - 318s - loss: 0.6608 - accuracy: 0.7705 - 318s/epoch - 5s/step
Epoch 18/60
Validation cm: [[ 87 419 278 107]
 [ 41 344 118  86]
 [  3  29  35  13]
 [ 15  79  38  24]]
Validation normalized_cm: [[0.098 0.47  0.312 0.12 ]
 [0.07  0.584 0.2   0.146]
 [0.037 0.362 0.438 0.163]
 [0.096 0.506 0.244 0.154]]
Validation acc: 0.28554778554778554
Validation class_accuracies: [0.09764309764309764, 0.5840407470288624, 0.4375, 0.15384615384615385]
Validation sensitivity: 0.48848484848484847
Validation specificity: 0.09764309764309764
Validation icbhi_score: 0.293063973063973
Validation roc_auc: None
Validation avg_accuracy: 0.31825749962952843
Validation one_indexed_epoch: 18
The validation tracker metric at 0.5014365881032548 hasn't increased by 0 in 13 epochs
68/68 - 320s - loss: 0.6604 - accuracy: 0.7770 - 320s/epoch - 5s/step
Epoch 19/60
Validation cm: [[ 87 419 278 107]
 [ 42 343 118  86]
 [  3  29  35  13]
 [ 15  79  38  24]]
Validation normalized_cm: [[0.098 0.47  0.312 0.12 ]
 [0.071 0.582 0.2   0.146]
 [0.037 0.362 0.438 0.163]
 [0.096 0.506 0.244 0.154]]
Validation acc: 0.28496503496503495
Validation class_accuracies: [0.09764309764309764, 0.5823429541595926, 0.4375, 0.15384615384615385]
Validation sensitivity: 0.48727272727272725
Validation specificity: 0.09764309764309764
Validation icbhi_score: 0.2924579124579124
Validation roc_auc: None
Validation avg_accuracy: 0.31783305141221097
Validation one_indexed_epoch: 19
The validation tracker metric at 0.5014365881032548 hasn't increased by 0 in 14 epochs
68/68 - 319s - loss: 0.6627 - accuracy: 0.7724 - 319s/epoch - 5s/step
Epoch 20/60
Validation cm: [[ 86 418 280 107]
 [ 42 342 119  86]
 [  3  27  36  14]
 [ 15  79  40  22]]
Validation normalized_cm: [[0.097 0.469 0.314 0.12 ]
 [0.071 0.581 0.202 0.146]
 [0.037 0.338 0.45  0.175]
 [0.096 0.506 0.256 0.141]]
Validation acc: 0.28321678321678323
Validation class_accuracies: [0.09652076318742986, 0.5806451612903226, 0.45, 0.14102564102564102]
Validation sensitivity: 0.48484848484848486
Validation specificity: 0.09652076318742986
Validation icbhi_score: 0.29068462401795736
Validation roc_auc: None
Validation avg_accuracy: 0.3170478913758484
Validation one_indexed_epoch: 20
The validation tracker metric at 0.5014365881032548 hasn't increased by 0 in 15 epochs
68/68 - 318s - loss: 0.6624 - accuracy: 0.7691 - 318s/epoch - 5s/step
Epoch 21/60
Validation cm: [[ 87 417 280 107]
 [ 41 343 119  86]
 [  3  27  37  13]
 [ 15  79  40  22]]
Validation normalized_cm: [[0.098 0.468 0.314 0.12 ]
 [0.07  0.582 0.202 0.146]
 [0.037 0.338 0.463 0.163]
 [0.096 0.506 0.256 0.141]]
Validation acc: 0.28496503496503495
Validation class_accuracies: [0.09764309764309764, 0.5823429541595926, 0.4625, 0.14102564102564102]
Validation sensitivity: 0.48727272727272725
Validation specificity: 0.09764309764309764
Validation icbhi_score: 0.2924579124579124
Validation roc_auc: None
Validation avg_accuracy: 0.3208779232070828
Validation one_indexed_epoch: 21
The validation tracker metric at 0.5014365881032548 hasn't increased by 0 in 16 epochs
Mel loss: <tf.Variable 'Variable:0' shape=() dtype=float32, numpy=0.5>
sinc loss: <tf.Variable 'Variable:0' shape=() dtype=float32, numpy=0.5>
68/68 - 319s - loss: 0.6625 - accuracy: 0.7689 - 319s/epoch - 5s/step
Epoch 22/60
Validation cm: [[ 88 417 279 107]
 [ 42 342 119  86]
 [  3  27  36  14]
 [ 15  79  40  22]]
Validation normalized_cm: [[0.099 0.468 0.313 0.12 ]
 [0.071 0.581 0.202 0.146]
 [0.037 0.338 0.45  0.175]
 [0.096 0.506 0.256 0.141]]
Validation acc: 0.28438228438228436
Validation class_accuracies: [0.09876543209876543, 0.5806451612903226, 0.45, 0.14102564102564102]
Validation sensitivity: 0.48484848484848486
Validation specificity: 0.09876543209876543
Validation icbhi_score: 0.29180695847362514
Validation roc_auc: None
Validation avg_accuracy: 0.31760905860368227
Validation one_indexed_epoch: 22
The validation tracker metric at 0.5014365881032548 hasn't increased by 0 in 17 epochs
68/68 - 324s - loss: 0.6631 - accuracy: 0.7666 - 324s/epoch - 5s/step
Epoch 23/60
Validation cm: [[ 87 418 280 106]
 [ 42 342 119  86]
 [  3  27  36  14]
 [ 15  79  40  22]]
Validation normalized_cm: [[0.098 0.469 0.314 0.119]
 [0.071 0.581 0.202 0.146]
 [0.037 0.338 0.45  0.175]
 [0.096 0.506 0.256 0.141]]
Validation acc: 0.2837995337995338
Validation class_accuracies: [0.09764309764309764, 0.5806451612903226, 0.45, 0.14102564102564102]
Validation sensitivity: 0.48484848484848486
Validation specificity: 0.09764309764309764
Validation icbhi_score: 0.29124579124579125
Validation roc_auc: None
Validation avg_accuracy: 0.3173284749897653
Validation one_indexed_epoch: 23
The validation tracker metric at 0.5014365881032548 hasn't increased by 0 in 18 epochs
68/68 - 329s - loss: 0.6612 - accuracy: 0.7728 - 329s/epoch - 5s/step
Epoch 24/60
Validation cm: [[ 87 414 280 110]
 [ 41 342 119  87]
 [  3  27  37  13]
 [ 15  79  41  21]]
Validation normalized_cm: [[0.098 0.465 0.314 0.123]
 [0.07  0.581 0.202 0.148]
 [0.037 0.338 0.463 0.163]
 [0.096 0.506 0.263 0.135]]
Validation acc: 0.2837995337995338
Validation class_accuracies: [0.09764309764309764, 0.5806451612903226, 0.4625, 0.1346153846153846]
Validation sensitivity: 0.48484848484848486
Validation specificity: 0.09764309764309764
Validation icbhi_score: 0.29124579124579125
Validation roc_auc: None
Validation avg_accuracy: 0.3188509108872012
Validation one_indexed_epoch: 24
The validation tracker metric at 0.5014365881032548 hasn't increased by 0 in 19 epochs
68/68 - 320s - loss: 0.6629 - accuracy: 0.7742 - 320s/epoch - 5s/step
Epoch 25/60
Validation cm: [[ 87 416 280 108]
 [ 42 341 119  87]
 [  3  26  37  14]
 [ 15  79  41  21]]
Validation normalized_cm: [[0.098 0.467 0.314 0.121]
 [0.071 0.579 0.202 0.148]
 [0.037 0.325 0.463 0.175]
 [0.096 0.506 0.263 0.135]]
Validation acc: 0.28321678321678323
Validation class_accuracies: [0.09764309764309764, 0.5789473684210527, 0.4625, 0.1346153846153846]
Validation sensitivity: 0.48363636363636364
Validation specificity: 0.09764309764309764
Validation icbhi_score: 0.29063973063973064
Validation roc_auc: None
Validation avg_accuracy: 0.3184264626698837
Validation one_indexed_epoch: 25
The number of epochs since last 1% equals the patience
68/68 - 320s - loss: 0.6637 - accuracy: 0.7747 - 320s/epoch - 5s/step
----------------------------------
The best metrics for this job are: 

Best icbhi_score: 0.5014365881032548
Best cm: [[778 110   3   0]
 [482 107   0   0]
 [ 65  15   0   0]
 [137  19   0   0]]
Best normalized_cm: [[0.873 0.123 0.003 0.   ]
 [0.818 0.182 0.    0.   ]
 [0.812 0.188 0.    0.   ]
 [0.878 0.122 0.    0.   ]]
Best acc: 0.5157342657342657
Best class_accuracies: [0.8731762065095399, 0.18166383701188454, 0.0, 0.0]
Best sensitivity: 0.1296969696969697
Best specificity: 0.8731762065095399
Best roc_auc: None
Best avg_accuracy: 0.2637100108803561
Best one_indexed_epoch: 5
icbhi_score
model
cm
normalized_cm
acc
class_accuracies
sensitivity
specificity
roc_auc
avg_accuracy
one_indexed_epoch
{'loss': [0.6831119060516357, 0.6626940965652466, 0.6624447107315063, 0.6618878841400146, 0.6618690490722656, 0.6606482267379761, 0.6603457927703857, 0.6624396443367004, 0.6647794246673584, 0.6600203514099121, 0.6612415313720703, 0.662017822265625, 0.6613816618919373, 0.6614986062049866, 0.660901665687561, 0.6630423069000244, 0.6608085036277771, 0.6604341268539429, 0.6626883745193481, 0.6624494194984436, 0.662507176399231, 0.6630668640136719, 0.6611562967300415, 0.662882924079895, 0.6637300848960876], 'accuracy': [0.711887776851654, 0.7716716527938843, 0.7705219388008118, 0.7679926156997681, 0.7675327658653259, 0.7787997126579285, 0.7661531567573547, 0.7728213667869568, 0.7698321342468262, 0.7753506302833557, 0.768452525138855, 0.7647734880447388, 0.7732812166213989, 0.7725914120674133, 0.7774201035499573, 0.7675327658653259, 0.7705219388008118, 0.7769601941108704, 0.7723614573478699, 0.7691423296928406, 0.7689123749732971, 0.7666130065917969, 0.7728213667869568, 0.774200975894928, 0.7746608257293701]}
Job dir: ../cache/cw/train120/2
Job id is 3.
Job dir: ../cache/cw/train120/3
- Loading Icbhi.
725 Icbhi audios have been loaded.
- Preparing Icbhi.
112 Icbhi groups of audio chunks (by filename or patients) have been prepared.
--- Samples are being split into training/val groups and de-grouped by patient ---
Job id is 4.
lengths
4349
1716
0
0
0
0
-----------------------
--- Final training dataset went from 0 to 4349 elements, with 1663 none's, 1376 crakles, 679 wheezes and 570 both ---
--- Final Validation dataset contains 1716 elements, with 864 none, 585 crackles, 80 wheezes and 155 both ---
Initializing weights...
weights = {0: 0.642962743938498, 1: 0.7844516594516594, 2: 1.5734442836468885, 3: 1.871342512908778}
Model: "leaf_model9_model_106"
______________________________________________________________________________________________________________
 Layer (type)                                    Output Shape                                Param #          
==============================================================================================================
 leaf (Leaf)                                     multiple                                    560              
                                                                                                              
 mel_filterbanks_1 (MelFilterbanks)              multiple                                    0 (unused)       
                                                                                                              
 sincnet (SincNet)                               multiple                                    0 (unused)       
                                                                                                              
 sequential_6 (Sequential)                       (None, 80, 250, 1)                          4                
                                                                                                              
 sequential_7 (Sequential)                       (None, 80, 250, 16)                         2352             
                                                                                                              
 sequential_8 (Sequential)                       (None, 80, 250, 16)                         6448             
                                                                                                              
 sequential_9 (Sequential)                       (None, 80, 250, 16)                         32               
                                                                                                              
 concatenate_1 (Concatenate)                     multiple                                    0                
                                                                                                              
 sequential_10 (Sequential)                      (None, 7, 1024)                             6191296          
                                                                                                              
 sequential_11 (Sequential)                      (None, 700)                                 669284           
                                                                                                              
 dense_3 (Dense)                                 multiple                                    1402             
                                                                                                              
==============================================================================================================
Total params: 6,871,540
Trainable params: 6,830,034
Non-trainable params: 41,506
______________________________________________________________________________________________________________
Target metric is icbhi_score
Epoch 1/60
WARNING:tensorflow:Gradients do not exist for variables ['kernel:0'] when minimizing the loss. If you're using `model.compile()`, did you forget to provide a `loss`argument?
WARNING:tensorflow:Gradients do not exist for variables ['kernel:0'] when minimizing the loss. If you're using `model.compile()`, did you forget to provide a `loss`argument?
WARNING:tensorflow:Gradients do not exist for variables ['kernel:0'] when minimizing the loss. If you're using `model.compile()`, did you forget to provide a `loss`argument?
WARNING:tensorflow:Gradients do not exist for variables ['kernel:0'] when minimizing the loss. If you're using `model.compile()`, did you forget to provide a `loss`argument?
WARNING:tensorflow:Gradients do not exist for variables ['kernel:0'] when minimizing the loss. If you're using `model.compile()`, did you forget to provide a `loss`argument?
WARNING:tensorflow:Gradients do not exist for variables ['kernel:0'] when minimizing the loss. If you're using `model.compile()`, did you forget to provide a `loss`argument?
WARNING:tensorflow:Gradients do not exist for variables ['kernel:0'] when minimizing the loss. If you're using `model.compile()`, did you forget to provide a `loss`argument?
WARNING:tensorflow:Gradients do not exist for variables ['kernel:0'] when minimizing the loss. If you're using `model.compile()`, did you forget to provide a `loss`argument?
Validation cm: [[  0   0   3 888]
 [  0   0   0 589]
 [  0   0   0  80]
 [  0   0   0 156]]
Validation normalized_cm: [[0.    0.    0.003 0.997]
 [0.    0.    0.    1.   ]
 [0.    0.    0.    1.   ]
 [0.    0.    0.    1.   ]]
Validation acc: 0.09090909090909091
Validation class_accuracies: [0.0, 0.0, 0.0, 1.0]
Validation sensitivity: 0.1890909090909091
Validation specificity: 0.0
Validation icbhi_score: 0.09454545454545454
Validation roc_auc: None
Validation avg_accuracy: 0.25
Validation one_indexed_epoch: 1
-- New best results were achieved. --
68/68 - 311s - loss: 0.7016 - accuracy: 0.5721 - 311s/epoch - 5s/step
Epoch 2/60
Validation cm: [[  0   0   3 888]
 [  0   0   0 589]
 [  0   0   0  80]
 [  0   0   0 156]]
Validation normalized_cm: [[0.    0.    0.003 0.997]
 [0.    0.    0.    1.   ]
 [0.    0.    0.    1.   ]
 [0.    0.    0.    1.   ]]
Validation acc: 0.09090909090909091
Validation class_accuracies: [0.0, 0.0, 0.0, 1.0]
Validation sensitivity: 0.1890909090909091
Validation specificity: 0.0
Validation icbhi_score: 0.09454545454545454
Validation roc_auc: None
Validation avg_accuracy: 0.25
Validation one_indexed_epoch: 2
The validation tracker metric at 0.09454545454545454 hasn't increased by 0 in 1 epochs
68/68 - 295s - loss: 0.6951 - accuracy: 0.5875 - 295s/epoch - 4s/step
Epoch 3/60
Validation cm: [[  0   0   3 888]
 [  0   0   0 589]
 [  0   0   0  80]
 [  0   0   0 156]]
Validation normalized_cm: [[0.    0.    0.003 0.997]
 [0.    0.    0.    1.   ]
 [0.    0.    0.    1.   ]
 [0.    0.    0.    1.   ]]
Validation acc: 0.09090909090909091
Validation class_accuracies: [0.0, 0.0, 0.0, 1.0]
Validation sensitivity: 0.1890909090909091
Validation specificity: 0.0
Validation icbhi_score: 0.09454545454545454
Validation roc_auc: None
Validation avg_accuracy: 0.25
Validation one_indexed_epoch: 3
The validation tracker metric at 0.09454545454545454 hasn't increased by 0 in 2 epochs
68/68 - 297s - loss: 0.6944 - accuracy: 0.5942 - 297s/epoch - 4s/step
Epoch 4/60
Validation cm: [[  0   0   3 888]
 [  0   0   0 589]
 [  0   0   0  80]
 [  0   0   0 156]]
Validation normalized_cm: [[0.    0.    0.003 0.997]
 [0.    0.    0.    1.   ]
 [0.    0.    0.    1.   ]
 [0.    0.    0.    1.   ]]
Validation acc: 0.09090909090909091
Validation class_accuracies: [0.0, 0.0, 0.0, 1.0]
Validation sensitivity: 0.1890909090909091
Validation specificity: 0.0
Validation icbhi_score: 0.09454545454545454
Validation roc_auc: None
Validation avg_accuracy: 0.25
Validation one_indexed_epoch: 4
The validation tracker metric at 0.09454545454545454 hasn't increased by 0 in 3 epochs
68/68 - 296s - loss: 0.6932 - accuracy: 0.5928 - 296s/epoch - 4s/step
Epoch 5/60
Validation cm: [[  0   0  24 867]
 [  0   0   7 582]
 [  0   0   1  79]
 [  0   0   8 148]]
Validation normalized_cm: [[0.    0.    0.027 0.973]
 [0.    0.    0.012 0.988]
 [0.    0.    0.013 0.988]
 [0.    0.    0.051 0.949]]
Validation acc: 0.08682983682983683
Validation class_accuracies: [0.0, 0.0, 0.0125, 0.9487179487179487]
Validation sensitivity: 0.1806060606060606
Validation specificity: 0.0
Validation icbhi_score: 0.0903030303030303
Validation roc_auc: None
Validation avg_accuracy: 0.24030448717948716
Validation one_indexed_epoch: 5
The validation tracker metric at 0.09454545454545454 hasn't increased by 0 in 4 epochs
68/68 - 296s - loss: 0.6941 - accuracy: 0.5850 - 296s/epoch - 4s/step
Epoch 6/60
Validation cm: [[  0   1  47 843]
 [  0   1  24 564]
 [  0   0   2  78]
 [  0   1  11 144]]
Validation normalized_cm: [[0.    0.001 0.053 0.946]
 [0.    0.002 0.041 0.958]
 [0.    0.    0.025 0.975]
 [0.    0.006 0.071 0.923]]
Validation acc: 0.08566433566433566
Validation class_accuracies: [0.0, 0.001697792869269949, 0.025, 0.9230769230769231]
Validation sensitivity: 0.1781818181818182
Validation specificity: 0.0
Validation icbhi_score: 0.0890909090909091
Validation roc_auc: None
Validation avg_accuracy: 0.23744367898654828
Validation one_indexed_epoch: 6
The validation tracker metric at 0.09454545454545454 hasn't increased by 0 in 5 epochs
68/68 - 296s - loss: 0.6940 - accuracy: 0.5914 - 296s/epoch - 4s/step
Epoch 7/60
Validation cm: [[ 10 135 102 644]
 [ 10  83  46 450]
 [  0   9   9  62]
 [  8  32   9 107]]
Validation normalized_cm: [[0.011 0.152 0.114 0.723]
 [0.017 0.141 0.078 0.764]
 [0.    0.113 0.113 0.775]
 [0.051 0.205 0.058 0.686]]
Validation acc: 0.12179487179487179
Validation class_accuracies: [0.01122334455667789, 0.14091680814940577, 0.1125, 0.6858974358974359]
Validation sensitivity: 0.2412121212121212
Validation specificity: 0.01122334455667789
Validation icbhi_score: 0.12621773288439955
Validation roc_auc: None
Validation avg_accuracy: 0.2376343971508799
Validation one_indexed_epoch: 7
-- New best results were achieved. --
68/68 - 298s - loss: 0.6956 - accuracy: 0.6015 - 298s/epoch - 4s/step
Epoch 8/60
Validation cm: [[ 46 114 148 583]
 [ 31  70  69 419]
 [  1   7  12  60]
 [ 16  28   9 103]]
Validation normalized_cm: [[0.052 0.128 0.166 0.654]
 [0.053 0.119 0.117 0.711]
 [0.013 0.087 0.15  0.75 ]
 [0.103 0.179 0.058 0.66 ]]
Validation acc: 0.1346153846153846
Validation class_accuracies: [0.051627384960718295, 0.11884550084889643, 0.15, 0.6602564102564102]
Validation sensitivity: 0.22424242424242424
Validation specificity: 0.051627384960718295
Validation icbhi_score: 0.13793490460157126
Validation roc_auc: None
Validation avg_accuracy: 0.24518232401650625
Validation one_indexed_epoch: 8
-- New best results were achieved. --
68/68 - 297s - loss: 0.6939 - accuracy: 0.5942 - 297s/epoch - 4s/step
Epoch 9/60
Validation cm: [[ 59  75 202 555]
 [ 36  53  95 405]
 [  2   3  15  60]
 [ 24  14  13 105]]
Validation normalized_cm: [[0.066 0.084 0.227 0.623]
 [0.061 0.09  0.161 0.688]
 [0.025 0.037 0.188 0.75 ]
 [0.154 0.09  0.083 0.673]]
Validation acc: 0.1351981351981352
Validation class_accuracies: [0.06621773288439955, 0.0899830220713073, 0.1875, 0.6730769230769231]
Validation sensitivity: 0.2096969696969697
Validation specificity: 0.06621773288439955
Validation icbhi_score: 0.13795735129068462
Validation roc_auc: None
Validation avg_accuracy: 0.25419441950815747
Validation one_indexed_epoch: 9
-- New best results were achieved. --
68/68 - 296s - loss: 0.6928 - accuracy: 0.6063 - 296s/epoch - 4s/step
Epoch 10/60
Validation cm: [[ 57  67 241 526]
 [ 35  43 112 399]
 [  2   4  18  56]
 [ 22  14  15 105]]
Validation normalized_cm: [[0.064 0.075 0.27  0.59 ]
 [0.059 0.073 0.19  0.677]
 [0.025 0.05  0.225 0.7  ]
 [0.141 0.09  0.096 0.673]]
Validation acc: 0.12995337995337997
Validation class_accuracies: [0.06397306397306397, 0.0730050933786078, 0.225, 0.6730769230769231]
Validation sensitivity: 0.2012121212121212
Validation specificity: 0.06397306397306397
Validation icbhi_score: 0.1325925925925926
Validation roc_auc: None
Validation avg_accuracy: 0.25876377010714874
Validation one_indexed_epoch: 10
The validation tracker metric at 0.13795735129068462 hasn't increased by 0 in 1 epochs
68/68 - 296s - loss: 0.6942 - accuracy: 0.5891 - 296s/epoch - 4s/step
Epoch 11/60
Validation cm: [[ 52  68 260 511]
 [ 32  37 123 397]
 [  1   3  21  55]
 [ 18  16  17 105]]
Validation normalized_cm: [[0.058 0.076 0.292 0.574]
 [0.054 0.063 0.209 0.674]
 [0.013 0.037 0.263 0.688]
 [0.115 0.103 0.109 0.673]]
Validation acc: 0.1252913752913753
Validation class_accuracies: [0.058361391694725026, 0.06281833616298811, 0.2625, 0.6730769230769231]
Validation sensitivity: 0.19757575757575757
Validation specificity: 0.058361391694725026
Validation icbhi_score: 0.1279685746352413
Validation roc_auc: None
Validation avg_accuracy: 0.26418916273365906
Validation one_indexed_epoch: 11
The validation tracker metric at 0.13795735129068462 hasn't increased by 0 in 2 epochs
Mel loss: <tf.Variable 'Variable:0' shape=() dtype=float32, numpy=0.5>
sinc loss: <tf.Variable 'Variable:0' shape=() dtype=float32, numpy=0.5>
68/68 - 296s - loss: 0.6939 - accuracy: 0.5868 - 296s/epoch - 4s/step
Epoch 12/60
Validation cm: [[ 51  64 271 505]
 [ 30  32 130 397]
 [  0   4  22  54]
 [ 14  19  17 106]]
Validation normalized_cm: [[0.057 0.072 0.304 0.567]
 [0.051 0.054 0.221 0.674]
 [0.    0.05  0.275 0.675]
 [0.09  0.122 0.109 0.679]]
Validation acc: 0.12296037296037296
Validation class_accuracies: [0.05723905723905724, 0.05432937181663837, 0.275, 0.6794871794871795]
Validation sensitivity: 0.19393939393939394
Validation specificity: 0.05723905723905724
Validation icbhi_score: 0.12558922558922558
Validation roc_auc: None
Validation avg_accuracy: 0.2665139021357188
Validation one_indexed_epoch: 12
The validation tracker metric at 0.13795735129068462 hasn't increased by 0 in 3 epochs
68/68 - 296s - loss: 0.6925 - accuracy: 0.5935 - 296s/epoch - 4s/step
Epoch 13/60
Validation cm: [[ 46  57 276 512]
 [ 25  29 134 401]
 [  0   4  23  53]
 [ 15  18  18 105]]
Validation normalized_cm: [[0.052 0.064 0.31  0.575]
