Tensorflow Version: 2.8.0
Num GPUs Available:  1
Collecting Variables...
All variables have been collected.
../cache/
cw
train122
Description:  debugging, overlap threshold = 0.5
-----------------------
Job id is 1.
Job dir: ../cache/cw/train122/1
- Loading Icbhi.
725 Icbhi audios have been loaded.
- Preparing Icbhi.
112 Icbhi groups of audio chunks (by filename or patients) have been prepared.
--- Samples are being split into training/val groups and de-grouped by patient ---
Job id is 2.
lengths
4349
1716
0
0
0
0
-----------------------
--- Final training dataset went from 0 to 4349 elements, with 2185 none's, 1106 crakles, 559 wheezes and 438 both ---
--- Final Validation dataset contains 1716 elements, with 1038 none, 494 crackles, 63 wheezes and 89 both ---
Initializing weights...
weights = {0: 0.49130140081337553, 1: 0.9742383512544803, 2: 1.9041155866900175, 3: 2.4214922048997773}
Model: "leaf_model9_model_bis"
______________________________________________________________________________________________________________
 Layer (type)                                    Output Shape                                Param #          
==============================================================================================================
 leaf (Leaf)                                     multiple                                    560              
                                                                                                              
 mel_filterbanks (MelFilterbanks)                multiple                                    0 (unused)       
                                                                                                              
 sincnet (SincNet)                               multiple                                    0 (unused)       
                                                                                                              
 sequential (Sequential)                         (None, 80, 250, 1)                          4                
                                                                                                              
 sequential_1 (Sequential)                       (None, 80, 250, 16)                         2352             
                                                                                                              
 sequential_2 (Sequential)                       (None, 80, 250, 16)                         6448             
                                                                                                              
 sequential_3 (Sequential)                       (None, 80, 250, 16)                         32               
                                                                                                              
 concatenate (Concatenate)                       multiple                                    0                
                                                                                                              
 sequential_4 (Sequential)                       (None, 2)                                   6192322          
                                                                                                              
==============================================================================================================
Total params: 6,201,880
Trainable params: 6,160,374
Non-trainable params: 41,506
______________________________________________________________________________________________________________
Target metric is icbhi_score
Epoch 1/60
WARNING:tensorflow:Gradients do not exist for variables ['kernel:0'] when minimizing the loss. If you're using `model.compile()`, did you forget to provide a `loss`argument?
WARNING:tensorflow:Gradients do not exist for variables ['kernel:0'] when minimizing the loss. If you're using `model.compile()`, did you forget to provide a `loss`argument?
WARNING:tensorflow:Gradients do not exist for variables ['kernel:0'] when minimizing the loss. If you're using `model.compile()`, did you forget to provide a `loss`argument?
WARNING:tensorflow:Gradients do not exist for variables ['kernel:0'] when minimizing the loss. If you're using `model.compile()`, did you forget to provide a `loss`argument?
WARNING:tensorflow:Gradients do not exist for variables ['kernel:0'] when minimizing the loss. If you're using `model.compile()`, did you forget to provide a `loss`argument?
WARNING:tensorflow:Gradients do not exist for variables ['kernel:0'] when minimizing the loss. If you're using `model.compile()`, did you forget to provide a `loss`argument?
WARNING:tensorflow:Gradients do not exist for variables ['kernel:0'] when minimizing the loss. If you're using `model.compile()`, did you forget to provide a `loss`argument?
WARNING:tensorflow:Gradients do not exist for variables ['kernel:0'] when minimizing the loss. If you're using `model.compile()`, did you forget to provide a `loss`argument?
Validation cm: [[1062    0    0    3]
 [ 498    0    0    0]
 [  63    0    0    0]
 [  90    0    0    0]]
Validation normalized_cm: [[0.997 0.    0.    0.003]
 [1.    0.    0.    0.   ]
 [1.    0.    0.    0.   ]
 [1.    0.    0.    0.   ]]
Validation acc: 0.6188811188811189
Validation class_accuracies: [0.9971830985915493, 0.0, 0.0, 0.0]
Validation sensitivity: 0.0
Validation specificity: 0.9971830985915493
Validation icbhi_score: 0.49859154929577465
Validation roc_auc: None
Validation avg_accuracy: 0.24929577464788732
Validation one_indexed_epoch: 1
-- New best results were achieved. --
68/68 - 302s - loss: 0.9735 - accuracy: 0.7360 - 302s/epoch - 4s/step
Epoch 2/60
Validation cm: [[1065    0    0    0]
 [ 498    0    0    0]
 [  63    0    0    0]
 [  90    0    0    0]]
Validation normalized_cm: [[1. 0. 0. 0.]
 [1. 0. 0. 0.]
 [1. 0. 0. 0.]
 [1. 0. 0. 0.]]
Validation acc: 0.6206293706293706
Validation class_accuracies: [1.0, 0.0, 0.0, 0.0]
Validation sensitivity: 0.0
Validation specificity: 1.0
Validation icbhi_score: 0.5
Validation roc_auc: None
Validation avg_accuracy: 0.25
Validation one_indexed_epoch: 2
-- New best results were achieved. --
68/68 - 286s - loss: 0.7103 - accuracy: 0.8039 - 286s/epoch - 4s/step
Epoch 3/60
Validation cm: [[1065    0    0    0]
 [ 498    0    0    0]
 [  63    0    0    0]
 [  90    0    0    0]]
Validation normalized_cm: [[1. 0. 0. 0.]
 [1. 0. 0. 0.]
 [1. 0. 0. 0.]
 [1. 0. 0. 0.]]
Validation acc: 0.6206293706293706
Validation class_accuracies: [1.0, 0.0, 0.0, 0.0]
Validation sensitivity: 0.0
Validation specificity: 1.0
Validation icbhi_score: 0.5
Validation roc_auc: None
Validation avg_accuracy: 0.25
Validation one_indexed_epoch: 3
The validation tracker metric at 0.5 hasn't increased by 0 in 1 epochs
68/68 - 286s - loss: 0.7156 - accuracy: 0.8034 - 286s/epoch - 4s/step
Epoch 4/60
Validation cm: [[159 832   0  74]
 [ 85 393   0  20]
 [  8  54   0   1]
 [ 16  71   0   3]]
Validation normalized_cm: [[0.149 0.781 0.    0.069]
 [0.171 0.789 0.    0.04 ]
 [0.127 0.857 0.    0.016]
 [0.178 0.789 0.    0.033]]
Validation acc: 0.32342657342657344
Validation class_accuracies: [0.14929577464788732, 0.7891566265060241, 0.0, 0.03333333333333333]
Validation sensitivity: 0.6082949308755761
Validation specificity: 0.14929577464788732
Validation icbhi_score: 0.3787953527617317
Validation roc_auc: None
Validation avg_accuracy: 0.2429464336218112
Validation one_indexed_epoch: 4
The validation tracker metric at 0.5 hasn't increased by 0 in 2 epochs
68/68 - 287s - loss: 0.7158 - accuracy: 0.8048 - 287s/epoch - 4s/step
Epoch 5/60
Validation cm: [[ 68 525   3 469]
 [ 12 284   0 202]
 [  4  38   0  21]
 [  6  54   0  30]]
Validation normalized_cm: [[0.064 0.493 0.003 0.44 ]
 [0.024 0.57  0.    0.406]
 [0.063 0.603 0.    0.333]
 [0.067 0.6   0.    0.333]]
Validation acc: 0.22261072261072262
Validation class_accuracies: [0.06384976525821597, 0.570281124497992, 0.0, 0.3333333333333333]
Validation sensitivity: 0.4823348694316436
Validation specificity: 0.06384976525821597
Validation icbhi_score: 0.2730923173449298
Validation roc_auc: None
Validation avg_accuracy: 0.2418660557723853
Validation one_indexed_epoch: 5
The validation tracker metric at 0.5 hasn't increased by 0 in 3 epochs
68/68 - 288s - loss: 0.7192 - accuracy: 0.7993 - 288s/epoch - 4s/step
Epoch 6/60
Validation cm: [[196 660   2 207]
 [ 98 322   1  77]
 [  6  47   0  10]
 [ 26  55   0   9]]
Validation normalized_cm: [[0.184 0.62  0.002 0.194]
 [0.197 0.647 0.002 0.155]
 [0.095 0.746 0.    0.159]
 [0.289 0.611 0.    0.1  ]]
Validation acc: 0.3071095571095571
Validation class_accuracies: [0.18403755868544602, 0.6465863453815262, 0.0, 0.1]
Validation sensitivity: 0.5084485407066052
Validation specificity: 0.18403755868544602
Validation icbhi_score: 0.3462430496960256
Validation roc_auc: None
Validation avg_accuracy: 0.23265597601674304
Validation one_indexed_epoch: 6
The validation tracker metric at 0.5 hasn't increased by 0 in 4 epochs
68/68 - 283s - loss: 0.7134 - accuracy: 0.8048 - 283s/epoch - 4s/step
Epoch 7/60
Validation cm: [[164 449   8 444]
 [ 86 218   2 192]
 [  7  26   0  30]
 [ 24  35   0  31]]
Validation normalized_cm: [[0.154 0.422 0.008 0.417]
 [0.173 0.438 0.004 0.386]
 [0.111 0.413 0.    0.476]
 [0.267 0.389 0.    0.344]]
Validation acc: 0.2406759906759907
Validation class_accuracies: [0.1539906103286385, 0.43775100401606426, 0.0, 0.34444444444444444]
Validation sensitivity: 0.3824884792626728
Validation specificity: 0.1539906103286385
Validation icbhi_score: 0.26823954479565565
Validation roc_auc: None
Validation avg_accuracy: 0.2340465146972868
Validation one_indexed_epoch: 7
The validation tracker metric at 0.5 hasn't increased by 0 in 5 epochs
68/68 - 285s - loss: 0.7166 - accuracy: 0.8071 - 285s/epoch - 4s/step
Epoch 8/60
Validation cm: [[112 279  19 655]
 [ 51 171   5 271]
 [  5  23   0  35]
 [ 12  25   2  51]]
Validation normalized_cm: [[0.105 0.262 0.018 0.615]
 [0.102 0.343 0.01  0.544]
 [0.079 0.365 0.    0.556]
 [0.133 0.278 0.022 0.567]]
Validation acc: 0.19463869463869463
Validation class_accuracies: [0.10516431924882629, 0.3433734939759036, 0.0, 0.5666666666666667]
Validation sensitivity: 0.34101382488479265
Validation specificity: 0.10516431924882629
Validation icbhi_score: 0.22308907206680947
Validation roc_auc: None
Validation avg_accuracy: 0.25380111997284915
Validation one_indexed_epoch: 8
The validation tracker metric at 0.5 hasn't increased by 0 in 6 epochs
68/68 - 299s - loss: 0.7150 - accuracy: 0.8085 - 299s/epoch - 4s/step
Epoch 9/60
Validation cm: [[129 197  56 683]
 [ 52 123  12 311]
 [  9  11   3  40]
 [ 12  23   3  52]]
Validation normalized_cm: [[0.121 0.185 0.053 0.641]
 [0.104 0.247 0.024 0.624]
 [0.143 0.175 0.048 0.635]
 [0.133 0.256 0.033 0.578]]
Validation acc: 0.1789044289044289
Validation class_accuracies: [0.12112676056338029, 0.2469879518072289, 0.047619047619047616, 0.5777777777777777]
Validation sensitivity: 0.27342549923195086
Validation specificity: 0.12112676056338029
Validation icbhi_score: 0.19727612989766558
Validation roc_auc: None
Validation avg_accuracy: 0.24837788444185865
Validation one_indexed_epoch: 9
The validation tracker metric at 0.5 hasn't increased by 0 in 7 epochs
68/68 - 283s - loss: 0.7187 - accuracy: 0.8075 - 283s/epoch - 4s/step
Epoch 10/60
Validation cm: [[181 106  97 681]
 [ 70  76  28 324]
 [ 14   4   5  40]
 [ 22  10   5  53]]
Validation normalized_cm: [[0.17  0.1   0.091 0.639]
 [0.141 0.153 0.056 0.651]
 [0.222 0.063 0.079 0.635]
 [0.244 0.111 0.056 0.589]]
Validation acc: 0.18356643356643357
Validation class_accuracies: [0.1699530516431925, 0.15261044176706828, 0.07936507936507936, 0.5888888888888889]
Validation sensitivity: 0.20583717357910905
Validation specificity: 0.1699530516431925
Validation icbhi_score: 0.18789511261115077
Validation roc_auc: None
Validation avg_accuracy: 0.24770436541605728
Validation one_indexed_epoch: 10
The validation tracker metric at 0.5 hasn't increased by 0 in 8 epochs
68/68 - 286s - loss: 0.7119 - accuracy: 0.8055 - 286s/epoch - 4s/step
Epoch 11/60
Validation cm: [[197  66 125 677]
 [ 81  48  32 337]
 [  9   5   9  40]
 [ 25   7   5  53]]
Validation normalized_cm: [[0.185 0.062 0.117 0.636]
 [0.163 0.096 0.064 0.677]
 [0.143 0.079 0.143 0.635]
 [0.278 0.078 0.056 0.589]]
Validation acc: 0.1789044289044289
Validation class_accuracies: [0.18497652582159624, 0.0963855421686747, 0.14285714285714285, 0.5888888888888889]
Validation sensitivity: 0.16897081413210446
Validation specificity: 0.18497652582159624
Validation icbhi_score: 0.17697366997685035
Validation roc_auc: None
Validation avg_accuracy: 0.25327702493407567
Validation one_indexed_epoch: 11
The validation tracker metric at 0.5 hasn't increased by 0 in 9 epochs
Mel loss: <tf.Variable 'Variable:0' shape=() dtype=float32, numpy=0.5>
sinc loss: <tf.Variable 'Variable:0' shape=() dtype=float32, numpy=0.5>
68/68 - 283s - loss: 0.7155 - accuracy: 0.8029 - 283s/epoch - 4s/step
Epoch 12/60
Validation cm: [[198  57 139 671]
 [ 80  42  42 334]
 [ 10   4   8  41]
 [ 25   5   7  53]]
Validation normalized_cm: [[0.186 0.054 0.131 0.63 ]
 [0.161 0.084 0.084 0.671]
 [0.159 0.063 0.127 0.651]
 [0.278 0.056 0.078 0.589]]
Validation acc: 0.1754079254079254
Validation class_accuracies: [0.18591549295774648, 0.08433734939759036, 0.12698412698412698, 0.5888888888888889]
Validation sensitivity: 0.15821812596006143
Validation specificity: 0.18591549295774648
Validation icbhi_score: 0.17206680945890396
Validation roc_auc: None
Validation avg_accuracy: 0.2465314645570882
Validation one_indexed_epoch: 12
The validation tracker metric at 0.5 hasn't increased by 0 in 10 epochs
68/68 - 284s - loss: 0.7203 - accuracy: 0.8002 - 284s/epoch - 4s/step
Epoch 13/60
Validation cm: [[201  52 148 664]
 [ 79  39  53 327]
 [ 10   4   9  40]
 [ 24   5  10  51]]
Validation normalized_cm: [[0.189 0.049 0.139 0.623]
 [0.159 0.078 0.106 0.657]
 [0.159 0.063 0.143 0.635]
 [0.267 0.056 0.111 0.567]]
Validation acc: 0.17482517482517482
Validation class_accuracies: [0.18873239436619718, 0.0783132530120482, 0.14285714285714285, 0.5666666666666667]
Validation sensitivity: 0.15207373271889402
Validation specificity: 0.18873239436619718
Validation icbhi_score: 0.17040306354254559
Validation roc_auc: None
Validation avg_accuracy: 0.24414236422551372
Validation one_indexed_epoch: 13
The validation tracker metric at 0.5 hasn't increased by 0 in 11 epochs
68/68 - 286s - loss: 0.7108 - accuracy: 0.8085 - 286s/epoch - 4s/step
Epoch 14/60
Validation cm: [[201  47 155 662]
 [ 79  36  56 327]
 [ 11   3   9  40]
 [ 24   5  10  51]]
Validation normalized_cm: [[0.189 0.044 0.146 0.622]
 [0.159 0.072 0.112 0.657]
 [0.175 0.048 0.143 0.635]
 [0.267 0.056 0.111 0.567]]
Validation acc: 0.17307692307692307
Validation class_accuracies: [0.18873239436619718, 0.07228915662650602, 0.14285714285714285, 0.5666666666666667]
Validation sensitivity: 0.14746543778801843
Validation specificity: 0.18873239436619718
Validation icbhi_score: 0.1680989160771078
Validation roc_auc: None
Validation avg_accuracy: 0.24263634012912816
Validation one_indexed_epoch: 14
The validation tracker metric at 0.5 hasn't increased by 0 in 12 epochs
68/68 - 296s - loss: 0.7153 - accuracy: 0.8048 - 296s/epoch - 4s/step
Epoch 15/60
