Tensorflow Version: 2.8.0
Num GPUs Available:  1
Collecting Variables...
All variables have been collected.
../cache/
cw
train129
Description:  debugging, mel, no normalizing, 1 optimizer w adaptive lr, overlap threshold = 0.15, 4 one hot encoder, softmax, oversampling, no spectral loss
-----------------------
Job id is 1.
Job dir: ../cache/cw/train129/1
- Loading Icbhi.
725 Icbhi audios have been loaded.
- Preparing Icbhi.
112 Icbhi groups of audio chunks (by filename or patients) have been prepared.
--- Samples are being split into training/val groups and de-grouped by patient ---
Job id is 2.
lengths
4349
1716
-----------------------
--- Final training dataset went from 0 to 4349 elements, with 0 none's, 0 crakles, 0 wheezes and 0 both ---
--- Final Validation dataset contains 1716 elements, with 0 none, 0 crackles, 0 wheezes and 0 both ---
Initializing weights...
Model: "leaf_model9_model_bis"
______________________________________________________________________________________________________________
 Layer (type)                                    Output Shape                                Param #          
==============================================================================================================
 mel_filterbanks (MelFilterbanks)                multiple                                    0                
                                                                                                              
 mel_filterbanks_1 (MelFilterbanks)              multiple                                    0 (unused)       
                                                                                                              
 sincnet (SincNet)                               multiple                                    0 (unused)       
                                                                                                              
 sequential (Sequential)                         (None, 80, 500, 1)                          4                
                                                                                                              
 sequential_1 (Sequential)                       (None, 80, 500, 16)                         2352             
                                                                                                              
 sequential_2 (Sequential)                       (None, 80, 500, 16)                         6448             
                                                                                                              
 sequential_3 (Sequential)                       (None, 80, 500, 16)                         32               
                                                                                                              
 concatenate (Concatenate)                       multiple                                    0                
                                                                                                              
 sequential_4 (Sequential)                       (None, 4)                                   6193348          
                                                                                                              
==============================================================================================================
Total params: 6,202,346
Trainable params: 6,160,840
Non-trainable params: 41,506
______________________________________________________________________________________________________________
Target metric is icbhi_score
Epoch 1/60
WARNING:tensorflow:Gradients do not exist for variables ['kernel:0', 'Variable:0', 'Variable:0'] when minimizing the loss. If you're using `model.compile()`, did you forget to provide a `loss`argument?
WARNING:tensorflow:Gradients do not exist for variables ['kernel:0', 'Variable:0', 'Variable:0'] when minimizing the loss. If you're using `model.compile()`, did you forget to provide a `loss`argument?
WARNING:tensorflow:Gradients do not exist for variables ['kernel:0', 'Variable:0', 'Variable:0'] when minimizing the loss. If you're using `model.compile()`, did you forget to provide a `loss`argument?
WARNING:tensorflow:Gradients do not exist for variables ['kernel:0', 'Variable:0', 'Variable:0'] when minimizing the loss. If you're using `model.compile()`, did you forget to provide a `loss`argument?
Validation cm: [[  0 891   0   0]
 [  0 589   0   0]
 [  0  80   0   0]
 [  0 156   0   0]]
Validation normalized_cm: [[0. 1. 0. 0.]
 [0. 1. 0. 0.]
 [0. 1. 0. 0.]
 [0. 1. 0. 0.]]
Validation acc: 0.34324009324009325
Validation class_accuracies: [0.0, 1.0, 0.0, 0.0]
Validation sensitivity: 0.713939393939394
Validation specificity: 0.0
Validation icbhi_score: 0.356969696969697
Validation roc_auc: None
Validation avg_accuracy: 0.25
Validation one_indexed_epoch: 1
-- New best results were achieved. --
<class 'leaf_audio.frontend.MelFilterbanks'>
There is no such attribute
68/68 - 153s - loss: 1.6651 - accuracy: 0.3937 - 153s/epoch - 2s/step
Epoch 2/60
Validation cm: [[  0 891   0   0]
 [  0 589   0   0]
 [  0  80   0   0]
 [  0 156   0   0]]
Validation normalized_cm: [[0. 1. 0. 0.]
 [0. 1. 0. 0.]
 [0. 1. 0. 0.]
 [0. 1. 0. 0.]]
Validation acc: 0.34324009324009325
Validation class_accuracies: [0.0, 1.0, 0.0, 0.0]
Validation sensitivity: 0.713939393939394
Validation specificity: 0.0
Validation icbhi_score: 0.356969696969697
Validation roc_auc: None
Validation avg_accuracy: 0.25
Validation one_indexed_epoch: 2
The validation tracker metric at 0.356969696969697 hasn't increased by 0 in 1 epochs
<class 'leaf_audio.frontend.MelFilterbanks'>
There is no such attribute
68/68 - 143s - loss: 1.2002 - accuracy: 0.4500 - 143s/epoch - 2s/step
Epoch 3/60
Validation cm: [[  0 891   0   0]
 [  0 589   0   0]
 [  0  80   0   0]
 [  0 156   0   0]]
Validation normalized_cm: [[0. 1. 0. 0.]
 [0. 1. 0. 0.]
 [0. 1. 0. 0.]
 [0. 1. 0. 0.]]
Validation acc: 0.34324009324009325
Validation class_accuracies: [0.0, 1.0, 0.0, 0.0]
Validation sensitivity: 0.713939393939394
Validation specificity: 0.0
Validation icbhi_score: 0.356969696969697
Validation roc_auc: None
Validation avg_accuracy: 0.25
Validation one_indexed_epoch: 3
The validation tracker metric at 0.356969696969697 hasn't increased by 0 in 2 epochs
<class 'leaf_audio.frontend.MelFilterbanks'>
There is no such attribute
68/68 - 140s - loss: 1.1521 - accuracy: 0.4822 - 140s/epoch - 2s/step
Epoch 4/60
Validation cm: [[  0 891   0   0]
 [  0 589   0   0]
 [  0  80   0   0]
 [  0 156   0   0]]
Validation normalized_cm: [[0. 1. 0. 0.]
 [0. 1. 0. 0.]
 [0. 1. 0. 0.]
 [0. 1. 0. 0.]]
Validation acc: 0.34324009324009325
Validation class_accuracies: [0.0, 1.0, 0.0, 0.0]
Validation sensitivity: 0.713939393939394
Validation specificity: 0.0
Validation icbhi_score: 0.356969696969697
Validation roc_auc: None
Validation avg_accuracy: 0.25
Validation one_indexed_epoch: 4
The validation tracker metric at 0.356969696969697 hasn't increased by 0 in 3 epochs
<class 'leaf_audio.frontend.MelFilterbanks'>
There is no such attribute
68/68 - 141s - loss: 1.0841 - accuracy: 0.5158 - 141s/epoch - 2s/step
Epoch 5/60
Validation cm: [[  0 891   0   0]
 [  0 589   0   0]
 [  0  80   0   0]
 [  0 156   0   0]]
Validation normalized_cm: [[0. 1. 0. 0.]
 [0. 1. 0. 0.]
 [0. 1. 0. 0.]
 [0. 1. 0. 0.]]
Validation acc: 0.34324009324009325
Validation class_accuracies: [0.0, 1.0, 0.0, 0.0]
Validation sensitivity: 0.713939393939394
Validation specificity: 0.0
Validation icbhi_score: 0.356969696969697
Validation roc_auc: None
Validation avg_accuracy: 0.25
Validation one_indexed_epoch: 5
The validation tracker metric at 0.356969696969697 hasn't increased by 0 in 4 epochs
<class 'leaf_audio.frontend.MelFilterbanks'>
There is no such attribute
68/68 - 141s - loss: 0.9955 - accuracy: 0.5574 - 141s/epoch - 2s/step
Epoch 6/60
Validation cm: [[  0 891   0   0]
 [  0 589   0   0]
 [  0  80   0   0]
 [  0 156   0   0]]
Validation normalized_cm: [[0. 1. 0. 0.]
 [0. 1. 0. 0.]
 [0. 1. 0. 0.]
 [0. 1. 0. 0.]]
Validation acc: 0.34324009324009325
Validation class_accuracies: [0.0, 1.0, 0.0, 0.0]
Validation sensitivity: 0.713939393939394
Validation specificity: 0.0
Validation icbhi_score: 0.356969696969697
Validation roc_auc: None
Validation avg_accuracy: 0.25
Validation one_indexed_epoch: 6
The validation tracker metric at 0.356969696969697 hasn't increased by 0 in 5 epochs
Lr has been adjusted to 0.0005000000237487257
<class 'leaf_audio.frontend.MelFilterbanks'>
There is no such attribute
68/68 - 138s - loss: 0.9171 - accuracy: 0.5965 - 138s/epoch - 2s/step
Epoch 7/60
Validation cm: [[  0 891   0   0]
 [  0 589   0   0]
 [  0  80   0   0]
 [  0 156   0   0]]
Validation normalized_cm: [[0. 1. 0. 0.]
 [0. 1. 0. 0.]
 [0. 1. 0. 0.]
 [0. 1. 0. 0.]]
Validation acc: 0.34324009324009325
Validation class_accuracies: [0.0, 1.0, 0.0, 0.0]
Validation sensitivity: 0.713939393939394
Validation specificity: 0.0
Validation icbhi_score: 0.356969696969697
Validation roc_auc: None
Validation avg_accuracy: 0.25
Validation one_indexed_epoch: 7
The validation tracker metric at 0.356969696969697 hasn't increased by 0 in 6 epochs
<class 'leaf_audio.frontend.MelFilterbanks'>
There is no such attribute
68/68 - 139s - loss: 0.7956 - accuracy: 0.6648 - 139s/epoch - 2s/step
Epoch 8/60
Validation cm: [[  0 891   0   0]
 [  0 589   0   0]
 [  0  80   0   0]
 [  0 156   0   0]]
Validation normalized_cm: [[0. 1. 0. 0.]
 [0. 1. 0. 0.]
 [0. 1. 0. 0.]
 [0. 1. 0. 0.]]
Validation acc: 0.34324009324009325
Validation class_accuracies: [0.0, 1.0, 0.0, 0.0]
Validation sensitivity: 0.713939393939394
Validation specificity: 0.0
Validation icbhi_score: 0.356969696969697
Validation roc_auc: None
Validation avg_accuracy: 0.25
Validation one_indexed_epoch: 8
The validation tracker metric at 0.356969696969697 hasn't increased by 0 in 7 epochs
<class 'leaf_audio.frontend.MelFilterbanks'>
There is no such attribute
68/68 - 140s - loss: 0.7367 - accuracy: 0.6880 - 140s/epoch - 2s/step
Epoch 9/60
Validation cm: [[331 560   0   0]
 [344 245   0   0]
 [ 26  54   0   0]
 [ 85  71   0   0]]
Validation normalized_cm: [[0.371 0.629 0.    0.   ]
 [0.584 0.416 0.    0.   ]
 [0.325 0.675 0.    0.   ]
 [0.545 0.455 0.    0.   ]]
Validation acc: 0.3356643356643357
Validation class_accuracies: [0.37149270482603813, 0.4159592529711375, 0.0, 0.0]
Validation sensitivity: 0.296969696969697
Validation specificity: 0.37149270482603813
Validation icbhi_score: 0.33423120089786756
Validation roc_auc: None
Validation avg_accuracy: 0.19686298944929392
Validation one_indexed_epoch: 9
The validation tracker metric at 0.356969696969697 hasn't increased by 0 in 8 epochs
<class 'leaf_audio.frontend.MelFilterbanks'>
There is no such attribute
68/68 - 141s - loss: 0.7008 - accuracy: 0.7094 - 141s/epoch - 2s/step
Epoch 10/60
Validation cm: [[688 200   2   1]
 [509  79   1   0]
 [ 63  13   1   3]
 [119  27   5   5]]
Validation normalized_cm: [[0.772 0.224 0.002 0.001]
 [0.864 0.134 0.002 0.   ]
 [0.787 0.163 0.013 0.037]
 [0.763 0.173 0.032 0.032]]
Validation acc: 0.45046620046620045
Validation class_accuracies: [0.7721661054994389, 0.13412563667232597, 0.0125, 0.03205128205128205]
Validation sensitivity: 0.10303030303030303
Validation specificity: 0.7721661054994389
Validation icbhi_score: 0.43759820426487095
Validation roc_auc: None
Validation avg_accuracy: 0.23771075605576172
Validation one_indexed_epoch: 10
-- New best results were achieved. --
<class 'leaf_audio.frontend.MelFilterbanks'>
There is no such attribute
68/68 - 138s - loss: 0.6647 - accuracy: 0.7278 - 138s/epoch - 2s/step
Epoch 11/60
Validation cm: [[222 662   6   1]
 [ 58 527   4   0]
 [ 29  46   4   1]
 [ 15 137   1   3]]
Validation normalized_cm: [[0.249 0.743 0.007 0.001]
 [0.098 0.895 0.007 0.   ]
 [0.362 0.575 0.05  0.013]
 [0.096 0.878 0.006 0.019]]
Validation acc: 0.4405594405594406
Validation class_accuracies: [0.24915824915824916, 0.8947368421052632, 0.05, 0.019230769230769232]
Validation sensitivity: 0.6472727272727272
Validation specificity: 0.24915824915824916
Validation icbhi_score: 0.4482154882154882
Validation roc_auc: None
Validation avg_accuracy: 0.3032814651235704
Validation one_indexed_epoch: 11
-- New best results were achieved. --
Mel loss: <tf.Variable 'Variable:0' shape=() dtype=float32, numpy=0.5>
sinc loss: <tf.Variable 'Variable:0' shape=() dtype=float32, numpy=0.5>
<class 'leaf_audio.frontend.MelFilterbanks'>
There is no such attribute
68/68 - 140s - loss: 0.6331 - accuracy: 0.7388 - 140s/epoch - 2s/step
Epoch 12/60
Validation cm: [[827   6  58   0]
 [585   0   4   0]
 [ 69   0  11   0]
 [128   0  28   0]]
Validation normalized_cm: [[0.928 0.007 0.065 0.   ]
 [0.993 0.    0.007 0.   ]
 [0.863 0.    0.138 0.   ]
 [0.821 0.    0.179 0.   ]]
Validation acc: 0.48834498834498835
Validation class_accuracies: [0.9281705948372615, 0.0, 0.1375, 0.0]
Validation sensitivity: 0.013333333333333334
Validation specificity: 0.9281705948372615
Validation icbhi_score: 0.4707519640852974
Validation roc_auc: None
Validation avg_accuracy: 0.2664176487093154
Validation one_indexed_epoch: 12
-- New best results were achieved. --
<class 'leaf_audio.frontend.MelFilterbanks'>
There is no such attribute
68/68 - 140s - loss: 0.5939 - accuracy: 0.7576 - 140s/epoch - 2s/step
Epoch 13/60
Validation cm: [[728  68  92   3]
 [535  19  28   7]
 [ 51   7  22   0]
 [ 99  10  45   2]]
Validation normalized_cm: [[0.817 0.076 0.103 0.003]
 [0.908 0.032 0.048 0.012]
 [0.637 0.087 0.275 0.   ]
 [0.635 0.064 0.288 0.013]]
Validation acc: 0.4493006993006993
Validation class_accuracies: [0.8170594837261503, 0.03225806451612903, 0.275, 0.01282051282051282]
Validation sensitivity: 0.052121212121212124
Validation specificity: 0.8170594837261503
Validation icbhi_score: 0.43459034792368123
Validation roc_auc: None
Validation avg_accuracy: 0.28428451526569803
Validation one_indexed_epoch: 13
The validation tracker metric at 0.4707519640852974 hasn't increased by 0 in 1 epochs
<class 'leaf_audio.frontend.MelFilterbanks'>
There is no such attribute
68/68 - 140s - loss: 0.5513 - accuracy: 0.7806 - 140s/epoch - 2s/step
Epoch 14/60
Validation cm: [[267   0 573  51]
 [221   2 294  72]
 [ 12   0  66   2]
 [ 19   0 129   8]]
Validation normalized_cm: [[0.3   0.    0.643 0.057]
 [0.375 0.003 0.499 0.122]
 [0.15  0.    0.825 0.025]
 [0.122 0.    0.827 0.051]]
Validation acc: 0.1998834498834499
Validation class_accuracies: [0.2996632996632997, 0.003395585738539898, 0.825, 0.05128205128205128]
Validation sensitivity: 0.09212121212121212
Validation specificity: 0.2996632996632997
Validation icbhi_score: 0.1958922558922559
Validation roc_auc: None
Validation avg_accuracy: 0.29483523417097274
Validation one_indexed_epoch: 14
The validation tracker metric at 0.4707519640852974 hasn't increased by 0 in 2 epochs
<class 'leaf_audio.frontend.MelFilterbanks'>
There is no such attribute
68/68 - 138s - loss: 0.5206 - accuracy: 0.7891 - 138s/epoch - 2s/step
Epoch 15/60
Validation cm: [[294 434  29 134]
 [190 355  18  26]
 [ 11  34   6  29]
 [ 29  60   5  62]]
Validation normalized_cm: [[0.33  0.487 0.033 0.15 ]
 [0.323 0.603 0.031 0.044]
 [0.138 0.425 0.075 0.362]
 [0.186 0.385 0.032 0.397]]
Validation acc: 0.4178321678321678
Validation class_accuracies: [0.32996632996632996, 0.6027164685908319, 0.075, 0.3974358974358974]
Validation sensitivity: 0.5127272727272727
Validation specificity: 0.32996632996632996
Validation icbhi_score: 0.42134680134680136
Validation roc_auc: None
Validation avg_accuracy: 0.3512796739982648
Validation one_indexed_epoch: 15
The validation tracker metric at 0.4707519640852974 hasn't increased by 0 in 3 epochs
<class 'leaf_audio.frontend.MelFilterbanks'>
There is no such attribute
68/68 - 142s - loss: 0.4865 - accuracy: 0.8043 - 142s/epoch - 2s/step
Epoch 16/60
Validation cm: [[828   9  44  10]
 [540  19  23   7]
 [ 55   3  20   2]
 [114   1  38   3]]
Validation normalized_cm: [[0.929 0.01  0.049 0.011]
 [0.917 0.032 0.039 0.012]
 [0.688 0.037 0.25  0.025]
 [0.731 0.006 0.244 0.019]]
Validation acc: 0.506993006993007
Validation class_accuracies: [0.9292929292929293, 0.03225806451612903, 0.25, 0.019230769230769232]
Validation sensitivity: 0.05090909090909091
Validation specificity: 0.9292929292929293
Validation icbhi_score: 0.4901010101010101
Validation roc_auc: None
Validation avg_accuracy: 0.30769544075995686
Validation one_indexed_epoch: 16
-- New best results were achieved. --
<class 'leaf_audio.frontend.MelFilterbanks'>
There is no such attribute
68/68 - 143s - loss: 0.4373 - accuracy: 0.8257 - 143s/epoch - 2s/step
Epoch 17/60
Validation cm: [[660 148  17  66]
 [391 180   9   9]
 [ 53   8  13   6]
 [105  22  18  11]]
Validation normalized_cm: [[0.741 0.166 0.019 0.074]
 [0.664 0.306 0.015 0.015]
 [0.662 0.1   0.163 0.075]
 [0.673 0.141 0.115 0.071]]
Validation acc: 0.5034965034965035
Validation class_accuracies: [0.7407407407407407, 0.30560271646859083, 0.1625, 0.07051282051282051]
Validation sensitivity: 0.24727272727272728
Validation specificity: 0.7407407407407407
Validation icbhi_score: 0.494006734006734
Validation roc_auc: None
Validation avg_accuracy: 0.319839069430538
Validation one_indexed_epoch: 17
-- New best results were achieved. --
<class 'leaf_audio.frontend.MelFilterbanks'>
There is no such attribute
68/68 - 142s - loss: 0.4271 - accuracy: 0.8356 - 142s/epoch - 2s/step
Epoch 18/60
Validation cm: [[699  62  78  52]
 [536  14  20  19]
 [ 46   3  23   8]
 [100   4  32  20]]
Validation normalized_cm: [[0.785 0.07  0.088 0.058]
 [0.91  0.024 0.034 0.032]
 [0.575 0.037 0.287 0.1  ]
 [0.641 0.026 0.205 0.128]]
Validation acc: 0.4405594405594406
Validation class_accuracies: [0.7845117845117845, 0.023769100169779286, 0.2875, 0.1282051282051282]
Validation sensitivity: 0.06909090909090909
Validation specificity: 0.7845117845117845
Validation icbhi_score: 0.4268013468013468
Validation roc_auc: None
Validation avg_accuracy: 0.305996503221673
Validation one_indexed_epoch: 18
The validation tracker metric at 0.494006734006734 hasn't increased by 0 in 1 epochs
<class 'leaf_audio.frontend.MelFilterbanks'>
There is no such attribute
68/68 - 140s - loss: 0.3965 - accuracy: 0.8388 - 140s/epoch - 2s/step
Epoch 19/60
Validation cm: [[236 435  35 185]
 [141 356   9  83]
 [  5  29   6  40]
 [ 11  61   9  75]]
Validation normalized_cm: [[0.265 0.488 0.039 0.208]
 [0.239 0.604 0.015 0.141]
 [0.062 0.362 0.075 0.5  ]
 [0.071 0.391 0.058 0.481]]
Validation acc: 0.3921911421911422
Validation class_accuracies: [0.2648709315375982, 0.6044142614601019, 0.075, 0.4807692307692308]
Validation sensitivity: 0.5296969696969697
Validation specificity: 0.2648709315375982
Validation icbhi_score: 0.39728395061728394
Validation roc_auc: None
Validation avg_accuracy: 0.35626360594173273
Validation one_indexed_epoch: 19
The validation tracker metric at 0.494006734006734 hasn't increased by 0 in 2 epochs
<class 'leaf_audio.frontend.MelFilterbanks'>
There is no such attribute
68/68 - 148s - loss: 0.3892 - accuracy: 0.8446 - 148s/epoch - 2s/step
Epoch 20/60
Validation cm: [[423 141 201 126]
 [279 116  64 130]
 [ 12  10  47  11]
 [ 41  11  71  33]]
Validation normalized_cm: [[0.475 0.158 0.226 0.141]
 [0.474 0.197 0.109 0.221]
 [0.15  0.125 0.588 0.138]
 [0.263 0.071 0.455 0.212]]
Validation acc: 0.36072261072261075
Validation class_accuracies: [0.47474747474747475, 0.1969439728353141, 0.5875, 0.21153846153846154]
Validation sensitivity: 0.23757575757575758
Validation specificity: 0.47474747474747475
Validation icbhi_score: 0.3561616161616162
Validation roc_auc: None
Validation avg_accuracy: 0.3676824772803126
Validation one_indexed_epoch: 20
The validation tracker metric at 0.494006734006734 hasn't increased by 0 in 3 epochs
<class 'leaf_audio.frontend.MelFilterbanks'>
There is no such attribute
68/68 - 141s - loss: 0.3482 - accuracy: 0.8666 - 141s/epoch - 2s/step
Epoch 21/60
Validation cm: [[467 358  13  53]
 [341 221   7  20]
 [ 41  26   2  11]
 [ 64  63   7  22]]
Validation normalized_cm: [[0.524 0.402 0.015 0.059]
 [0.579 0.375 0.012 0.034]
 [0.512 0.325 0.025 0.138]
 [0.41  0.404 0.045 0.141]]
Validation acc: 0.4149184149184149
Validation class_accuracies: [0.5241301907968574, 0.37521222410865873, 0.025, 0.14102564102564102]
Validation sensitivity: 0.296969696969697
Validation specificity: 0.5241301907968574
Validation icbhi_score: 0.4105499438832772
Validation roc_auc: None
Validation avg_accuracy: 0.2663420139827893
Validation one_indexed_epoch: 21
The validation tracker metric at 0.494006734006734 hasn't increased by 0 in 4 epochs
Mel loss: <tf.Variable 'Variable:0' shape=() dtype=float32, numpy=0.5>
sinc loss: <tf.Variable 'Variable:0' shape=() dtype=float32, numpy=0.5>
<class 'leaf_audio.frontend.MelFilterbanks'>
There is no such attribute
68/68 - 146s - loss: 0.3388 - accuracy: 0.8676 - 146s/epoch - 2s/step
Epoch 22/60
Validation cm: [[746   0 145   0]
 [540   0  49   0]
 [ 52   0  28   0]
 [118   0  38   0]]
Validation normalized_cm: [[0.837 0.    0.163 0.   ]
 [0.917 0.    0.083 0.   ]
 [0.65  0.    0.35  0.   ]
 [0.756 0.    0.244 0.   ]]
Validation acc: 0.45104895104895104
Validation class_accuracies: [0.8372615039281706, 0.0, 0.35, 0.0]
Validation sensitivity: 0.03393939393939394
Validation specificity: 0.8372615039281706
Validation icbhi_score: 0.43560044893378225
Validation roc_auc: None
Validation avg_accuracy: 0.29681537598204266
Validation one_indexed_epoch: 22
The validation tracker metric at 0.494006734006734 hasn't increased by 0 in 5 epochs
Lr has been adjusted to 0.0002500000118743628
<class 'leaf_audio.frontend.MelFilterbanks'>
There is no such attribute
68/68 - 141s - loss: 0.3009 - accuracy: 0.8853 - 141s/epoch - 2s/step
Epoch 23/60
Validation cm: [[159 304 307 121]
 [ 76 338  82  93]
 [  6  16  32  26]
 [  8  38  38  72]]
Validation normalized_cm: [[0.178 0.341 0.345 0.136]
 [0.129 0.574 0.139 0.158]
 [0.075 0.2   0.4   0.325]
 [0.051 0.244 0.244 0.462]]
Validation acc: 0.3502331002331002
Validation class_accuracies: [0.17845117845117844, 0.5738539898132428, 0.4, 0.46153846153846156]
Validation sensitivity: 0.5357575757575758
Validation specificity: 0.17845117845117844
Validation icbhi_score: 0.3571043771043771
Validation roc_auc: None
Validation avg_accuracy: 0.4034609074507207
Validation one_indexed_epoch: 23
The validation tracker metric at 0.494006734006734 hasn't increased by 0 in 6 epochs
<class 'leaf_audio.frontend.MelFilterbanks'>
There is no such attribute
68/68 - 146s - loss: 0.2100 - accuracy: 0.9239 - 146s/epoch - 2s/step
Epoch 24/60
Validation cm: [[786  45   6  54]
 [428 142   4  15]
 [ 62   4   7   7]
 [ 91  26  17  22]]
Validation normalized_cm: [[0.882 0.051 0.007 0.061]
 [0.727 0.241 0.007 0.025]
 [0.775 0.05  0.087 0.087]
 [0.583 0.167 0.109 0.141]]
Validation acc: 0.5576923076923077
Validation class_accuracies: [0.8821548821548821, 0.24108658743633277, 0.0875, 0.14102564102564102]
Validation sensitivity: 0.20727272727272728
Validation specificity: 0.8821548821548821
Validation icbhi_score: 0.5447138047138047
Validation roc_auc: None
Validation avg_accuracy: 0.33794177765421396
Validation one_indexed_epoch: 24
-- New best results were achieved. --
<class 'leaf_audio.frontend.MelFilterbanks'>
There is no such attribute
68/68 - 140s - loss: 0.1628 - accuracy: 0.9407 - 140s/epoch - 2s/step
Epoch 25/60
Validation cm: [[647 177  61   6]
 [356 226   6   1]
 [ 44  19  17   0]
 [ 79  39  23  15]]
Validation normalized_cm: [[0.726 0.199 0.068 0.007]
 [0.604 0.384 0.01  0.002]
 [0.55  0.237 0.212 0.   ]
 [0.506 0.25  0.147 0.096]]
Validation acc: 0.5273892773892774
Validation class_accuracies: [0.7261503928170595, 0.3837011884550085, 0.2125, 0.09615384615384616]
Validation sensitivity: 0.31272727272727274
Validation specificity: 0.7261503928170595
Validation icbhi_score: 0.5194388327721662
Validation roc_auc: None
Validation avg_accuracy: 0.35462635685647853
Validation one_indexed_epoch: 25
The validation tracker metric at 0.5447138047138047 hasn't increased by 0 in 1 epochs
<class 'leaf_audio.frontend.MelFilterbanks'>
There is no such attribute
68/68 - 144s - loss: 0.1559 - accuracy: 0.9437 - 144s/epoch - 2s/step
Epoch 26/60
Validation cm: [[562 272  20  37]
 [269 302   4  14]
 [ 45  21   5   9]
 [ 49  69   6  32]]
Validation normalized_cm: [[0.631 0.305 0.022 0.042]
 [0.457 0.513 0.007 0.024]
 [0.562 0.263 0.062 0.113]
 [0.314 0.442 0.038 0.205]]
Validation acc: 0.5250582750582751
Validation class_accuracies: [0.6307519640852974, 0.5127334465195246, 0.0625, 0.20512820512820512]
Validation sensitivity: 0.4109090909090909
Validation specificity: 0.6307519640852974
Validation icbhi_score: 0.5208305274971942
Validation roc_auc: None
Validation avg_accuracy: 0.35277840393325677
Validation one_indexed_epoch: 26
The validation tracker metric at 0.5447138047138047 hasn't increased by 0 in 2 epochs
<class 'leaf_audio.frontend.MelFilterbanks'>
There is no such attribute
68/68 - 143s - loss: 0.1636 - accuracy: 0.9356 - 143s/epoch - 2s/step
Epoch 27/60
Validation cm: [[487 372  16  16]
 [295 290   3   1]
 [ 45  23   5   7]
 [ 82  43  16  15]]
Validation normalized_cm: [[0.547 0.418 0.018 0.018]
 [0.501 0.492 0.005 0.002]
 [0.562 0.287 0.062 0.087]
 [0.526 0.276 0.103 0.096]]
Validation acc: 0.46445221445221446
Validation class_accuracies: [0.5465768799102132, 0.4923599320882852, 0.0625, 0.09615384615384616]
Validation sensitivity: 0.37575757575757573
Validation specificity: 0.5465768799102132
Validation icbhi_score: 0.46116722783389447
Validation roc_auc: None
Validation avg_accuracy: 0.29939766453808614
Validation one_indexed_epoch: 27
The validation tracker metric at 0.5447138047138047 hasn't increased by 0 in 3 epochs
<class 'leaf_audio.frontend.MelFilterbanks'>
There is no such attribute
68/68 - 142s - loss: 0.1339 - accuracy: 0.9496 - 142s/epoch - 2s/step
Epoch 28/60
Validation cm: [[736  67  59  29]
 [377 174  26  12]
 [ 50   7  14   9]
 [ 72  27  31  26]]
Validation normalized_cm: [[0.826 0.075 0.066 0.033]
 [0.64  0.295 0.044 0.02 ]
 [0.625 0.087 0.175 0.113]
 [0.462 0.173 0.199 0.167]]
Validation acc: 0.5536130536130536
Validation class_accuracies: [0.8260381593714927, 0.29541595925297115, 0.175, 0.16666666666666666]
Validation sensitivity: 0.2593939393939394
Validation specificity: 0.8260381593714927
Validation icbhi_score: 0.5427160493827161
Validation roc_auc: None
Validation avg_accuracy: 0.3657801963227827
Validation one_indexed_epoch: 28
The validation tracker metric at 0.5447138047138047 hasn't increased by 0 in 4 epochs
<class 'leaf_audio.frontend.MelFilterbanks'>
There is no such attribute
68/68 - 144s - loss: 0.1232 - accuracy: 0.9540 - 144s/epoch - 2s/step
Epoch 29/60
Validation cm: [[596 204  34  57]
 [285 281   5  18]
 [ 35  21  11  13]
 [ 62  50   9  35]]
Validation normalized_cm: [[0.669 0.229 0.038 0.064]
 [0.484 0.477 0.008 0.031]
 [0.438 0.263 0.138 0.163]
 [0.397 0.321 0.058 0.224]]
Validation acc: 0.5378787878787878
Validation class_accuracies: [0.6689113355780022, 0.4770797962648557, 0.1375, 0.22435897435897437]
Validation sensitivity: 0.39636363636363636
Validation specificity: 0.6689113355780022
Validation icbhi_score: 0.5326374859708193
Validation roc_auc: None
Validation avg_accuracy: 0.3769625265504581
Validation one_indexed_epoch: 29
The validation tracker metric at 0.5447138047138047 hasn't increased by 0 in 5 epochs
Lr has been adjusted to 0.0001250000059371814
<class 'leaf_audio.frontend.MelFilterbanks'>
There is no such attribute
68/68 - 141s - loss: 0.1163 - accuracy: 0.9577 - 141s/epoch - 2s/step
Epoch 30/60
Validation cm: [[416 414  33  28]
 [142 425   4  18]
 [ 25  39   8   8]
 [ 28  91  15  22]]
Validation normalized_cm: [[0.467 0.465 0.037 0.031]
 [0.241 0.722 0.007 0.031]
 [0.312 0.487 0.1   0.1  ]
 [0.179 0.583 0.096 0.141]]
Validation acc: 0.5075757575757576
Validation class_accuracies: [0.4668911335578002, 0.7215619694397284, 0.1, 0.14102564102564102]
Validation sensitivity: 0.5515151515151515
Validation specificity: 0.4668911335578002
Validation icbhi_score: 0.5092031425364758
Validation roc_auc: None
Validation avg_accuracy: 0.35736968600579244
Validation one_indexed_epoch: 30
The validation tracker metric at 0.5447138047138047 hasn't increased by 0 in 6 epochs
<class 'leaf_audio.frontend.MelFilterbanks'>
There is no such attribute
68/68 - 149s - loss: 0.0700 - accuracy: 0.9763 - 149s/epoch - 2s/step
Epoch 31/60
Validation cm: [[497 304  60  30]
 [227 329  21  12]
 [ 25  34  16   5]
 [ 42  68  33  13]]
Validation normalized_cm: [[0.558 0.341 0.067 0.034]
 [0.385 0.559 0.036 0.02 ]
 [0.312 0.425 0.2   0.062]
 [0.269 0.436 0.212 0.083]]
Validation acc: 0.4982517482517482
Validation class_accuracies: [0.5578002244668911, 0.5585738539898133, 0.2, 0.08333333333333333]
Validation sensitivity: 0.43393939393939396
Validation specificity: 0.5578002244668911
Validation icbhi_score: 0.49586980920314255
Validation roc_auc: None
Validation avg_accuracy: 0.3499268529475094
Validation one_indexed_epoch: 31
The validation tracker metric at 0.5447138047138047 hasn't increased by 0 in 7 epochs
Mel loss: <tf.Variable 'Variable:0' shape=() dtype=float32, numpy=0.5>
sinc loss: <tf.Variable 'Variable:0' shape=() dtype=float32, numpy=0.5>
<class 'leaf_audio.frontend.MelFilterbanks'>
There is no such attribute
68/68 - 142s - loss: 0.0532 - accuracy: 0.9841 - 142s/epoch - 2s/step
Epoch 32/60
Validation cm: [[439 349  73  30]
 [221 338  15  15]
 [ 26  29  18   7]
 [ 36  62  29  29]]
Validation normalized_cm: [[0.493 0.392 0.082 0.034]
 [0.375 0.574 0.025 0.025]
 [0.325 0.362 0.225 0.087]
 [0.231 0.397 0.186 0.186]]
Validation acc: 0.4801864801864802
Validation class_accuracies: [0.49270482603815935, 0.5738539898132428, 0.225, 0.1858974358974359]
Validation sensitivity: 0.4666666666666667
Validation specificity: 0.49270482603815935
Validation icbhi_score: 0.479685746352413
Validation roc_auc: None
Validation avg_accuracy: 0.3693640629372095
Validation one_indexed_epoch: 32
The validation tracker metric at 0.5447138047138047 hasn't increased by 0 in 8 epochs
<class 'leaf_audio.frontend.MelFilterbanks'>
There is no such attribute
68/68 - 148s - loss: 0.0413 - accuracy: 0.9857 - 148s/epoch - 2s/step
Epoch 33/60
Validation cm: [[522 302  24  43]
 [224 343   3  19]
 [ 40  27   9   4]
 [ 49  69  20  18]]
Validation normalized_cm: [[0.586 0.339 0.027 0.048]
 [0.38  0.582 0.005 0.032]
 [0.5   0.338 0.113 0.05 ]
 [0.314 0.442 0.128 0.115]]
Validation acc: 0.5198135198135199
Validation class_accuracies: [0.5858585858585859, 0.5823429541595926, 0.1125, 0.11538461538461539]
Validation sensitivity: 0.4484848484848485
Validation specificity: 0.5858585858585859
Validation icbhi_score: 0.5171717171717172
Validation roc_auc: None
Validation avg_accuracy: 0.3490215388506985
Validation one_indexed_epoch: 33
The validation tracker metric at 0.5447138047138047 hasn't increased by 0 in 9 epochs
<class 'leaf_audio.frontend.MelFilterbanks'>
There is no such attribute
68/68 - 142s - loss: 0.0569 - accuracy: 0.9791 - 142s/epoch - 2s/step
Epoch 34/60
Validation cm: [[534 265  63  29]
 [268 293  13  15]
 [ 38  17  15  10]
 [ 57  40  33  26]]
Validation normalized_cm: [[0.599 0.297 0.071 0.033]
 [0.455 0.497 0.022 0.025]
 [0.475 0.212 0.188 0.125]
 [0.365 0.256 0.212 0.167]]
Validation acc: 0.5058275058275058
Validation class_accuracies: [0.5993265993265994, 0.49745331069609505, 0.1875, 0.16666666666666666]
Validation sensitivity: 0.40484848484848485
Validation specificity: 0.5993265993265994
Validation icbhi_score: 0.5020875420875421
Validation roc_auc: None
Validation avg_accuracy: 0.3627366441723403
Validation one_indexed_epoch: 34
The validation tracker metric at 0.5447138047138047 hasn't increased by 0 in 10 epochs
Lr has been adjusted to 6.25000029685907e-05
<class 'leaf_audio.frontend.MelFilterbanks'>
There is no such attribute
68/68 - 149s - loss: 0.0412 - accuracy: 0.9851 - 149s/epoch - 2s/step
Epoch 35/60
Validation cm: [[582 242  48  19]
 [286 287   6  10]
 [ 41  23  11   5]
 [ 59  48  30  19]]
Validation normalized_cm: [[0.653 0.272 0.054 0.021]
 [0.486 0.487 0.01  0.017]
 [0.512 0.287 0.138 0.062]
 [0.378 0.308 0.192 0.122]]
Validation acc: 0.5238927738927739
Validation class_accuracies: [0.6531986531986532, 0.4872665534804754, 0.1375, 0.12179487179487179]
Validation sensitivity: 0.3842424242424242
Validation specificity: 0.6531986531986532
Validation icbhi_score: 0.5187205387205387
Validation roc_auc: None
Validation avg_accuracy: 0.3499400196185001
Validation one_indexed_epoch: 35
The validation tracker metric at 0.5447138047138047 hasn't increased by 0 in 11 epochs
<class 'leaf_audio.frontend.MelFilterbanks'>
There is no such attribute
68/68 - 142s - loss: 0.0253 - accuracy: 0.9922 - 142s/epoch - 2s/step
Epoch 36/60
Validation cm: [[546 265  61  19]
 [250 316  13  10]
 [ 41  23  14   2]
 [ 54  52  32  18]]
Validation normalized_cm: [[0.613 0.297 0.068 0.021]
 [0.424 0.537 0.022 0.017]
 [0.512 0.287 0.175 0.025]
 [0.346 0.333 0.205 0.115]]
Validation acc: 0.5209790209790209
Validation class_accuracies: [0.6127946127946128, 0.5365025466893039, 0.175, 0.11538461538461539]
Validation sensitivity: 0.4218181818181818
Validation specificity: 0.6127946127946128
Validation icbhi_score: 0.5173063973063973
Validation roc_auc: None
Validation avg_accuracy: 0.359920443717133
Validation one_indexed_epoch: 36
The validation tracker metric at 0.5447138047138047 hasn't increased by 0 in 12 epochs
<class 'leaf_audio.frontend.MelFilterbanks'>
There is no such attribute
68/68 - 145s - loss: 0.0205 - accuracy: 0.9940 - 145s/epoch - 2s/step
Epoch 37/60
Validation cm: [[580 248  40  23]
 [279 292   3  15]
 [ 47  20   9   4]
 [ 67  43  24  22]]
Validation normalized_cm: [[0.651 0.278 0.045 0.026]
 [0.474 0.496 0.005 0.025]
 [0.588 0.25  0.113 0.05 ]
 [0.429 0.276 0.154 0.141]]
Validation acc: 0.5262237762237763
Validation class_accuracies: [0.6509539842873177, 0.49575551782682514, 0.1125, 0.14102564102564102]
Validation sensitivity: 0.39151515151515154
Validation specificity: 0.6509539842873177
Validation icbhi_score: 0.5212345679012346
Validation roc_auc: None
Validation avg_accuracy: 0.3500587857849459
Validation one_indexed_epoch: 37
The validation tracker metric at 0.5447138047138047 hasn't increased by 0 in 13 epochs
<class 'leaf_audio.frontend.MelFilterbanks'>
There is no such attribute
68/68 - 144s - loss: 0.0200 - accuracy: 0.9938 - 144s/epoch - 2s/step
Epoch 38/60
Validation cm: [[639 188  41  23]
 [341 232   2  14]
 [ 49  17   8   6]
 [ 69  43  20  24]]
Validation normalized_cm: [[0.717 0.211 0.046 0.026]
 [0.579 0.394 0.003 0.024]
 [0.613 0.212 0.1   0.075]
 [0.442 0.276 0.128 0.154]]
Validation acc: 0.5262237762237763
Validation class_accuracies: [0.7171717171717171, 0.3938879456706282, 0.1, 0.15384615384615385]
Validation sensitivity: 0.32
Validation specificity: 0.7171717171717171
Validation icbhi_score: 0.5185858585858586
Validation roc_auc: None
Validation avg_accuracy: 0.3412264541721248
Validation one_indexed_epoch: 38
The validation tracker metric at 0.5447138047138047 hasn't increased by 0 in 14 epochs
<class 'leaf_audio.frontend.MelFilterbanks'>
There is no such attribute
68/68 - 145s - loss: 0.0121 - accuracy: 0.9970 - 145s/epoch - 2s/step
Epoch 39/60
Validation cm: [[512 316  25  38]
 [238 331   2  18]
 [ 37  26   5  12]
 [ 48  66  16  26]]
Validation normalized_cm: [[0.575 0.355 0.028 0.043]
 [0.404 0.562 0.003 0.031]
 [0.463 0.325 0.062 0.15 ]
 [0.308 0.423 0.103 0.167]]
Validation acc: 0.5093240093240093
Validation class_accuracies: [0.574635241301908, 0.5619694397283531, 0.0625, 0.16666666666666666]
Validation sensitivity: 0.4387878787878788
Validation specificity: 0.574635241301908
Validation icbhi_score: 0.5067115600448934
Validation roc_auc: None
Validation avg_accuracy: 0.341442836924232
Validation one_indexed_epoch: 39
The validation tracker metric at 0.5447138047138047 hasn't increased by 0 in 15 epochs
Lr has been adjusted to 3.125000148429535e-05
<class 'leaf_audio.frontend.MelFilterbanks'>
There is no such attribute
68/68 - 145s - loss: 0.0120 - accuracy: 0.9961 - 145s/epoch - 2s/step
Epoch 40/60
Validation cm: [[600 227  32  32]
 [307 259   5  18]
 [ 41  21   7  11]
 [ 62  45  19  30]]
Validation normalized_cm: [[0.673 0.255 0.036 0.036]
 [0.521 0.44  0.008 0.031]
 [0.512 0.263 0.087 0.138]
 [0.397 0.288 0.122 0.192]]
Validation acc: 0.5221445221445221
Validation class_accuracies: [0.6734006734006734, 0.4397283531409168, 0.0875, 0.19230769230769232]
Validation sensitivity: 0.35878787878787877
Validation specificity: 0.6734006734006734
Validation icbhi_score: 0.5160942760942762
Validation roc_auc: None
Validation avg_accuracy: 0.3482341797123206
Validation one_indexed_epoch: 40
The validation tracker metric at 0.5447138047138047 hasn't increased by 0 in 16 epochs
<class 'leaf_audio.frontend.MelFilterbanks'>
There is no such attribute
68/68 - 143s - loss: 0.0088 - accuracy: 0.9982 - 143s/epoch - 2s/step
Epoch 41/60
Validation cm: [[530 270  54  37]
 [268 293  10  18]
 [ 35  21  13  11]
 [ 50  51  25  30]]
Validation normalized_cm: [[0.595 0.303 0.061 0.042]
 [0.455 0.497 0.017 0.031]
 [0.438 0.263 0.163 0.138]
 [0.321 0.327 0.16  0.192]]
Validation acc: 0.5046620046620046
Validation class_accuracies: [0.5948372615039281, 0.49745331069609505, 0.1625, 0.19230769230769232]
Validation sensitivity: 0.4072727272727273
Validation specificity: 0.5948372615039281
Validation icbhi_score: 0.5010549943883277
Validation roc_auc: None
Validation avg_accuracy: 0.3617745661269289
Validation one_indexed_epoch: 41
The validation tracker metric at 0.5447138047138047 hasn't increased by 0 in 17 epochs
<class 'leaf_audio.frontend.MelFilterbanks'>
There is no such attribute
68/68 - 147s - loss: 0.0134 - accuracy: 0.9968 - 147s/epoch - 2s/step
Epoch 42/60
Validation cm: [[536 268  50  37]
 [277 290   4  18]
 [ 38  21  10  11]
 [ 50  55  25  26]]
Validation normalized_cm: [[0.602 0.301 0.056 0.042]
 [0.47  0.492 0.007 0.031]
 [0.475 0.263 0.125 0.138]
 [0.321 0.353 0.16  0.167]]
Validation acc: 0.5023310023310024
Validation class_accuracies: [0.6015712682379349, 0.4923599320882852, 0.125, 0.16666666666666666]
Validation sensitivity: 0.39515151515151514
Validation specificity: 0.6015712682379349
Validation icbhi_score: 0.49836139169472504
Validation roc_auc: None
Validation avg_accuracy: 0.3463994667482217
Validation one_indexed_epoch: 42
The validation tracker metric at 0.5447138047138047 hasn't increased by 0 in 18 epochs
<class 'leaf_audio.frontend.MelFilterbanks'>
There is no such attribute
68/68 - 143s - loss: 0.0087 - accuracy: 0.9977 - 143s/epoch - 2s/step
Epoch 43/60
Validation cm: [[507 287  56  41]
 [251 315   5  18]
 [ 37  20  12  11]
 [ 47  53  24  32]]
Validation normalized_cm: [[0.569 0.322 0.063 0.046]
 [0.426 0.535 0.008 0.031]
 [0.463 0.25  0.15  0.138]
 [0.301 0.34  0.154 0.205]]
Validation acc: 0.5046620046620046
Validation class_accuracies: [0.569023569023569, 0.534804753820034, 0.15, 0.20512820512820512]
Validation sensitivity: 0.4351515151515152
Validation specificity: 0.569023569023569
Validation icbhi_score: 0.5020875420875421
Validation roc_auc: None
Validation avg_accuracy: 0.364739131992952
Validation one_indexed_epoch: 43
The validation tracker metric at 0.5447138047138047 hasn't increased by 0 in 19 epochs
<class 'leaf_audio.frontend.MelFilterbanks'>
There is no such attribute
68/68 - 149s - loss: 0.0090 - accuracy: 0.9977 - 149s/epoch - 2s/step
Epoch 44/60
Validation cm: [[531 265  56  39]
 [263 295  11  20]
 [ 38  18  14  10]
 [ 53  47  24  32]]
Validation normalized_cm: [[0.596 0.297 0.063 0.044]
 [0.447 0.501 0.019 0.034]
 [0.475 0.225 0.175 0.125]
 [0.34  0.301 0.154 0.205]]
Validation acc: 0.5081585081585082
Validation class_accuracies: [0.5959595959595959, 0.5008488964346349, 0.175, 0.20512820512820512]
Validation sensitivity: 0.41333333333333333
Validation specificity: 0.5959595959595959
Validation icbhi_score: 0.5046464646464646
Validation roc_auc: None
Validation avg_accuracy: 0.369234174380609
Validation one_indexed_epoch: 44
