Tensorflow Version: 2.8.0
Num GPUs Available:  1
Collecting Variables...
All variables have been collected.
../cache/
cw
train130
Description:  debugging, Sinc, no normalizing, 1 optimizer w adaptive lr, overlap threshold = 0.15, 4 one hot encoder, softmax, oversampling, no spectral loss
-----------------------
Job id is 1.
Job dir: ../cache/cw/train130/1
- Loading Icbhi.
725 Icbhi audios have been loaded.
- Preparing Icbhi.
112 Icbhi groups of audio chunks (by filename or patients) have been prepared.
--- Samples are being split into training/val groups and de-grouped by patient ---
Job id is 2.
lengths
4349
1716
-----------------------
--- Final training dataset went from 0 to 4349 elements, with 0 none's, 0 crakles, 0 wheezes and 0 both ---
--- Final Validation dataset contains 1716 elements, with 0 none, 0 crackles, 0 wheezes and 0 both ---
Initializing weights...
Model: "leaf_model9_model_bis"
______________________________________________________________________________________________________________
 Layer (type)                                    Output Shape                                Param #          
==============================================================================================================
 sincnet (SincNet)                               multiple                                    320              
                                                                                                              
 mel_filterbanks (MelFilterbanks)                multiple                                    0 (unused)       
                                                                                                              
 sincnet (SincNet)                               multiple                                    0 (unused)       
                                                                                                              
 sequential (Sequential)                         (None, 80, 500, 1)                          4                
                                                                                                              
 sequential_1 (Sequential)                       (None, 80, 500, 16)                         2352             
                                                                                                              
 sequential_2 (Sequential)                       (None, 80, 500, 16)                         6448             
                                                                                                              
 sequential_3 (Sequential)                       (None, 80, 500, 16)                         32               
                                                                                                              
 concatenate (Concatenate)                       multiple                                    0                
                                                                                                              
 sequential_4 (Sequential)                       (None, 4)                                   6193348          
                                                                                                              
==============================================================================================================
Total params: 6,202,666
Trainable params: 6,161,160
Non-trainable params: 41,506
______________________________________________________________________________________________________________
Target metric is icbhi_score
Epoch 1/60
WARNING:tensorflow:Gradients do not exist for variables ['kernel:0', 'Variable:0', 'Variable:0'] when minimizing the loss. If you're using `model.compile()`, did you forget to provide a `loss`argument?
WARNING:tensorflow:Gradients do not exist for variables ['kernel:0', 'Variable:0', 'Variable:0'] when minimizing the loss. If you're using `model.compile()`, did you forget to provide a `loss`argument?
WARNING:tensorflow:Gradients do not exist for variables ['kernel:0', 'Variable:0', 'Variable:0'] when minimizing the loss. If you're using `model.compile()`, did you forget to provide a `loss`argument?
WARNING:tensorflow:Gradients do not exist for variables ['kernel:0', 'Variable:0', 'Variable:0'] when minimizing the loss. If you're using `model.compile()`, did you forget to provide a `loss`argument?
Validation cm: [[  0 891   0   0]
 [  0 589   0   0]
 [  0  80   0   0]
 [  0 156   0   0]]
Validation normalized_cm: [[0. 1. 0. 0.]
 [0. 1. 0. 0.]
 [0. 1. 0. 0.]
 [0. 1. 0. 0.]]
Validation acc: 0.34324009324009325
Validation class_accuracies: [0.0, 1.0, 0.0, 0.0]
Validation sensitivity: 0.713939393939394
Validation specificity: 0.0
Validation icbhi_score: 0.356969696969697
Validation roc_auc: None
Validation avg_accuracy: 0.25
Validation one_indexed_epoch: 1
-- New best results were achieved. --
<class 'leaf_audio.frontend.SincNet'>
68/68 - 208s - loss: 1.6725 - accuracy: 0.4033 - 208s/epoch - 3s/step
Epoch 2/60
Validation cm: [[  0   0 891   0]
 [  0   0 589   0]
 [  0   0  80   0]
 [  0   0 156   0]]
Validation normalized_cm: [[0. 0. 1. 0.]
 [0. 0. 1. 0.]
 [0. 0. 1. 0.]
 [0. 0. 1. 0.]]
Validation acc: 0.046620046620046623
Validation class_accuracies: [0.0, 0.0, 1.0, 0.0]
Validation sensitivity: 0.09696969696969697
Validation specificity: 0.0
Validation icbhi_score: 0.048484848484848485
Validation roc_auc: None
Validation avg_accuracy: 0.25
Validation one_indexed_epoch: 2
The validation tracker metric at 0.356969696969697 hasn't increased by 0 in 1 epochs
<class 'leaf_audio.frontend.SincNet'>
68/68 - 192s - loss: 1.2052 - accuracy: 0.4686 - 192s/epoch - 3s/step
Epoch 3/60
Validation cm: [[  0   0 891   0]
 [  0   0 589   0]
 [  0   0  80   0]
 [  0   0 156   0]]
Validation normalized_cm: [[0. 0. 1. 0.]
 [0. 0. 1. 0.]
 [0. 0. 1. 0.]
 [0. 0. 1. 0.]]
Validation acc: 0.046620046620046623
Validation class_accuracies: [0.0, 0.0, 1.0, 0.0]
Validation sensitivity: 0.09696969696969697
Validation specificity: 0.0
Validation icbhi_score: 0.048484848484848485
Validation roc_auc: None
Validation avg_accuracy: 0.25
Validation one_indexed_epoch: 3
The validation tracker metric at 0.356969696969697 hasn't increased by 0 in 2 epochs
<class 'leaf_audio.frontend.SincNet'>
68/68 - 199s - loss: 1.1265 - accuracy: 0.5024 - 199s/epoch - 3s/step
Epoch 4/60
Validation cm: [[  0 891   0   0]
 [  0 589   0   0]
 [  0  80   0   0]
 [  0 156   0   0]]
Validation normalized_cm: [[0. 1. 0. 0.]
 [0. 1. 0. 0.]
 [0. 1. 0. 0.]
 [0. 1. 0. 0.]]
Validation acc: 0.34324009324009325
Validation class_accuracies: [0.0, 1.0, 0.0, 0.0]
Validation sensitivity: 0.713939393939394
Validation specificity: 0.0
Validation icbhi_score: 0.356969696969697
Validation roc_auc: None
Validation avg_accuracy: 0.25
Validation one_indexed_epoch: 4
The validation tracker metric at 0.356969696969697 hasn't increased by 0 in 3 epochs
<class 'leaf_audio.frontend.SincNet'>
68/68 - 196s - loss: 1.0803 - accuracy: 0.5199 - 196s/epoch - 3s/step
Epoch 5/60
Validation cm: [[  0 891   0   0]
 [  0 589   0   0]
 [  0  80   0   0]
 [  0 156   0   0]]
Validation normalized_cm: [[0. 1. 0. 0.]
 [0. 1. 0. 0.]
 [0. 1. 0. 0.]
 [0. 1. 0. 0.]]
Validation acc: 0.34324009324009325
Validation class_accuracies: [0.0, 1.0, 0.0, 0.0]
Validation sensitivity: 0.713939393939394
Validation specificity: 0.0
Validation icbhi_score: 0.356969696969697
Validation roc_auc: None
Validation avg_accuracy: 0.25
Validation one_indexed_epoch: 5
The validation tracker metric at 0.356969696969697 hasn't increased by 0 in 4 epochs
<class 'leaf_audio.frontend.SincNet'>
68/68 - 195s - loss: 1.0450 - accuracy: 0.5284 - 195s/epoch - 3s/step
Epoch 6/60
Validation cm: [[  0 891   0   0]
 [  0 589   0   0]
 [  0  80   0   0]
 [  0 156   0   0]]
Validation normalized_cm: [[0. 1. 0. 0.]
 [0. 1. 0. 0.]
 [0. 1. 0. 0.]
 [0. 1. 0. 0.]]
Validation acc: 0.34324009324009325
Validation class_accuracies: [0.0, 1.0, 0.0, 0.0]
Validation sensitivity: 0.713939393939394
Validation specificity: 0.0
Validation icbhi_score: 0.356969696969697
Validation roc_auc: None
Validation avg_accuracy: 0.25
Validation one_indexed_epoch: 6
The validation tracker metric at 0.356969696969697 hasn't increased by 0 in 5 epochs
<class 'leaf_audio.frontend.SincNet'>
68/68 - 195s - loss: 1.0072 - accuracy: 0.5523 - 195s/epoch - 3s/step
Epoch 7/60
Validation cm: [[891   0   0   0]
 [589   0   0   0]
 [ 80   0   0   0]
 [156   0   0   0]]
Validation normalized_cm: [[1. 0. 0. 0.]
 [1. 0. 0. 0.]
 [1. 0. 0. 0.]
 [1. 0. 0. 0.]]
Validation acc: 0.5192307692307693
Validation class_accuracies: [1.0, 0.0, 0.0, 0.0]
Validation sensitivity: 0.0
Validation specificity: 1.0
Validation icbhi_score: 0.5
Validation roc_auc: None
Validation avg_accuracy: 0.25
Validation one_indexed_epoch: 7
-- New best results were achieved. --
<class 'leaf_audio.frontend.SincNet'>
68/68 - 195s - loss: 0.9647 - accuracy: 0.5838 - 195s/epoch - 3s/step
Epoch 8/60
Validation cm: [[882   9   0   0]
 [588   1   0   0]
 [ 77   3   0   0]
 [156   0   0   0]]
Validation normalized_cm: [[0.99  0.01  0.    0.   ]
 [0.998 0.002 0.    0.   ]
 [0.963 0.037 0.    0.   ]
 [1.    0.    0.    0.   ]]
Validation acc: 0.5145687645687645
Validation class_accuracies: [0.98989898989899, 0.001697792869269949, 0.0, 0.0]
Validation sensitivity: 0.0012121212121212121
Validation specificity: 0.98989898989899
Validation icbhi_score: 0.4955555555555556
Validation roc_auc: None
Validation avg_accuracy: 0.24789919569206498
Validation one_indexed_epoch: 8
The validation tracker metric at 0.5 hasn't increased by 0 in 1 epochs
<class 'leaf_audio.frontend.SincNet'>
68/68 - 193s - loss: 0.9261 - accuracy: 0.5978 - 193s/epoch - 3s/step
Epoch 9/60
Validation cm: [[737  82   0  72]
 [476  83   1  29]
 [ 65   6   3   6]
 [104  46   0   6]]
Validation normalized_cm: [[0.827 0.092 0.    0.081]
 [0.808 0.141 0.002 0.049]
 [0.812 0.075 0.037 0.075]
 [0.667 0.295 0.    0.038]]
Validation acc: 0.4831002331002331
Validation class_accuracies: [0.8271604938271605, 0.14091680814940577, 0.0375, 0.038461538461538464]
Validation sensitivity: 0.11151515151515151
Validation specificity: 0.8271604938271605
Validation icbhi_score: 0.469337822671156
Validation roc_auc: None
Validation avg_accuracy: 0.2610097101095262
Validation one_indexed_epoch: 9
The validation tracker metric at 0.5 hasn't increased by 0 in 2 epochs
<class 'leaf_audio.frontend.SincNet'>
68/68 - 194s - loss: 0.9229 - accuracy: 0.6011 - 194s/epoch - 3s/step
Epoch 10/60
Validation cm: [[781  77  28   5]
 [543  37   7   2]
 [ 69   6   4   1]
 [142   6   6   2]]
Validation normalized_cm: [[0.877 0.086 0.031 0.006]
 [0.922 0.063 0.012 0.003]
 [0.863 0.075 0.05  0.013]
 [0.91  0.038 0.038 0.013]]
Validation acc: 0.4801864801864802
Validation class_accuracies: [0.8765432098765432, 0.06281833616298811, 0.05, 0.01282051282051282]
Validation sensitivity: 0.052121212121212124
Validation specificity: 0.8765432098765432
Validation icbhi_score: 0.46433221099887767
Validation roc_auc: None
Validation avg_accuracy: 0.2505455147150111
Validation one_indexed_epoch: 10
The validation tracker metric at 0.5 hasn't increased by 0 in 3 epochs
<class 'leaf_audio.frontend.SincNet'>
68/68 - 193s - loss: 0.9093 - accuracy: 0.6139 - 193s/epoch - 3s/step
Epoch 11/60
Validation cm: [[677   0 179  35]
 [524   0  54  11]
 [ 53   0  21   6]
 [ 97   0  47  12]]
Validation normalized_cm: [[0.76  0.    0.201 0.039]
 [0.89  0.    0.092 0.019]
 [0.662 0.    0.263 0.075]
 [0.622 0.    0.301 0.077]]
Validation acc: 0.41375291375291373
Validation class_accuracies: [0.7598204264870931, 0.0, 0.2625, 0.07692307692307693]
Validation sensitivity: 0.04
Validation specificity: 0.7598204264870931
Validation icbhi_score: 0.3999102132435466
Validation roc_auc: None
Validation avg_accuracy: 0.2748108758525425
Validation one_indexed_epoch: 11
The validation tracker metric at 0.5 hasn't increased by 0 in 4 epochs
Mel loss: <tf.Variable 'Variable:0' shape=() dtype=float32, numpy=0.5>
sinc loss: <tf.Variable 'Variable:0' shape=() dtype=float32, numpy=0.5>
<class 'leaf_audio.frontend.SincNet'>
68/68 - 194s - loss: 0.8614 - accuracy: 0.6369 - 194s/epoch - 3s/step
Epoch 12/60
Validation cm: [[315   0 505  71]
 [235   1 325  28]
 [ 30   0  41   9]
 [ 27   0 111  18]]
Validation normalized_cm: [[0.354 0.    0.567 0.08 ]
 [0.399 0.002 0.552 0.048]
 [0.375 0.    0.512 0.113]
 [0.173 0.    0.712 0.115]]
Validation acc: 0.21853146853146854
Validation class_accuracies: [0.35353535353535354, 0.001697792869269949, 0.5125, 0.11538461538461539]
Validation sensitivity: 0.07272727272727272
Validation specificity: 0.35353535353535354
Validation icbhi_score: 0.21313131313131312
Validation roc_auc: None
Validation avg_accuracy: 0.2457794404473097
Validation one_indexed_epoch: 12
The validation tracker metric at 0.5 hasn't increased by 0 in 5 epochs
<class 'leaf_audio.frontend.SincNet'>
68/68 - 194s - loss: 0.8525 - accuracy: 0.6404 - 194s/epoch - 3s/step
Epoch 13/60
Validation cm: [[505 146 137 103]
 [330 183  35  41]
 [ 32   6  29  13]
 [ 56  50  17  33]]
Validation normalized_cm: [[0.567 0.164 0.154 0.116]
 [0.56  0.311 0.059 0.07 ]
 [0.4   0.075 0.362 0.163]
 [0.359 0.321 0.109 0.212]]
Validation acc: 0.4370629370629371
Validation class_accuracies: [0.5667789001122334, 0.31069609507640067, 0.3625, 0.21153846153846154]
Validation sensitivity: 0.296969696969697
Validation specificity: 0.5667789001122334
Validation icbhi_score: 0.4318742985409652
Validation roc_auc: None
Validation avg_accuracy: 0.3628783641817739
Validation one_indexed_epoch: 13
The validation tracker metric at 0.5 hasn't increased by 0 in 6 epochs
Lr has been adjusted to 0.0005000000237487257
<class 'leaf_audio.frontend.SincNet'>
68/68 - 194s - loss: 0.8223 - accuracy: 0.6544 - 194s/epoch - 3s/step
Epoch 14/60
Validation cm: [[495 240 115  41]
 [224 302  43  20]
 [ 46  11  20   3]
 [ 40  45  51  20]]
Validation normalized_cm: [[0.556 0.269 0.129 0.046]
 [0.38  0.513 0.073 0.034]
 [0.575 0.138 0.25  0.037]
 [0.256 0.288 0.327 0.128]]
Validation acc: 0.48776223776223776
Validation class_accuracies: [0.5555555555555556, 0.5127334465195246, 0.25, 0.1282051282051282]
Validation sensitivity: 0.41454545454545455
Validation specificity: 0.5555555555555556
Validation icbhi_score: 0.48505050505050507
Validation roc_auc: None
Validation avg_accuracy: 0.3616235325700521
Validation one_indexed_epoch: 14
The validation tracker metric at 0.5 hasn't increased by 0 in 7 epochs
<class 'leaf_audio.frontend.SincNet'>
68/68 - 195s - loss: 0.7295 - accuracy: 0.6944 - 195s/epoch - 3s/step
Epoch 15/60
Validation cm: [[578 136 124  53]
 [318 182  67  22]
 [ 43  11  20   6]
 [ 66  19  43  28]]
Validation normalized_cm: [[0.649 0.153 0.139 0.059]
 [0.54  0.309 0.114 0.037]
 [0.537 0.138 0.25  0.075]
 [0.423 0.122 0.276 0.179]]
Validation acc: 0.47086247086247085
Validation class_accuracies: [0.6487093153759821, 0.3089983022071307, 0.25, 0.1794871794871795]
Validation sensitivity: 0.2787878787878788
Validation specificity: 0.6487093153759821
Validation icbhi_score: 0.46374859708193045
Validation roc_auc: None
Validation avg_accuracy: 0.34679869926757306
Validation one_indexed_epoch: 15
The validation tracker metric at 0.5 hasn't increased by 0 in 8 epochs
<class 'leaf_audio.frontend.SincNet'>
68/68 - 194s - loss: 0.6561 - accuracy: 0.7307 - 194s/epoch - 3s/step
Epoch 16/60
Validation cm: [[775  59  39  18]
 [546  26  11   6]
 [ 66   5   4   5]
 [142   0   8   6]]
Validation normalized_cm: [[0.87  0.066 0.044 0.02 ]
 [0.927 0.044 0.019 0.01 ]
 [0.825 0.062 0.05  0.062]
 [0.91  0.    0.051 0.038]]
Validation acc: 0.4726107226107226
Validation class_accuracies: [0.8698092031425365, 0.044142614601018676, 0.05, 0.038461538461538464]
Validation sensitivity: 0.04363636363636364
Validation specificity: 0.8698092031425365
Validation icbhi_score: 0.45672278338945005
Validation roc_auc: None
Validation avg_accuracy: 0.2506033390512734
Validation one_indexed_epoch: 16
The validation tracker metric at 0.5 hasn't increased by 0 in 9 epochs
<class 'leaf_audio.frontend.SincNet'>
68/68 - 199s - loss: 0.6339 - accuracy: 0.7376 - 199s/epoch - 3s/step
Epoch 17/60
Validation cm: [[639  91 142  19]
 [407 123  45  14]
 [ 51   5  17   7]
 [ 63  38  36  19]]
Validation normalized_cm: [[0.717 0.102 0.159 0.021]
 [0.691 0.209 0.076 0.024]
 [0.637 0.062 0.212 0.087]
 [0.404 0.244 0.231 0.122]]
Validation acc: 0.46503496503496505
Validation class_accuracies: [0.7171717171717171, 0.20882852292020374, 0.2125, 0.12179487179487179]
Validation sensitivity: 0.19272727272727272
Validation specificity: 0.7171717171717171
Validation icbhi_score: 0.45494949494949494
Validation roc_auc: None
Validation avg_accuracy: 0.31507377797169817
Validation one_indexed_epoch: 17
The validation tracker metric at 0.5 hasn't increased by 0 in 10 epochs
<class 'leaf_audio.frontend.SincNet'>
68/68 - 200s - loss: 0.5947 - accuracy: 0.7634 - 200s/epoch - 3s/step
Epoch 18/60
Validation cm: [[480 192  72 147]
 [312 207  20  50]
 [ 28  20  17  15]
 [ 68  37  14  37]]
Validation normalized_cm: [[0.539 0.215 0.081 0.165]
 [0.53  0.351 0.034 0.085]
 [0.35  0.25  0.212 0.188]
 [0.436 0.237 0.09  0.237]]
Validation acc: 0.4318181818181818
Validation class_accuracies: [0.5387205387205387, 0.35144312393887944, 0.2125, 0.23717948717948717]
Validation sensitivity: 0.31636363636363635
Validation specificity: 0.5387205387205387
Validation icbhi_score: 0.42754208754208756
Validation roc_auc: None
Validation avg_accuracy: 0.33496078745972635
Validation one_indexed_epoch: 18
The validation tracker metric at 0.5 hasn't increased by 0 in 11 epochs
<class 'leaf_audio.frontend.SincNet'>
68/68 - 196s - loss: 0.5472 - accuracy: 0.7802 - 196s/epoch - 3s/step
Epoch 19/60
Validation cm: [[706  84  82  19]
 [500  64  19   6]
 [ 54  10  14   2]
 [108  17  26   5]]
Validation normalized_cm: [[0.792 0.094 0.092 0.021]
 [0.849 0.109 0.032 0.01 ]
 [0.675 0.125 0.175 0.025]
 [0.692 0.109 0.167 0.032]]
Validation acc: 0.4597902097902098
Validation class_accuracies: [0.792368125701459, 0.10865874363327674, 0.175, 0.03205128205128205]
Validation sensitivity: 0.1006060606060606
Validation specificity: 0.792368125701459
Validation icbhi_score: 0.4464870931537598
Validation roc_auc: None
Validation avg_accuracy: 0.27701953784650446
Validation one_indexed_epoch: 19
The validation tracker metric at 0.5 hasn't increased by 0 in 12 epochs
Lr has been adjusted to 0.0002500000118743628
<class 'leaf_audio.frontend.SincNet'>
68/68 - 194s - loss: 0.5586 - accuracy: 0.7744 - 194s/epoch - 3s/step
Epoch 20/60
Validation cm: [[581 211  22  77]
 [405 161  10  13]
 [ 39  25   3  13]
 [ 78  34  19  25]]
Validation normalized_cm: [[0.652 0.237 0.025 0.086]
 [0.688 0.273 0.017 0.022]
 [0.487 0.312 0.037 0.163]
 [0.5   0.218 0.122 0.16 ]]
Validation acc: 0.44871794871794873
Validation class_accuracies: [0.6520763187429854, 0.2733446519524618, 0.0375, 0.16025641025641027]
Validation sensitivity: 0.2290909090909091
Validation specificity: 0.6520763187429854
Validation icbhi_score: 0.4405836139169473
Validation roc_auc: None
Validation avg_accuracy: 0.28079434523796437
Validation one_indexed_epoch: 20
The validation tracker metric at 0.5 hasn't increased by 0 in 13 epochs
<class 'leaf_audio.frontend.SincNet'>
68/68 - 199s - loss: 0.4031 - accuracy: 0.8448 - 199s/epoch - 3s/step
Epoch 21/60
Validation cm: [[698  86  24  83]
 [471  96   2  20]
 [ 61   9   5   5]
 [100  27  16  13]]
Validation normalized_cm: [[0.783 0.097 0.027 0.093]
 [0.8   0.163 0.003 0.034]
 [0.762 0.113 0.062 0.062]
 [0.641 0.173 0.103 0.083]]
Validation acc: 0.4731934731934732
Validation class_accuracies: [0.7833894500561167, 0.16298811544991512, 0.0625, 0.08333333333333333]
Validation sensitivity: 0.13818181818181818
Validation specificity: 0.7833894500561167
Validation icbhi_score: 0.46078563411896745
Validation roc_auc: None
Validation avg_accuracy: 0.27305272470984127
Validation one_indexed_epoch: 21
The validation tracker metric at 0.5 hasn't increased by 0 in 14 epochs
Mel loss: <tf.Variable 'Variable:0' shape=() dtype=float32, numpy=0.5>
sinc loss: <tf.Variable 'Variable:0' shape=() dtype=float32, numpy=0.5>
<class 'leaf_audio.frontend.SincNet'>
68/68 - 198s - loss: 0.3449 - accuracy: 0.8659 - 198s/epoch - 3s/step
Epoch 22/60
Validation cm: [[549 213  70  59]
 [310 228  35  16]
 [ 48  12  12   8]
 [ 65  45  26  20]]
Validation normalized_cm: [[0.616 0.239 0.079 0.066]
 [0.526 0.387 0.059 0.027]
 [0.6   0.15  0.15  0.1  ]
 [0.417 0.288 0.167 0.128]]
Validation acc: 0.47144522144522144
Validation class_accuracies: [0.6161616161616161, 0.3870967741935484, 0.15, 0.1282051282051282]
Validation sensitivity: 0.3151515151515151
Validation specificity: 0.6161616161616161
Validation icbhi_score: 0.46565656565656566
Validation roc_auc: None
Validation avg_accuracy: 0.3203658796400731
Validation one_indexed_epoch: 22
The validation tracker metric at 0.5 hasn't increased by 0 in 15 epochs
<class 'leaf_audio.frontend.SincNet'>
68/68 - 197s - loss: 0.2990 - accuracy: 0.8887 - 197s/epoch - 3s/step
Epoch 23/60
Validation cm: [[555 151 165  20]
 [399 121  61   8]
 [ 36  12  22  10]
 [ 71  20  51  14]]
Validation normalized_cm: [[0.623 0.169 0.185 0.022]
 [0.677 0.205 0.104 0.014]
 [0.45  0.15  0.275 0.125]
 [0.455 0.128 0.327 0.09 ]]
Validation acc: 0.4149184149184149
Validation class_accuracies: [0.622895622895623, 0.20543293718166383, 0.275, 0.08974358974358974]
Validation sensitivity: 0.1903030303030303
Validation specificity: 0.622895622895623
Validation icbhi_score: 0.4065993265993266
Validation roc_auc: None
Validation avg_accuracy: 0.29826803745521907
Validation one_indexed_epoch: 23
The validation tracker metric at 0.5 hasn't increased by 0 in 16 epochs
<class 'leaf_audio.frontend.SincNet'>
68/68 - 194s - loss: 0.2741 - accuracy: 0.8981 - 194s/epoch - 3s/step
Epoch 24/60
Validation cm: [[514 215  51 111]
 [281 230  23  55]
 [ 33  20  10  17]
 [ 53  54  12  37]]
Validation normalized_cm: [[0.577 0.241 0.057 0.125]
 [0.477 0.39  0.039 0.093]
 [0.412 0.25  0.125 0.212]
 [0.34  0.346 0.077 0.237]]
Validation acc: 0.460955710955711
Validation class_accuracies: [0.5768799102132436, 0.3904923599320883, 0.125, 0.23717948717948717]
Validation sensitivity: 0.33575757575757575
Validation specificity: 0.5768799102132436
Validation icbhi_score: 0.45631874298540964
Validation roc_auc: None
Validation avg_accuracy: 0.3323879393312048
Validation one_indexed_epoch: 24
The validation tracker metric at 0.5 hasn't increased by 0 in 17 epochs
<class 'leaf_audio.frontend.SincNet'>
68/68 - 200s - loss: 0.2518 - accuracy: 0.9069 - 200s/epoch - 3s/step
Epoch 25/60
Validation cm: [[454 309  52  76]
 [225 314  21  29]
 [ 35  30  10   5]
 [ 41  77  22  16]]
Validation normalized_cm: [[0.51  0.347 0.058 0.085]
 [0.382 0.533 0.036 0.049]
 [0.438 0.375 0.125 0.062]
 [0.263 0.494 0.141 0.103]]
Validation acc: 0.4627039627039627
Validation class_accuracies: [0.5095398428731762, 0.533106960950764, 0.125, 0.10256410256410256]
Validation sensitivity: 0.4121212121212121
Validation specificity: 0.5095398428731762
Validation icbhi_score: 0.46083052749719416
Validation roc_auc: None
Validation avg_accuracy: 0.3175527265970107
Validation one_indexed_epoch: 25
The validation tracker metric at 0.5 hasn't increased by 0 in 18 epochs
Lr has been adjusted to 0.0001250000059371814
<class 'leaf_audio.frontend.SincNet'>
68/68 - 201s - loss: 0.2202 - accuracy: 0.9168 - 201s/epoch - 3s/step
Epoch 26/60
Validation cm: [[557 211  67  56]
 [308 231  27  23]
 [ 41  20  12   7]
 [ 59  49  22  26]]
Validation normalized_cm: [[0.625 0.237 0.075 0.063]
 [0.523 0.392 0.046 0.039]
 [0.512 0.25  0.15  0.087]
 [0.378 0.314 0.141 0.167]]
Validation acc: 0.4813519813519814
Validation class_accuracies: [0.6251402918069585, 0.3921901528013582, 0.15, 0.16666666666666666]
Validation sensitivity: 0.32606060606060605
Validation specificity: 0.6251402918069585
Validation icbhi_score: 0.4756004489337823
Validation roc_auc: None
Validation avg_accuracy: 0.33349927781874583
Validation one_indexed_epoch: 26
The validation tracker metric at 0.5 hasn't increased by 0 in 19 epochs
<class 'leaf_audio.frontend.SincNet'>
68/68 - 196s - loss: 0.1440 - accuracy: 0.9508 - 196s/epoch - 3s/step
Epoch 27/60
Validation cm: [[567 221  57  46]
 [315 230  25  19]
 [ 44  21   8   7]
 [ 64  51  21  20]]
Validation normalized_cm: [[0.636 0.248 0.064 0.052]
 [0.535 0.39  0.042 0.032]
 [0.55  0.263 0.1   0.087]
 [0.41  0.327 0.135 0.128]]
Validation acc: 0.4807692307692308
Validation class_accuracies: [0.6363636363636364, 0.3904923599320883, 0.1, 0.1282051282051282]
Validation sensitivity: 0.31272727272727274
Validation specificity: 0.6363636363636364
Validation icbhi_score: 0.47454545454545455
Validation roc_auc: None
Validation avg_accuracy: 0.31376528112521324
Validation one_indexed_epoch: 27
The validation tracker metric at 0.5 hasn't increased by 0 in 20 epochs
<class 'leaf_audio.frontend.SincNet'>
68/68 - 195s - loss: 0.1035 - accuracy: 0.9600 - 195s/epoch - 3s/step
Epoch 28/60
Validation cm: [[612 161  77  41]
 [326 196  46  21]
 [ 44  17   9  10]
 [ 65  36  33  22]]
Validation normalized_cm: [[0.687 0.181 0.086 0.046]
 [0.553 0.333 0.078 0.036]
 [0.55  0.212 0.113 0.125]
 [0.417 0.231 0.212 0.141]]
Validation acc: 0.48892773892773894
Validation class_accuracies: [0.6868686868686869, 0.33276740237691, 0.1125, 0.14102564102564102]
Validation sensitivity: 0.27515151515151515
Validation specificity: 0.6868686868686869
Validation icbhi_score: 0.481010101010101
Validation roc_auc: None
Validation avg_accuracy: 0.3182904325678095
Validation one_indexed_epoch: 28
The validation tracker metric at 0.5 hasn't increased by 0 in 21 epochs
<class 'leaf_audio.frontend.SincNet'>
68/68 - 200s - loss: 0.0857 - accuracy: 0.9733 - 200s/epoch - 3s/step
Epoch 29/60
Validation cm: [[463 317  69  42]
 [228 323  27  11]
 [ 40  23  10   7]
 [ 45  72  15  24]]
Validation normalized_cm: [[0.52  0.356 0.077 0.047]
 [0.387 0.548 0.046 0.019]
 [0.5   0.287 0.125 0.087]
 [0.288 0.462 0.096 0.154]]
Validation acc: 0.47785547785547783
Validation class_accuracies: [0.5196408529741863, 0.5483870967741935, 0.125, 0.15384615384615385]
Validation sensitivity: 0.43272727272727274
Validation specificity: 0.5196408529741863
Validation icbhi_score: 0.4761840628507295
Validation roc_auc: None
Validation avg_accuracy: 0.3367185258986334
Validation one_indexed_epoch: 29
The validation tracker metric at 0.5 hasn't increased by 0 in 22 epochs
<class 'leaf_audio.frontend.SincNet'>
68/68 - 199s - loss: 0.0818 - accuracy: 0.9749 - 199s/epoch - 3s/step
Epoch 30/60
Validation cm: [[483 279  64  65]
 [238 294  41  16]
 [ 33  30  10   7]
 [ 44  68  18  26]]
Validation normalized_cm: [[0.542 0.313 0.072 0.073]
 [0.404 0.499 0.07  0.027]
 [0.412 0.375 0.125 0.087]
 [0.282 0.436 0.115 0.167]]
Validation acc: 0.4737762237762238
Validation class_accuracies: [0.5420875420875421, 0.499151103565365, 0.125, 0.16666666666666666]
Validation sensitivity: 0.4
Validation specificity: 0.5420875420875421
Validation icbhi_score: 0.47104377104377104
Validation roc_auc: None
Validation avg_accuracy: 0.33322632807989344
Validation one_indexed_epoch: 30
The validation tracker metric at 0.5 hasn't increased by 0 in 23 epochs
<class 'leaf_audio.frontend.SincNet'>
68/68 - 197s - loss: 0.0793 - accuracy: 0.9740 - 197s/epoch - 3s/step
Epoch 31/60
Validation cm: [[475 270  77  69]
 [239 291  34  25]
 [ 39  19  16   6]
 [ 49  63  19  25]]
Validation normalized_cm: [[0.533 0.303 0.086 0.077]
 [0.406 0.494 0.058 0.042]
 [0.487 0.237 0.2   0.075]
 [0.314 0.404 0.122 0.16 ]]
Validation acc: 0.47027972027972026
Validation class_accuracies: [0.5331088664421998, 0.4940577249575552, 0.2, 0.16025641025641027]
Validation sensitivity: 0.4024242424242424
Validation specificity: 0.5331088664421998
Validation icbhi_score: 0.4677665544332211
Validation roc_auc: None
Validation avg_accuracy: 0.3468557504140413
Validation one_indexed_epoch: 31
The validation tracker metric at 0.5 hasn't increased by 0 in 24 epochs
Lr has been adjusted to 6.25000029685907e-05
Mel loss: <tf.Variable 'Variable:0' shape=() dtype=float32, numpy=0.5>
sinc loss: <tf.Variable 'Variable:0' shape=() dtype=float32, numpy=0.5>
<class 'leaf_audio.frontend.SincNet'>
68/68 - 195s - loss: 0.0739 - accuracy: 0.9756 - 195s/epoch - 3s/step
Epoch 32/60
Validation cm: [[496 293  45  57]
 [258 294  21  16]
 [ 39  25   8   8]
 [ 46  64  18  28]]
Validation normalized_cm: [[0.557 0.329 0.051 0.064]
 [0.438 0.499 0.036 0.027]
 [0.487 0.312 0.1   0.1  ]
 [0.295 0.41  0.115 0.179]]
Validation acc: 0.4813519813519814
Validation class_accuracies: [0.5566778900112234, 0.499151103565365, 0.1, 0.1794871794871795]
Validation sensitivity: 0.4
Validation specificity: 0.5566778900112234
Validation icbhi_score: 0.4783389450056117
Validation roc_auc: None
Validation avg_accuracy: 0.333829043265942
Validation one_indexed_epoch: 32
The number of epochs since last 1% equals the patience
<class 'leaf_audio.frontend.SincNet'>
68/68 - 202s - loss: 0.0457 - accuracy: 0.9846 - 202s/epoch - 3s/step
----------------------------------
The best metrics for this job are: 

Best icbhi_score: 0.5
Best cm: [[891   0   0   0]
 [589   0   0   0]
 [ 80   0   0   0]
 [156   0   0   0]]
Best normalized_cm: [[1. 0. 0. 0.]
 [1. 0. 0. 0.]
 [1. 0. 0. 0.]
 [1. 0. 0. 0.]]
Best acc: 0.5192307692307693
Best class_accuracies: [1.0, 0.0, 0.0, 0.0]
Best sensitivity: 0.0
Best specificity: 1.0
Best roc_auc: None
Best avg_accuracy: 0.25
Best one_indexed_epoch: 7
icbhi_score
model
cm
normalized_cm
acc
class_accuracies
sensitivity
specificity
roc_auc
avg_accuracy
one_indexed_epoch
{'loss': [1.672520399093628, 1.2051539421081543, 1.126503348350525, 1.0802991390228271, 1.0449566841125488, 1.007187843322754, 0.9647324681282043, 0.9261386394500732, 0.9229380488395691, 0.9092711806297302, 0.8613621592521667, 0.8524870276451111, 0.8223468661308289, 0.7294561266899109, 0.6560983657836914, 0.633942723274231, 0.5946874618530273, 0.5472480654716492, 0.5585508346557617, 0.4030919671058655, 0.34488120675086975, 0.299016535282135, 0.27412712574005127, 0.2518143057823181, 0.22021107375621796, 0.14395685493946075, 0.10350041091442108, 0.08571404963731766, 0.081843301653862, 0.07934433966875076, 0.07388423383235931, 0.04565960168838501], 'accuracy': [0.4033111035823822, 0.46861347556114197, 0.502414345741272, 0.5198896527290344, 0.5283973217010498, 0.5523108839988708, 0.5838123559951782, 0.5978385806083679, 0.6010577082633972, 0.6139342188835144, 0.6369280219078064, 0.6403771042823792, 0.6544033288955688, 0.6944125294685364, 0.7307426929473877, 0.7376408576965332, 0.7633938789367676, 0.7801793813705444, 0.7744309306144714, 0.8447918891906738, 0.8659461736679077, 0.8887100219726562, 0.8981375098228455, 0.9068751335144043, 0.9167624711990356, 0.9507932662963867, 0.9599907994270325, 0.9733272194862366, 0.9749367833137512, 0.9740170240402222, 0.9756265878677368, 0.9845941662788391]}
Job id is 3.
lengths
4634
1431
-----------------------
--- Final training dataset went from 0 to 4634 elements, with 0 none's, 0 crakles, 0 wheezes and 0 both ---
--- Final Validation dataset contains 1431 elements, with 0 none, 0 crackles, 0 wheezes and 0 both ---
Initializing weights...
Model: "leaf_model9_model_bis_1"
______________________________________________________________________________________________________________
 Layer (type)                                    Output Shape                                Param #          
==============================================================================================================
 sincnet (SincNet)                               multiple                                    320              
                                                                                                              
 mel_filterbanks_1 (MelFilterbanks)              multiple                                    0 (unused)       
                                                                                                              
 sincnet (SincNet)                               multiple                                    0 (unused)       
                                                                                                              
 sequential_5 (Sequential)                       (None, 80, 500, 1)                          4                
                                                                                                              
 sequential_6 (Sequential)                       (None, 80, 500, 16)                         2352             
                                                                                                              
 sequential_7 (Sequential)                       (None, 80, 500, 16)                         6448             
                                                                                                              
 sequential_8 (Sequential)                       (None, 80, 500, 16)                         32               
                                                                                                              
 concatenate_1 (Concatenate)                     multiple                                    0                
                                                                                                              
 sequential_9 (Sequential)                       (None, 4)                                   6193348          
                                                                                                              
==============================================================================================================
Total params: 6,202,666
Trainable params: 6,161,160
Non-trainable params: 41,506
______________________________________________________________________________________________________________
Target metric is icbhi_score
Epoch 1/60
/home/alirachidi/classification_algorithm/trainers/modules/main/global_helpers.py:48: UserWarning: Matplotlib is currently using agg, which is a non-GUI backend, so cannot show the figure.
  plt.show()
WARNING:tensorflow:Gradients do not exist for variables ['kernel:0', 'Variable:0', 'Variable:0'] when minimizing the loss. If you're using `model.compile()`, did you forget to provide a `loss`argument?
WARNING:tensorflow:Gradients do not exist for variables ['kernel:0', 'Variable:0', 'Variable:0'] when minimizing the loss. If you're using `model.compile()`, did you forget to provide a `loss`argument?
WARNING:tensorflow:Gradients do not exist for variables ['kernel:0', 'Variable:0', 'Variable:0'] when minimizing the loss. If you're using `model.compile()`, did you forget to provide a `loss`argument?
WARNING:tensorflow:Gradients do not exist for variables ['kernel:0', 'Variable:0', 'Variable:0'] when minimizing the loss. If you're using `model.compile()`, did you forget to provide a `loss`argument?
Validation cm: [[428   0   0   0]
 [540   0   0   0]
 [219   0   0   0]
 [244   0   0   0]]
Validation normalized_cm: [[1. 0. 0. 0.]
 [1. 0. 0. 0.]
 [1. 0. 0. 0.]
 [1. 0. 0. 0.]]
Validation acc: 0.29909154437456326
Validation class_accuracies: [1.0, 0.0, 0.0, 0.0]
Validation sensitivity: 0.0
Validation specificity: 1.0
Validation icbhi_score: 0.5
Validation roc_auc: None
Validation avg_accuracy: 0.25
Validation one_indexed_epoch: 1
-- New best results were achieved. --
<class 'leaf_audio.frontend.SincNet'>
73/73 - 198s - loss: 1.4788 - accuracy: 0.4551 - 198s/epoch - 3s/step
Epoch 2/60
Validation cm: [[428   0   0   0]
 [540   0   0   0]
 [219   0   0   0]
 [244   0   0   0]]
Validation normalized_cm: [[1. 0. 0. 0.]
 [1. 0. 0. 0.]
 [1. 0. 0. 0.]
 [1. 0. 0. 0.]]
Validation acc: 0.29909154437456326
Validation class_accuracies: [1.0, 0.0, 0.0, 0.0]
Validation sensitivity: 0.0
Validation specificity: 1.0
Validation icbhi_score: 0.5
Validation roc_auc: None
Validation avg_accuracy: 0.25
Validation one_indexed_epoch: 2
The validation tracker metric at 0.5 hasn't increased by 0 in 1 epochs
<class 'leaf_audio.frontend.SincNet'>
73/73 - 187s - loss: 1.1485 - accuracy: 0.5080 - 187s/epoch - 3s/step
Epoch 3/60
Validation cm: [[428   0   0   0]
 [540   0   0   0]
 [219   0   0   0]
 [244   0   0   0]]
Validation normalized_cm: [[1. 0. 0. 0.]
 [1. 0. 0. 0.]
 [1. 0. 0. 0.]
 [1. 0. 0. 0.]]
Validation acc: 0.29909154437456326
Validation class_accuracies: [1.0, 0.0, 0.0, 0.0]
Validation sensitivity: 0.0
Validation specificity: 1.0
Validation icbhi_score: 0.5
Validation roc_auc: None
Validation avg_accuracy: 0.25
Validation one_indexed_epoch: 3
The validation tracker metric at 0.5 hasn't increased by 0 in 2 epochs
<class 'leaf_audio.frontend.SincNet'>
73/73 - 187s - loss: 1.1076 - accuracy: 0.5214 - 187s/epoch - 3s/step
Epoch 4/60
Validation cm: [[428   0   0   0]
 [540   0   0   0]
 [219   0   0   0]
 [244   0   0   0]]
Validation normalized_cm: [[1. 0. 0. 0.]
 [1. 0. 0. 0.]
 [1. 0. 0. 0.]
 [1. 0. 0. 0.]]
Validation acc: 0.29909154437456326
Validation class_accuracies: [1.0, 0.0, 0.0, 0.0]
Validation sensitivity: 0.0
Validation specificity: 1.0
Validation icbhi_score: 0.5
Validation roc_auc: None
Validation avg_accuracy: 0.25
Validation one_indexed_epoch: 4
The validation tracker metric at 0.5 hasn't increased by 0 in 3 epochs
<class 'leaf_audio.frontend.SincNet'>
73/73 - 189s - loss: 1.0663 - accuracy: 0.5367 - 189s/epoch - 3s/step
Epoch 5/60
Validation cm: [[428   0   0   0]
 [540   0   0   0]
 [219   0   0   0]
 [244   0   0   0]]
Validation normalized_cm: [[1. 0. 0. 0.]
 [1. 0. 0. 0.]
 [1. 0. 0. 0.]
 [1. 0. 0. 0.]]
Validation acc: 0.29909154437456326
Validation class_accuracies: [1.0, 0.0, 0.0, 0.0]
Validation sensitivity: 0.0
Validation specificity: 1.0
Validation icbhi_score: 0.5
Validation roc_auc: None
Validation avg_accuracy: 0.25
Validation one_indexed_epoch: 5
The validation tracker metric at 0.5 hasn't increased by 0 in 4 epochs
<class 'leaf_audio.frontend.SincNet'>
73/73 - 188s - loss: 1.0533 - accuracy: 0.5522 - 188s/epoch - 3s/step
Epoch 6/60
Validation cm: [[428   0   0   0]
 [540   0   0   0]
 [219   0   0   0]
 [244   0   0   0]]
Validation normalized_cm: [[1. 0. 0. 0.]
 [1. 0. 0. 0.]
 [1. 0. 0. 0.]
 [1. 0. 0. 0.]]
Validation acc: 0.29909154437456326
Validation class_accuracies: [1.0, 0.0, 0.0, 0.0]
Validation sensitivity: 0.0
Validation specificity: 1.0
Validation icbhi_score: 0.5
Validation roc_auc: None
Validation avg_accuracy: 0.25
Validation one_indexed_epoch: 6
The validation tracker metric at 0.5 hasn't increased by 0 in 5 epochs
<class 'leaf_audio.frontend.SincNet'>
73/73 - 186s - loss: 0.9952 - accuracy: 0.5736 - 186s/epoch - 3s/step
Epoch 7/60
Validation cm: [[169 259   0   0]
 [ 92 448   0   0]
 [ 61 158   0   0]
 [ 34 210   0   0]]
Validation normalized_cm: [[0.395 0.605 0.    0.   ]
 [0.17  0.83  0.    0.   ]
 [0.279 0.721 0.    0.   ]
 [0.139 0.861 0.    0.   ]]
Validation acc: 0.43116701607267643
Validation class_accuracies: [0.39485981308411217, 0.8296296296296296, 0.0, 0.0]
Validation sensitivity: 0.44666001994017945
Validation specificity: 0.39485981308411217
Validation icbhi_score: 0.42075991651214584
Validation roc_auc: None
Validation avg_accuracy: 0.30612236067843546
Validation one_indexed_epoch: 7
The validation tracker metric at 0.5 hasn't increased by 0 in 6 epochs
Lr has been adjusted to 0.0005000000237487257
<class 'leaf_audio.frontend.SincNet'>
73/73 - 189s - loss: 0.9698 - accuracy: 0.5809 - 189s/epoch - 3s/step
Epoch 8/60
Validation cm: [[167 261   0   0]
 [ 99 440   0   1]
 [ 55 144   0  20]
 [ 44 187   1  12]]
Validation normalized_cm: [[0.39  0.61  0.    0.   ]
 [0.183 0.815 0.    0.002]
 [0.251 0.658 0.    0.091]
 [0.18  0.766 0.004 0.049]]
Validation acc: 0.43256464011180995
Validation class_accuracies: [0.3901869158878505, 0.8148148148148148, 0.0, 0.04918032786885246]
Validation sensitivity: 0.4506480558325025
Validation specificity: 0.3901869158878505
Validation icbhi_score: 0.42041748586017647
