Tensorflow Version: 2.8.0
Num GPUs Available:  1
Collecting Variables...
All variables have been collected.
../cache/
cw
train131
Description:  debugging, mel, no normalizing, 1 optimizer w adaptive lr, overlap threshold = 0.15, 4 one hot encoder, softmax, oversampling, no spectral loss
-----------------------
Job id is 1.
Job dir: ../cache/cw/train131/1
- Loading Icbhi.
725 Icbhi audios have been loaded.
- Preparing Icbhi.
112 Icbhi groups of audio chunks (by filename or patients) have been prepared.
--- Samples are being split into training/val groups and de-grouped by patient ---
Job id is 2.
lengths
4349
1716
-----------------------
--- Final training dataset went from 0 to 4349 elements, with 0 none's, 0 crakles, 0 wheezes and 0 both ---
--- Final Validation dataset contains 1716 elements, with 0 none, 0 crackles, 0 wheezes and 0 both ---
Initializing weights...
Model: "leaf_model9_model_bis"
______________________________________________________________________________________________________________
 Layer (type)                                    Output Shape                                Param #          
==============================================================================================================
 mel_filterbanks (MelFilterbanks)                multiple                                    0                
                                                                                                              
 mel_filterbanks_1 (MelFilterbanks)              multiple                                    0 (unused)       
                                                                                                              
 sincnet (SincNet)                               multiple                                    0 (unused)       
                                                                                                              
 sequential (Sequential)                         (None, 80, 500, 1)                          4                
                                                                                                              
 sequential_1 (Sequential)                       (None, 80, 500, 16)                         2352             
                                                                                                              
 sequential_2 (Sequential)                       (None, 80, 500, 16)                         6448             
                                                                                                              
 sequential_3 (Sequential)                       (None, 80, 500, 16)                         32               
                                                                                                              
 concatenate (Concatenate)                       multiple                                    0                
                                                                                                              
 sequential_4 (Sequential)                       (None, 4)                                   6193348          
                                                                                                              
==============================================================================================================
Total params: 6,202,346
Trainable params: 6,160,840
Non-trainable params: 41,506
______________________________________________________________________________________________________________
Target metric is icbhi_score
Epoch 1/60
WARNING:tensorflow:Gradients do not exist for variables ['kernel:0', 'Variable:0', 'Variable:0'] when minimizing the loss. If you're using `model.compile()`, did you forget to provide a `loss`argument?
WARNING:tensorflow:Gradients do not exist for variables ['kernel:0', 'Variable:0', 'Variable:0'] when minimizing the loss. If you're using `model.compile()`, did you forget to provide a `loss`argument?
WARNING:tensorflow:Gradients do not exist for variables ['kernel:0', 'Variable:0', 'Variable:0'] when minimizing the loss. If you're using `model.compile()`, did you forget to provide a `loss`argument?
WARNING:tensorflow:Gradients do not exist for variables ['kernel:0', 'Variable:0', 'Variable:0'] when minimizing the loss. If you're using `model.compile()`, did you forget to provide a `loss`argument?
Validation cm: [[  0   0   0 891]
 [  0   0   0 589]
 [  0   0   0  80]
 [  0   0   0 156]]
Validation normalized_cm: [[0. 0. 0. 1.]
 [0. 0. 0. 1.]
 [0. 0. 0. 1.]
 [0. 0. 0. 1.]]
Validation acc: 0.09090909090909091
Validation class_accuracies: [0.0, 0.0, 0.0, 1.0]
Validation sensitivity: 0.1890909090909091
Validation specificity: 0.0
Validation icbhi_score: 0.09454545454545454
Validation roc_auc: None
Validation avg_accuracy: 0.25
Validation one_indexed_epoch: 1
-- New best results were achieved. --
<class 'leaf_audio.frontend.MelFilterbanks'>
There is no such attribute
68/68 - 158s - loss: 2.1018 - accuracy: 0.3792 - 158s/epoch - 2s/step
Epoch 2/60
Validation cm: [[  0   0   0 891]
 [  0   0   0 589]
 [  0   0   0  80]
 [  0   0   0 156]]
Validation normalized_cm: [[0. 0. 0. 1.]
 [0. 0. 0. 1.]
 [0. 0. 0. 1.]
 [0. 0. 0. 1.]]
Validation acc: 0.09090909090909091
Validation class_accuracies: [0.0, 0.0, 0.0, 1.0]
Validation sensitivity: 0.1890909090909091
Validation specificity: 0.0
Validation icbhi_score: 0.09454545454545454
Validation roc_auc: None
Validation avg_accuracy: 0.25
Validation one_indexed_epoch: 2
The validation tracker metric at 0.09454545454545454 hasn't increased by 0 in 1 epochs
<class 'leaf_audio.frontend.MelFilterbanks'>
There is no such attribute
68/68 - 138s - loss: 1.3420 - accuracy: 0.4003 - 138s/epoch - 2s/step
Epoch 3/60
Validation cm: [[  0   0 891   0]
 [  0   0 589   0]
 [  0   0  80   0]
 [  0   0 156   0]]
Validation normalized_cm: [[0. 0. 1. 0.]
 [0. 0. 1. 0.]
 [0. 0. 1. 0.]
 [0. 0. 1. 0.]]
Validation acc: 0.046620046620046623
Validation class_accuracies: [0.0, 0.0, 1.0, 0.0]
Validation sensitivity: 0.09696969696969697
Validation specificity: 0.0
Validation icbhi_score: 0.048484848484848485
Validation roc_auc: None
Validation avg_accuracy: 0.25
Validation one_indexed_epoch: 3
The validation tracker metric at 0.09454545454545454 hasn't increased by 0 in 2 epochs
<class 'leaf_audio.frontend.MelFilterbanks'>
There is no such attribute
68/68 - 143s - loss: 1.2822 - accuracy: 0.4346 - 143s/epoch - 2s/step
Epoch 4/60
Validation cm: [[826  64   0   1]
 [564  18   7   0]
 [ 74   6   0   0]
 [153   3   0   0]]
Validation normalized_cm: [[0.927 0.072 0.    0.001]
 [0.958 0.031 0.012 0.   ]
 [0.925 0.075 0.    0.   ]
 [0.981 0.019 0.    0.   ]]
Validation acc: 0.49184149184149184
Validation class_accuracies: [0.9270482603815937, 0.030560271646859084, 0.0, 0.0]
Validation sensitivity: 0.02181818181818182
Validation specificity: 0.9270482603815937
Validation icbhi_score: 0.4744332210998878
Validation roc_auc: None
Validation avg_accuracy: 0.2394021330071132
Validation one_indexed_epoch: 4
-- New best results were achieved. --
<class 'leaf_audio.frontend.MelFilterbanks'>
There is no such attribute
68/68 - 139s - loss: 1.2226 - accuracy: 0.4318 - 139s/epoch - 2s/step
Epoch 5/60
Validation cm: [[  0 891   0   0]
 [  0 589   0   0]
 [  0  80   0   0]
 [  0 156   0   0]]
Validation normalized_cm: [[0. 1. 0. 0.]
 [0. 1. 0. 0.]
 [0. 1. 0. 0.]
 [0. 1. 0. 0.]]
Validation acc: 0.34324009324009325
Validation class_accuracies: [0.0, 1.0, 0.0, 0.0]
Validation sensitivity: 0.713939393939394
Validation specificity: 0.0
Validation icbhi_score: 0.356969696969697
Validation roc_auc: None
Validation avg_accuracy: 0.25
Validation one_indexed_epoch: 5
The validation tracker metric at 0.4744332210998878 hasn't increased by 0 in 1 epochs
<class 'leaf_audio.frontend.MelFilterbanks'>
There is no such attribute
68/68 - 139s - loss: 1.1921 - accuracy: 0.4636 - 139s/epoch - 2s/step
Epoch 6/60
Validation cm: [[822  67   0   2]
 [514  67   0   8]
 [ 76   4   0   0]
 [139  17   0   0]]
Validation normalized_cm: [[0.923 0.075 0.    0.002]
 [0.873 0.114 0.    0.014]
 [0.95  0.05  0.    0.   ]
 [0.891 0.109 0.    0.   ]]
Validation acc: 0.5180652680652681
Validation class_accuracies: [0.9225589225589226, 0.11375212224108659, 0.0, 0.0]
Validation sensitivity: 0.08121212121212121
Validation specificity: 0.9225589225589226
Validation icbhi_score: 0.5018855218855219
Validation roc_auc: None
Validation avg_accuracy: 0.2590777612000023
Validation one_indexed_epoch: 6
-- New best results were achieved. --
<class 'leaf_audio.frontend.MelFilterbanks'>
There is no such attribute
68/68 - 144s - loss: 1.1871 - accuracy: 0.4665 - 144s/epoch - 2s/step
Epoch 7/60
Validation cm: [[408 483   0   0]
 [195 393   0   1]
 [ 35  45   0   0]
 [ 90  66   0   0]]
Validation normalized_cm: [[0.458 0.542 0.    0.   ]
 [0.331 0.667 0.    0.002]
 [0.438 0.562 0.    0.   ]
 [0.577 0.423 0.    0.   ]]
Validation acc: 0.46678321678321677
Validation class_accuracies: [0.45791245791245794, 0.66723259762309, 0.0, 0.0]
Validation sensitivity: 0.4763636363636364
Validation specificity: 0.45791245791245794
Validation icbhi_score: 0.4671380471380472
Validation roc_auc: None
Validation avg_accuracy: 0.281286263883887
Validation one_indexed_epoch: 7
The validation tracker metric at 0.5018855218855219 hasn't increased by 0 in 1 epochs
<class 'leaf_audio.frontend.MelFilterbanks'>
There is no such attribute
68/68 - 141s - loss: 1.1620 - accuracy: 0.4702 - 141s/epoch - 2s/step
Epoch 8/60
Validation cm: [[816   0   6  69]
 [541   0  22  26]
 [ 73   0   0   7]
 [131   0   5  20]]
Validation normalized_cm: [[0.916 0.    0.007 0.077]
 [0.919 0.    0.037 0.044]
 [0.912 0.    0.    0.087]
 [0.84  0.    0.032 0.128]]
Validation acc: 0.48717948717948717
Validation class_accuracies: [0.9158249158249159, 0.0, 0.0, 0.1282051282051282]
Validation sensitivity: 0.024242424242424242
Validation specificity: 0.9158249158249159
Validation icbhi_score: 0.4700336700336701
Validation roc_auc: None
Validation avg_accuracy: 0.261007511007511
Validation one_indexed_epoch: 8
The validation tracker metric at 0.5018855218855219 hasn't increased by 0 in 2 epochs
<class 'leaf_audio.frontend.MelFilterbanks'>
There is no such attribute
68/68 - 147s - loss: 1.1465 - accuracy: 0.4769 - 147s/epoch - 2s/step
Epoch 9/60
Validation cm: [[  0 891   0   0]
 [  0 589   0   0]
 [  0  80   0   0]
 [  0 156   0   0]]
Validation normalized_cm: [[0. 1. 0. 0.]
 [0. 1. 0. 0.]
 [0. 1. 0. 0.]
 [0. 1. 0. 0.]]
Validation acc: 0.34324009324009325
Validation class_accuracies: [0.0, 1.0, 0.0, 0.0]
Validation sensitivity: 0.713939393939394
Validation specificity: 0.0
Validation icbhi_score: 0.356969696969697
Validation roc_auc: None
Validation avg_accuracy: 0.25
Validation one_indexed_epoch: 9
The validation tracker metric at 0.5018855218855219 hasn't increased by 0 in 3 epochs
<class 'leaf_audio.frontend.MelFilterbanks'>
There is no such attribute
68/68 - 141s - loss: 1.1387 - accuracy: 0.4822 - 141s/epoch - 2s/step
Epoch 10/60
Validation cm: [[  0 891   0   0]
 [  0 589   0   0]
 [  0  80   0   0]
 [  0 156   0   0]]
Validation normalized_cm: [[0. 1. 0. 0.]
 [0. 1. 0. 0.]
 [0. 1. 0. 0.]
 [0. 1. 0. 0.]]
Validation acc: 0.34324009324009325
Validation class_accuracies: [0.0, 1.0, 0.0, 0.0]
Validation sensitivity: 0.713939393939394
Validation specificity: 0.0
Validation icbhi_score: 0.356969696969697
Validation roc_auc: None
Validation avg_accuracy: 0.25
Validation one_indexed_epoch: 10
The validation tracker metric at 0.5018855218855219 hasn't increased by 0 in 4 epochs
<class 'leaf_audio.frontend.MelFilterbanks'>
There is no such attribute
68/68 - 144s - loss: 1.1466 - accuracy: 0.4840 - 144s/epoch - 2s/step
Epoch 11/60
Validation cm: [[  0 744 147   0]
 [  0 508  81   0]
 [  0  71   9   0]
 [  0 141  15   0]]
Validation normalized_cm: [[0.    0.835 0.165 0.   ]
 [0.    0.862 0.138 0.   ]
 [0.    0.887 0.113 0.   ]
 [0.    0.904 0.096 0.   ]]
Validation acc: 0.30128205128205127
Validation class_accuracies: [0.0, 0.8624787775891342, 0.1125, 0.0]
Validation sensitivity: 0.6266666666666667
Validation specificity: 0.0
Validation icbhi_score: 0.31333333333333335
Validation roc_auc: None
Validation avg_accuracy: 0.24374469439728355
Validation one_indexed_epoch: 11
The validation tracker metric at 0.5018855218855219 hasn't increased by 0 in 5 epochs
Lr has been adjusted to 0.004999999888241291
Mel loss: <tf.Variable 'Variable:0' shape=() dtype=float32, numpy=0.5>
sinc loss: <tf.Variable 'Variable:0' shape=() dtype=float32, numpy=0.5>
<class 'leaf_audio.frontend.MelFilterbanks'>
There is no such attribute
68/68 - 141s - loss: 1.1189 - accuracy: 0.4983 - 141s/epoch - 2s/step
Epoch 12/60
Validation cm: [[  0 866  25   0]
 [  2 557  30   0]
 [  1  79   0   0]
 [  2 153   1   0]]
Validation normalized_cm: [[0.    0.972 0.028 0.   ]
 [0.003 0.946 0.051 0.   ]
 [0.013 0.988 0.    0.   ]
 [0.013 0.981 0.006 0.   ]]
Validation acc: 0.3245920745920746
Validation class_accuracies: [0.0, 0.9456706281833617, 0.0, 0.0]
Validation sensitivity: 0.6751515151515152
Validation specificity: 0.0
Validation icbhi_score: 0.3375757575757576
Validation roc_auc: None
Validation avg_accuracy: 0.23641765704584042
Validation one_indexed_epoch: 12
The validation tracker metric at 0.5018855218855219 hasn't increased by 0 in 6 epochs
<class 'leaf_audio.frontend.MelFilterbanks'>
There is no such attribute
68/68 - 142s - loss: 1.0670 - accuracy: 0.5335 - 142s/epoch - 2s/step
Epoch 13/60
Validation cm: [[423  67  22 379]
 [254  97   9 229]
 [ 29   6   2  43]
 [ 31  14   4 107]]
Validation normalized_cm: [[0.475 0.075 0.025 0.425]
 [0.431 0.165 0.015 0.389]
 [0.362 0.075 0.025 0.537]
 [0.199 0.09  0.026 0.686]]
Validation acc: 0.36655011655011654
Validation class_accuracies: [0.47474747474747475, 0.16468590831918506, 0.025, 0.6858974358974359]
Validation sensitivity: 0.2496969696969697
Validation specificity: 0.47474747474747475
Validation icbhi_score: 0.3622222222222222
Validation roc_auc: None
Validation avg_accuracy: 0.3375827047410239
Validation one_indexed_epoch: 13
The validation tracker metric at 0.5018855218855219 hasn't increased by 0 in 7 epochs
<class 'leaf_audio.frontend.MelFilterbanks'>
There is no such attribute
68/68 - 145s - loss: 1.0530 - accuracy: 0.5321 - 145s/epoch - 2s/step
Epoch 14/60
Validation cm: [[  0  90 801   0]
 [  0  35 554   0]
 [  0   7  73   0]
 [  0  10 146   0]]
Validation normalized_cm: [[0.    0.101 0.899 0.   ]
 [0.    0.059 0.941 0.   ]
 [0.    0.087 0.912 0.   ]
 [0.    0.064 0.936 0.   ]]
Validation acc: 0.06293706293706294
Validation class_accuracies: [0.0, 0.059422750424448216, 0.9125, 0.0]
Validation sensitivity: 0.13090909090909092
Validation specificity: 0.0
Validation icbhi_score: 0.06545454545454546
Validation roc_auc: None
Validation avg_accuracy: 0.24298068760611205
Validation one_indexed_epoch: 14
The validation tracker metric at 0.5018855218855219 hasn't increased by 0 in 8 epochs
<class 'leaf_audio.frontend.MelFilterbanks'>
There is no such attribute
68/68 - 143s - loss: 1.0294 - accuracy: 0.5537 - 143s/epoch - 2s/step
Epoch 15/60
Validation cm: [[  0 811  80   0]
 [  0 544  45   0]
 [  0  72   8   0]
 [  0 112  44   0]]
Validation normalized_cm: [[0.    0.91  0.09  0.   ]
 [0.    0.924 0.076 0.   ]
 [0.    0.9   0.1   0.   ]
 [0.    0.718 0.282 0.   ]]
Validation acc: 0.32167832167832167
Validation class_accuracies: [0.0, 0.9235993208828522, 0.1, 0.0]
Validation sensitivity: 0.6690909090909091
Validation specificity: 0.0
Validation icbhi_score: 0.33454545454545453
Validation roc_auc: None
Validation avg_accuracy: 0.25589983022071305
Validation one_indexed_epoch: 15
The validation tracker metric at 0.5018855218855219 hasn't increased by 0 in 9 epochs
<class 'leaf_audio.frontend.MelFilterbanks'>
There is no such attribute
68/68 - 143s - loss: 1.0217 - accuracy: 0.5564 - 143s/epoch - 2s/step
Epoch 16/60
Validation cm: [[  0  27 857   7]
 [  0  16 573   0]
 [  0   2  76   2]
 [  0   2 154   0]]
Validation normalized_cm: [[0.    0.03  0.962 0.008]
 [0.    0.027 0.973 0.   ]
 [0.    0.025 0.95  0.025]
 [0.    0.013 0.987 0.   ]]
Validation acc: 0.053613053613053616
Validation class_accuracies: [0.0, 0.027164685908319185, 0.95, 0.0]
Validation sensitivity: 0.11151515151515151
Validation specificity: 0.0
Validation icbhi_score: 0.055757575757575756
Validation roc_auc: None
Validation avg_accuracy: 0.2442911714770798
Validation one_indexed_epoch: 16
The validation tracker metric at 0.5018855218855219 hasn't increased by 0 in 10 epochs
Lr has been adjusted to 0.0024999999441206455
<class 'leaf_audio.frontend.MelFilterbanks'>
There is no such attribute
68/68 - 143s - loss: 0.9960 - accuracy: 0.5767 - 143s/epoch - 2s/step
Epoch 17/60
Validation cm: [[  0  49 839   3]
 [  0  42 547   0]
 [  0   3  77   0]
 [  0   2 153   1]]
Validation normalized_cm: [[0.    0.055 0.942 0.003]
 [0.    0.071 0.929 0.   ]
 [0.    0.037 0.963 0.   ]
 [0.    0.013 0.981 0.006]]
Validation acc: 0.06993006993006994
Validation class_accuracies: [0.0, 0.07130730050933787, 0.9625, 0.00641025641025641]
Validation sensitivity: 0.14545454545454545
Validation specificity: 0.0
Validation icbhi_score: 0.07272727272727272
Validation roc_auc: None
Validation avg_accuracy: 0.26005438922989854
Validation one_indexed_epoch: 17
The validation tracker metric at 0.5018855218855219 hasn't increased by 0 in 11 epochs
<class 'leaf_audio.frontend.MelFilterbanks'>
There is no such attribute
68/68 - 144s - loss: 0.9572 - accuracy: 0.5944 - 144s/epoch - 2s/step
Epoch 18/60
Validation cm: [[ 72 805  14   0]
 [ 32 544  13   0]
 [  6  74   0   0]
 [  6 150   0   0]]
Validation normalized_cm: [[0.081 0.903 0.016 0.   ]
 [0.054 0.924 0.022 0.   ]
 [0.075 0.925 0.    0.   ]
 [0.038 0.962 0.    0.   ]]
Validation acc: 0.358974358974359
Validation class_accuracies: [0.08080808080808081, 0.9235993208828522, 0.0, 0.0]
Validation sensitivity: 0.6593939393939394
Validation specificity: 0.08080808080808081
Validation icbhi_score: 0.3701010101010101
Validation roc_auc: None
Validation avg_accuracy: 0.25110185042273325
Validation one_indexed_epoch: 18
The validation tracker metric at 0.5018855218855219 hasn't increased by 0 in 12 epochs
<class 'leaf_audio.frontend.MelFilterbanks'>
There is no such attribute
68/68 - 143s - loss: 0.8986 - accuracy: 0.6201 - 143s/epoch - 2s/step
Epoch 19/60
Validation cm: [[816   0   2  73]
 [459   0  13 117]
 [ 71   0   0   9]
 [ 98   0   1  57]]
Validation normalized_cm: [[0.916 0.    0.002 0.082]
 [0.779 0.    0.022 0.199]
 [0.887 0.    0.    0.113]
 [0.628 0.    0.006 0.365]]
Validation acc: 0.5087412587412588
Validation class_accuracies: [0.9158249158249159, 0.0, 0.0, 0.36538461538461536]
Validation sensitivity: 0.06909090909090909
Validation specificity: 0.9158249158249159
Validation icbhi_score: 0.4924579124579125
Validation roc_auc: None
Validation avg_accuracy: 0.3203023828023828
Validation one_indexed_epoch: 19
The validation tracker metric at 0.5018855218855219 hasn't increased by 0 in 13 epochs
<class 'leaf_audio.frontend.MelFilterbanks'>
There is no such attribute
68/68 - 143s - loss: 0.8692 - accuracy: 0.6374 - 143s/epoch - 2s/step
Epoch 20/60
Validation cm: [[276  66 229 320]
 [139  53 116 281]
 [ 24   7  14  35]
 [ 35  15  45  61]]
Validation normalized_cm: [[0.31  0.074 0.257 0.359]
 [0.236 0.09  0.197 0.477]
 [0.3   0.087 0.175 0.438]
 [0.224 0.096 0.288 0.391]]
Validation acc: 0.23543123543123542
Validation class_accuracies: [0.30976430976430974, 0.0899830220713073, 0.175, 0.391025641025641]
Validation sensitivity: 0.15515151515151515
Validation specificity: 0.30976430976430974
Validation icbhi_score: 0.23245791245791245
Validation roc_auc: None
Validation avg_accuracy: 0.24144324321531452
Validation one_indexed_epoch: 20
The validation tracker metric at 0.5018855218855219 hasn't increased by 0 in 14 epochs
<class 'leaf_audio.frontend.MelFilterbanks'>
There is no such attribute
68/68 - 142s - loss: 0.8628 - accuracy: 0.6431 - 142s/epoch - 2s/step
Epoch 21/60
Validation cm: [[466  52 363  10]
 [328  66 195   0]
 [ 43   3  33   1]
 [ 43   8 105   0]]
Validation normalized_cm: [[0.523 0.058 0.407 0.011]
 [0.557 0.112 0.331 0.   ]
 [0.537 0.037 0.412 0.013]
 [0.276 0.051 0.673 0.   ]]
Validation acc: 0.32925407925407923
Validation class_accuracies: [0.5230078563411896, 0.11205432937181664, 0.4125, 0.0]
Validation sensitivity: 0.12
Validation specificity: 0.5230078563411896
Validation icbhi_score: 0.3215039281705948
Validation roc_auc: None
Validation avg_accuracy: 0.2618905464282516
Validation one_indexed_epoch: 21
The validation tracker metric at 0.5018855218855219 hasn't increased by 0 in 15 epochs
Lr has been adjusted to 0.0012499999720603228
Mel loss: <tf.Variable 'Variable:0' shape=() dtype=float32, numpy=0.5>
sinc loss: <tf.Variable 'Variable:0' shape=() dtype=float32, numpy=0.5>
<class 'leaf_audio.frontend.MelFilterbanks'>
There is no such attribute
68/68 - 141s - loss: 0.8452 - accuracy: 0.6420 - 141s/epoch - 2s/step
Epoch 22/60
Validation cm: [[470 207 138  76]
 [217 252  46  74]
 [ 40   8  14  18]
 [ 52  40  44  20]]
Validation normalized_cm: [[0.527 0.232 0.155 0.085]
 [0.368 0.428 0.078 0.126]
 [0.5   0.1   0.175 0.225]
 [0.333 0.256 0.282 0.128]]
Validation acc: 0.4405594405594406
Validation class_accuracies: [0.5274971941638609, 0.42784380305602715, 0.175, 0.1282051282051282]
Validation sensitivity: 0.3466666666666667
Validation specificity: 0.5274971941638609
Validation icbhi_score: 0.4370819304152638
Validation roc_auc: None
Validation avg_accuracy: 0.3146365313562541
Validation one_indexed_epoch: 22
The validation tracker metric at 0.5018855218855219 hasn't increased by 0 in 16 epochs
<class 'leaf_audio.frontend.MelFilterbanks'>
There is no such attribute
68/68 - 141s - loss: 0.7717 - accuracy: 0.6813 - 141s/epoch - 2s/step
Epoch 23/60
Validation cm: [[486  73  33 299]
 [189  52  20 328]
 [ 49   4   2  25]
 [ 56  15   2  83]]
Validation normalized_cm: [[0.545 0.082 0.037 0.336]
 [0.321 0.088 0.034 0.557]
 [0.613 0.05  0.025 0.312]
 [0.359 0.096 0.013 0.532]]
Validation acc: 0.36305361305361306
Validation class_accuracies: [0.5454545454545454, 0.08828522920203735, 0.025, 0.532051282051282]
Validation sensitivity: 0.16606060606060605
Validation specificity: 0.5454545454545454
Validation icbhi_score: 0.3557575757575757
Validation roc_auc: None
Validation avg_accuracy: 0.2976977641769662
Validation one_indexed_epoch: 23
The validation tracker metric at 0.5018855218855219 hasn't increased by 0 in 17 epochs
<class 'leaf_audio.frontend.MelFilterbanks'>
There is no such attribute
68/68 - 142s - loss: 0.7181 - accuracy: 0.7038 - 142s/epoch - 2s/step
Epoch 24/60
Validation cm: [[  0  63 827   1]
 [  0  44 542   3]
 [  0   5  75   0]
 [  0  16 137   3]]
Validation normalized_cm: [[0.    0.071 0.928 0.001]
 [0.    0.075 0.92  0.005]
 [0.    0.062 0.938 0.   ]
 [0.    0.103 0.878 0.019]]
Validation acc: 0.07109557109557109
Validation class_accuracies: [0.0, 0.07470288624787776, 0.9375, 0.019230769230769232]
Validation sensitivity: 0.1478787878787879
Validation specificity: 0.0
Validation icbhi_score: 0.07393939393939394
Validation roc_auc: None
Validation avg_accuracy: 0.25785841386966174
Validation one_indexed_epoch: 24
The validation tracker metric at 0.5018855218855219 hasn't increased by 0 in 18 epochs
<class 'leaf_audio.frontend.MelFilterbanks'>
There is no such attribute
68/68 - 143s - loss: 0.7188 - accuracy: 0.7089 - 143s/epoch - 2s/step
Epoch 25/60
Validation cm: [[  0 890   1   0]
 [  2 584   0   3]
 [  0  80   0   0]
 [  0 156   0   0]]
Validation normalized_cm: [[0.    0.999 0.001 0.   ]
 [0.003 0.992 0.    0.005]
 [0.    1.    0.    0.   ]
 [0.    1.    0.    0.   ]]
Validation acc: 0.34032634032634035
Validation class_accuracies: [0.0, 0.9915110356536503, 0.0, 0.0]
Validation sensitivity: 0.7078787878787879
Validation specificity: 0.0
Validation icbhi_score: 0.35393939393939394
Validation roc_auc: None
Validation avg_accuracy: 0.24787775891341257
Validation one_indexed_epoch: 25
The validation tracker metric at 0.5018855218855219 hasn't increased by 0 in 19 epochs
<class 'leaf_audio.frontend.MelFilterbanks'>
There is no such attribute
68/68 - 142s - loss: 0.6677 - accuracy: 0.7312 - 142s/epoch - 2s/step
Epoch 26/60
Validation cm: [[521  50  80 240]
 [194  38  46 311]
 [ 45   6   6  23]
 [ 46   5   8  97]]
Validation normalized_cm: [[0.585 0.056 0.09  0.269]
 [0.329 0.065 0.078 0.528]
 [0.562 0.075 0.075 0.287]
 [0.295 0.032 0.051 0.622]]
Validation acc: 0.38578088578088576
Validation class_accuracies: [0.5847362514029181, 0.06451612903225806, 0.075, 0.6217948717948718]
Validation sensitivity: 0.1709090909090909
Validation specificity: 0.5847362514029181
Validation icbhi_score: 0.3778226711560045
Validation roc_auc: None
Validation avg_accuracy: 0.336511813057512
Validation one_indexed_epoch: 26
The validation tracker metric at 0.5018855218855219 hasn't increased by 0 in 20 epochs
Lr has been adjusted to 0.0006249999860301614
<class 'leaf_audio.frontend.MelFilterbanks'>
There is no such attribute
68/68 - 143s - loss: 0.6765 - accuracy: 0.7321 - 143s/epoch - 2s/step
Epoch 27/60
Validation cm: [[368 100  59 364]
 [207  94  31 257]
 [ 26   8   8  38]
 [ 34  17   2 103]]
Validation normalized_cm: [[0.413 0.112 0.066 0.409]
 [0.351 0.16  0.053 0.436]
 [0.325 0.1   0.1   0.475]
 [0.218 0.109 0.013 0.66 ]]
Validation acc: 0.3339160839160839
Validation class_accuracies: [0.41301907968574636, 0.15959252971137522, 0.1, 0.6602564102564102]
Validation sensitivity: 0.24848484848484848
Validation specificity: 0.41301907968574636
Validation icbhi_score: 0.3307519640852974
Validation roc_auc: None
Validation avg_accuracy: 0.33321700491338296
Validation one_indexed_epoch: 27
The validation tracker metric at 0.5018855218855219 hasn't increased by 0 in 21 epochs
<class 'leaf_audio.frontend.MelFilterbanks'>
There is no such attribute
68/68 - 141s - loss: 0.5889 - accuracy: 0.7636 - 141s/epoch - 2s/step
Epoch 28/60
Validation cm: [[389 467  29   6]
 [226 336  24   3]
 [ 20  46  11   3]
 [ 52  78  24   2]]
Validation normalized_cm: [[0.437 0.524 0.033 0.007]
 [0.384 0.57  0.041 0.005]
 [0.25  0.575 0.138 0.037]
 [0.333 0.5   0.154 0.013]]
Validation acc: 0.43006993006993005
Validation class_accuracies: [0.43658810325476993, 0.5704584040747029, 0.1375, 0.01282051282051282]
Validation sensitivity: 0.42303030303030303
Validation specificity: 0.43658810325476993
Validation icbhi_score: 0.42980920314253646
Validation roc_auc: None
Validation avg_accuracy: 0.28934175503749643
Validation one_indexed_epoch: 28
The validation tracker metric at 0.5018855218855219 hasn't increased by 0 in 22 epochs
<class 'leaf_audio.frontend.MelFilterbanks'>
There is no such attribute
68/68 - 144s - loss: 0.5694 - accuracy: 0.7788 - 144s/epoch - 2s/step
Epoch 29/60
Validation cm: [[  8 861  22   0]
 [ 10 563  16   0]
 [  0  76   3   1]
 [  0 152   3   1]]
Validation normalized_cm: [[0.009 0.966 0.025 0.   ]
 [0.017 0.956 0.027 0.   ]
 [0.    0.95  0.037 0.013]
 [0.    0.974 0.019 0.006]]
Validation acc: 0.3350815850815851
Validation class_accuracies: [0.008978675645342313, 0.9558573853989814, 0.0375, 0.00641025641025641]
Validation sensitivity: 0.6872727272727273
Validation specificity: 0.008978675645342313
Validation icbhi_score: 0.34812570145903476
Validation roc_auc: None
Validation avg_accuracy: 0.252186579363645
Validation one_indexed_epoch: 29
The validation tracker metric at 0.5018855218855219 hasn't increased by 0 in 23 epochs
<class 'leaf_audio.frontend.MelFilterbanks'>
There is no such attribute
68/68 - 143s - loss: 0.5432 - accuracy: 0.7885 - 143s/epoch - 2s/step
Epoch 30/60
Validation cm: [[407 350  27 107]
 [167 350  22  50]
 [ 33  28   4  15]
 [ 40  66   7  43]]
Validation normalized_cm: [[0.457 0.393 0.03  0.12 ]
 [0.284 0.594 0.037 0.085]
 [0.412 0.35  0.05  0.188]
 [0.256 0.423 0.045 0.276]]
Validation acc: 0.46853146853146854
Validation class_accuracies: [0.4567901234567901, 0.5942275042444821, 0.05, 0.27564102564102566]
Validation sensitivity: 0.4812121212121212
Validation specificity: 0.4567901234567901
Validation icbhi_score: 0.4690011223344557
Validation roc_auc: None
Validation avg_accuracy: 0.3441646633355745
Validation one_indexed_epoch: 30
The validation tracker metric at 0.5018855218855219 hasn't increased by 0 in 24 epochs
<class 'leaf_audio.frontend.MelFilterbanks'>
There is no such attribute
68/68 - 144s - loss: 0.5165 - accuracy: 0.8036 - 144s/epoch - 2s/step
Epoch 31/60
Validation cm: [[415 388  28  60]
 [164 386  19  20]
 [ 36  24   8  12]
 [ 61  64   9  22]]
Validation normalized_cm: [[0.466 0.435 0.031 0.067]
 [0.278 0.655 0.032 0.034]
 [0.45  0.3   0.1   0.15 ]
 [0.391 0.41  0.058 0.141]]
Validation acc: 0.48426573426573427
Validation class_accuracies: [0.4657687991021324, 0.6553480475382003, 0.1, 0.14102564102564102]
Validation sensitivity: 0.5042424242424243
Validation specificity: 0.4657687991021324
Validation icbhi_score: 0.48500561167227835
Validation roc_auc: None
Validation avg_accuracy: 0.34053562191649345
Validation one_indexed_epoch: 31
The number of epochs since last 1% equals the patience
Lr has been adjusted to 0.0003124999930150807
Mel loss: <tf.Variable 'Variable:0' shape=() dtype=float32, numpy=0.5>
sinc loss: <tf.Variable 'Variable:0' shape=() dtype=float32, numpy=0.5>
<class 'leaf_audio.frontend.MelFilterbanks'>
There is no such attribute
68/68 - 143s - loss: 0.5281 - accuracy: 0.7852 - 143s/epoch - 2s/step
----------------------------------
The best metrics for this job are: 

Best icbhi_score: 0.5018855218855219
Best cm: [[822  67   0   2]
 [514  67   0   8]
 [ 76   4   0   0]
 [139  17   0   0]]
Best normalized_cm: [[0.923 0.075 0.    0.002]
 [0.873 0.114 0.    0.014]
 [0.95  0.05  0.    0.   ]
 [0.891 0.109 0.    0.   ]]
Best acc: 0.5180652680652681
Best class_accuracies: [0.9225589225589226, 0.11375212224108659, 0.0, 0.0]
Best sensitivity: 0.08121212121212121
Best specificity: 0.9225589225589226
Best roc_auc: None
Best avg_accuracy: 0.2590777612000023
Best one_indexed_epoch: 6
icbhi_score
model
cm
normalized_cm
acc
class_accuracies
sensitivity
specificity
roc_auc
avg_accuracy
one_indexed_epoch
{'loss': [2.10178279876709, 1.3420312404632568, 1.2821747064590454, 1.2225960493087769, 1.1921204328536987, 1.187070608139038, 1.1620362997055054, 1.1464788913726807, 1.1386765241622925, 1.1466314792633057, 1.1188524961471558, 1.0669749975204468, 1.0530427694320679, 1.0294229984283447, 1.021687388420105, 0.9960430264472961, 0.957171618938446, 0.8986281752586365, 0.8692491054534912, 0.8627661466598511, 0.8452472686767578, 0.7716848850250244, 0.7181000709533691, 0.718811571598053, 0.6676831245422363, 0.6765438318252563, 0.5889050960540771, 0.5693511962890625, 0.5432056188583374, 0.516476571559906, 0.528087317943573], 'accuracy': [0.3791676163673401, 0.400321900844574, 0.4345826506614685, 0.43182340264320374, 0.46355482935905457, 0.4665440320968628, 0.4702230393886566, 0.47689124941825867, 0.48217982053756714, 0.48401930928230286, 0.4982754588127136, 0.5334559679031372, 0.532076358795166, 0.553690493106842, 0.5564497709274292, 0.576684296131134, 0.5943894982337952, 0.6201425790786743, 0.6373879313468933, 0.6431363821029663, 0.6419866681098938, 0.6813060641288757, 0.7038399577140808, 0.7088986039161682, 0.7312026023864746, 0.7321223020553589, 0.763623833656311, 0.7787997126579285, 0.7884570956230164, 0.8036330342292786, 0.7852379679679871]}
Job dir: ../cache/cw/train131/2
Job id is 3.
Job dir: ../cache/cw/train131/3
- Loading Icbhi.
725 Icbhi audios have been loaded.
- Preparing Icbhi.
112 Icbhi groups of audio chunks (by filename or patients) have been prepared.
--- Samples are being split into training/val groups and de-grouped by patient ---
Job id is 4.
lengths
4349
1716
-----------------------
--- Final training dataset went from 0 to 4349 elements, with 0 none's, 0 crakles, 0 wheezes and 0 both ---
--- Final Validation dataset contains 1716 elements, with 0 none, 0 crackles, 0 wheezes and 0 both ---
Initializing weights...
Model: "leaf_model9_model_bis_1"
______________________________________________________________________________________________________________
 Layer (type)                                    Output Shape                                Param #          
==============================================================================================================
 mel_filterbanks_2 (MelFilterbanks)              multiple                                    0                
                                                                                                              
 mel_filterbanks_3 (MelFilterbanks)              multiple                                    0 (unused)       
                                                                                                              
 sincnet (SincNet)                               multiple                                    0 (unused)       
                                                                                                              
 sequential_5 (Sequential)                       (None, 80, 500, 1)                          4                
                                                                                                              
 sequential_6 (Sequential)                       (None, 80, 500, 16)                         2352             
                                                                                                              
 sequential_7 (Sequential)                       (None, 80, 500, 16)                         6448             
                                                                                                              
 sequential_8 (Sequential)                       (None, 80, 500, 16)                         32               
                                                                                                              
 concatenate_1 (Concatenate)                     multiple                                    0                
                                                                                                              
 sequential_9 (Sequential)                       (None, 4)                                   6193348          
                                                                                                              
==============================================================================================================
Total params: 6,202,346
Trainable params: 6,160,840
Non-trainable params: 41,506
______________________________________________________________________________________________________________
Target metric is icbhi_score
Epoch 1/60
/home/alirachidi/classification_algorithm/trainers/modules/main/global_helpers.py:48: UserWarning: Matplotlib is currently using agg, which is a non-GUI backend, so cannot show the figure.
  plt.show()
WARNING:tensorflow:Gradients do not exist for variables ['kernel:0', 'Variable:0', 'Variable:0'] when minimizing the loss. If you're using `model.compile()`, did you forget to provide a `loss`argument?
WARNING:tensorflow:Gradients do not exist for variables ['kernel:0', 'Variable:0', 'Variable:0'] when minimizing the loss. If you're using `model.compile()`, did you forget to provide a `loss`argument?
WARNING:tensorflow:Gradients do not exist for variables ['kernel:0', 'Variable:0', 'Variable:0'] when minimizing the loss. If you're using `model.compile()`, did you forget to provide a `loss`argument?
WARNING:tensorflow:Gradients do not exist for variables ['kernel:0', 'Variable:0', 'Variable:0'] when minimizing the loss. If you're using `model.compile()`, did you forget to provide a `loss`argument?
Validation cm: [[958   0   0   0]
 [562   0   0   0]
 [ 69   0   0   0]
 [127   0   0   0]]
Validation normalized_cm: [[1. 0. 0. 0.]
 [1. 0. 0. 0.]
 [1. 0. 0. 0.]
 [1. 0. 0. 0.]]
Validation acc: 0.5582750582750583
Validation class_accuracies: [1.0, 0.0, 0.0, 0.0]
Validation sensitivity: 0.0
Validation specificity: 1.0
Validation icbhi_score: 0.5
Validation roc_auc: None
Validation avg_accuracy: 0.25
Validation one_indexed_epoch: 1
-- New best results were achieved. --
<class 'leaf_audio.frontend.MelFilterbanks'>
There is no such attribute
68/68 - 147s - loss: 1.5380 - accuracy: 0.4463 - 147s/epoch - 2s/step
Epoch 2/60
Validation cm: [[958   0   0   0]
 [562   0   0   0]
 [ 69   0   0   0]
 [127   0   0   0]]
Validation normalized_cm: [[1. 0. 0. 0.]
 [1. 0. 0. 0.]
 [1. 0. 0. 0.]
 [1. 0. 0. 0.]]
Validation acc: 0.5582750582750583
Validation class_accuracies: [1.0, 0.0, 0.0, 0.0]
Validation sensitivity: 0.0
Validation specificity: 1.0
Validation icbhi_score: 0.5
Validation roc_auc: None
Validation avg_accuracy: 0.25
Validation one_indexed_epoch: 2
The validation tracker metric at 0.5 hasn't increased by 0 in 1 epochs
<class 'leaf_audio.frontend.MelFilterbanks'>
There is no such attribute
68/68 - 142s - loss: 1.1102 - accuracy: 0.5282 - 142s/epoch - 2s/step
Epoch 3/60
Validation cm: [[958   0   0   0]
 [562   0   0   0]
 [ 69   0   0   0]
 [127   0   0   0]]
Validation normalized_cm: [[1. 0. 0. 0.]
 [1. 0. 0. 0.]
 [1. 0. 0. 0.]
 [1. 0. 0. 0.]]
Validation acc: 0.5582750582750583
Validation class_accuracies: [1.0, 0.0, 0.0, 0.0]
Validation sensitivity: 0.0
Validation specificity: 1.0
Validation icbhi_score: 0.5
Validation roc_auc: None
Validation avg_accuracy: 0.25
Validation one_indexed_epoch: 3
The validation tracker metric at 0.5 hasn't increased by 0 in 2 epochs
<class 'leaf_audio.frontend.MelFilterbanks'>
There is no such attribute
68/68 - 143s - loss: 1.0336 - accuracy: 0.5645 - 143s/epoch - 2s/step
Epoch 4/60
Validation cm: [[958   0   0   0]
 [562   0   0   0]
 [ 69   0   0   0]
 [127   0   0   0]]
Validation normalized_cm: [[1. 0. 0. 0.]
 [1. 0. 0. 0.]
 [1. 0. 0. 0.]
 [1. 0. 0. 0.]]
Validation acc: 0.5582750582750583
Validation class_accuracies: [1.0, 0.0, 0.0, 0.0]
Validation sensitivity: 0.0
Validation specificity: 1.0
Validation icbhi_score: 0.5
Validation roc_auc: None
Validation avg_accuracy: 0.25
Validation one_indexed_epoch: 4
The validation tracker metric at 0.5 hasn't increased by 0 in 3 epochs
<class 'leaf_audio.frontend.MelFilterbanks'>
There is no such attribute
68/68 - 142s - loss: 0.9913 - accuracy: 0.5650 - 142s/epoch - 2s/step
Epoch 5/60
Validation cm: [[958   0   0   0]
 [562   0   0   0]
 [ 69   0   0   0]
 [127   0   0   0]]
Validation normalized_cm: [[1. 0. 0. 0.]
 [1. 0. 0. 0.]
 [1. 0. 0. 0.]
 [1. 0. 0. 0.]]
Validation acc: 0.5582750582750583
Validation class_accuracies: [1.0, 0.0, 0.0, 0.0]
Validation sensitivity: 0.0
Validation specificity: 1.0
Validation icbhi_score: 0.5
Validation roc_auc: None
Validation avg_accuracy: 0.25
Validation one_indexed_epoch: 5
The validation tracker metric at 0.5 hasn't increased by 0 in 4 epochs
<class 'leaf_audio.frontend.MelFilterbanks'>
There is no such attribute
68/68 - 142s - loss: 0.9064 - accuracy: 0.6151 - 142s/epoch - 2s/step
Epoch 6/60
Validation cm: [[  0 958   0   0]
 [  0 562   0   0]
 [  0  69   0   0]
 [  0 127   0   0]]
Validation normalized_cm: [[0. 1. 0. 0.]
 [0. 1. 0. 0.]
 [0. 1. 0. 0.]
 [0. 1. 0. 0.]]
Validation acc: 0.3275058275058275
Validation class_accuracies: [0.0, 1.0, 0.0, 0.0]
Validation sensitivity: 0.741424802110818
Validation specificity: 0.0
Validation icbhi_score: 0.370712401055409
Validation roc_auc: None
Validation avg_accuracy: 0.25
Validation one_indexed_epoch: 6
The validation tracker metric at 0.5 hasn't increased by 0 in 5 epochs
Lr has been adjusted to 0.0005000000237487257
<class 'leaf_audio.frontend.MelFilterbanks'>
There is no such attribute
68/68 - 140s - loss: 0.8941 - accuracy: 0.6195 - 140s/epoch - 2s/step
Epoch 7/60
Validation cm: [[958   0   0   0]
 [552  10   0   0]
 [ 69   0   0   0]
 [127   0   0   0]]
Validation normalized_cm: [[1.    0.    0.    0.   ]
 [0.982 0.018 0.    0.   ]
 [1.    0.    0.    0.   ]
 [1.    0.    0.    0.   ]]
