Tensorflow Version: 2.8.0
Num GPUs Available:  1
Collecting Variables...
All variables have been collected.
../cache/
cw
train134
Description:  debugging, mel, no normalizing, 1 optimizer w adaptive lr, overlap threshold = 0.15, 4 one hot encoder, softmax, oversampling, no spectral loss
-----------------------
Job id is 1.
Job dir: ../cache/cw/train134/1
- Loading Icbhi.
725 Icbhi audios have been loaded.
- Preparing Icbhi.
112 Icbhi groups of audio chunks (by filename or patients) have been prepared.
--- Samples are being split into training/val groups and de-grouped by patient ---
Job id is 2.
lengths
4349
1716
1691
1691
1691
1691
-----------------------
--- Final training dataset went from 0 to 6764 elements, with 0 none's, 0 crakles, 0 wheezes and 0 both ---
--- Final Validation dataset contains 1716 elements, with 0 none, 0 crackles, 0 wheezes and 0 both ---
Initializing weights...
Model: "leaf_model9_model_efnet1"
______________________________________________________________________________________________________________
 Layer (type)                                    Output Shape                                Param #          
==============================================================================================================
 mel_filterbanks (MelFilterbanks)                multiple                                    0                
                                                                                                              
 mel_filterbanks_1 (MelFilterbanks)              multiple                                    0 (unused)       
                                                                                                              
 sincnet (SincNet)                               multiple                                    0 (unused)       
                                                                                                              
 sequential (Sequential)                         (None, 4)                                   6580363          
                                                                                                              
==============================================================================================================
Total params: 6,580,525
Trainable params: 6,518,470
Non-trainable params: 62,055
______________________________________________________________________________________________________________
Target metric is icbhi_score
Epoch 1/60
WARNING:tensorflow:Gradients do not exist for variables ['kernel:0', 'Variable:0', 'Variable:0'] when minimizing the loss. If you're using `model.compile()`, did you forget to provide a `loss`argument?
WARNING:tensorflow:Gradients do not exist for variables ['kernel:0', 'Variable:0', 'Variable:0'] when minimizing the loss. If you're using `model.compile()`, did you forget to provide a `loss`argument?
WARNING:tensorflow:Gradients do not exist for variables ['kernel:0', 'Variable:0', 'Variable:0'] when minimizing the loss. If you're using `model.compile()`, did you forget to provide a `loss`argument?
WARNING:tensorflow:Gradients do not exist for variables ['kernel:0', 'Variable:0', 'Variable:0'] when minimizing the loss. If you're using `model.compile()`, did you forget to provide a `loss`argument?
Validation cm: [[869   0  16   6]
 [584   0   2   3]
 [ 72   0   3   5]
 [128   0   8  20]]
Validation normalized_cm: [[0.975 0.    0.018 0.007]
 [0.992 0.    0.003 0.005]
 [0.9   0.    0.037 0.062]
 [0.821 0.    0.051 0.128]]
Validation acc: 0.5198135198135199
Validation class_accuracies: [0.9753086419753086, 0.0, 0.0375, 0.1282051282051282]
Validation sensitivity: 0.027878787878787878
Validation specificity: 0.9753086419753086
Validation icbhi_score: 0.5015937149270483
Validation roc_auc: None
Validation avg_accuracy: 0.2852534425451092
Validation one_indexed_epoch: 1
-- New best results were achieved. --
There is no such attribute
106/106 - 183s - loss: 0.9625 - accuracy: 0.5884 - 183s/epoch - 2s/step
Epoch 2/60
Validation cm: [[859  28   2   2]
 [571  14   0   4]
 [ 73   0   2   5]
 [123   8   3  22]]
Validation normalized_cm: [[0.964 0.031 0.002 0.002]
 [0.969 0.024 0.    0.007]
 [0.912 0.    0.025 0.062]
 [0.788 0.051 0.019 0.141]]
Validation acc: 0.5227272727272727
Validation class_accuracies: [0.9640852974186308, 0.023769100169779286, 0.025, 0.14102564102564102]
Validation sensitivity: 0.04606060606060606
Validation specificity: 0.9640852974186308
Validation icbhi_score: 0.5050729517396184
Validation roc_auc: None
Validation avg_accuracy: 0.28847000965351277
Validation one_indexed_epoch: 2
-- New best results were achieved. --
There is no such attribute
106/106 - 161s - loss: 0.5425 - accuracy: 0.7836 - 161s/epoch - 2s/step
Epoch 3/60
Validation cm: [[791  57  29  14]
 [507  72   2   8]
 [ 59   8  11   2]
 [107  13  19  17]]
Validation normalized_cm: [[0.888 0.064 0.033 0.016]
 [0.861 0.122 0.003 0.014]
 [0.738 0.1   0.138 0.025]
 [0.686 0.083 0.122 0.109]]
Validation acc: 0.5192307692307693
Validation class_accuracies: [0.8877665544332211, 0.12224108658743633, 0.1375, 0.10897435897435898]
Validation sensitivity: 0.12121212121212122
Validation specificity: 0.8877665544332211
Validation icbhi_score: 0.5044893378226711
Validation roc_auc: None
Validation avg_accuracy: 0.3141204999987541
Validation one_indexed_epoch: 3
The validation tracker metric at 0.5050729517396184 hasn't increased by 0 in 1 epochs
There is no such attribute
106/106 - 161s - loss: 0.3460 - accuracy: 0.8678 - 161s/epoch - 2s/step
Epoch 4/60
Validation cm: [[831  20  26  14]
 [560  26   2   1]
 [ 66   1   5   8]
 [113   3   9  31]]
Validation normalized_cm: [[0.933 0.022 0.029 0.016]
 [0.951 0.044 0.003 0.002]
 [0.825 0.013 0.062 0.1  ]
 [0.724 0.019 0.058 0.199]]
Validation acc: 0.5203962703962703
Validation class_accuracies: [0.9326599326599326, 0.044142614601018676, 0.0625, 0.1987179487179487]
Validation sensitivity: 0.07515151515151515
Validation specificity: 0.9326599326599326
Validation icbhi_score: 0.5039057239057239
Validation roc_auc: None
Validation avg_accuracy: 0.309505123994725
Validation one_indexed_epoch: 4
The validation tracker metric at 0.5050729517396184 hasn't increased by 0 in 2 epochs
There is no such attribute
106/106 - 162s - loss: 0.2534 - accuracy: 0.9091 - 162s/epoch - 2s/step
Epoch 5/60
Validation cm: [[788  49  46   8]
 [496  80   7   6]
 [ 62   4   7   7]
 [104  10  25  17]]
Validation normalized_cm: [[0.884 0.055 0.052 0.009]
 [0.842 0.136 0.012 0.01 ]
 [0.775 0.05  0.087 0.087]
 [0.667 0.064 0.16  0.109]]
Validation acc: 0.5198135198135199
Validation class_accuracies: [0.8843995510662177, 0.13582342954159593, 0.0875, 0.10897435897435898]
Validation sensitivity: 0.12606060606060607
Validation specificity: 0.8843995510662177
Validation icbhi_score: 0.5052300785634118
Validation roc_auc: None
Validation avg_accuracy: 0.30417433489554313
Validation one_indexed_epoch: 5
-- New best results were achieved. --
There is no such attribute
106/106 - 162s - loss: 0.1696 - accuracy: 0.9412 - 162s/epoch - 2s/step
Epoch 6/60
Validation cm: [[767 108  16   0]
 [519  68   2   0]
 [ 66   8   6   0]
 [126  16  13   1]]
Validation normalized_cm: [[0.861 0.121 0.018 0.   ]
 [0.881 0.115 0.003 0.   ]
 [0.825 0.1   0.075 0.   ]
 [0.808 0.103 0.083 0.006]]
Validation acc: 0.49067599067599066
Validation class_accuracies: [0.8608305274971941, 0.11544991511035653, 0.075, 0.00641025641025641]
Validation sensitivity: 0.09090909090909091
Validation specificity: 0.8608305274971941
Validation icbhi_score: 0.47586980920314254
Validation roc_auc: None
Validation avg_accuracy: 0.26442267475445175
Validation one_indexed_epoch: 6
The validation tracker metric at 0.5052300785634118 hasn't increased by 0 in 1 epochs
There is no such attribute
106/106 - 162s - loss: 0.1193 - accuracy: 0.9583 - 162s/epoch - 2s/step
Epoch 7/60
Validation cm: [[562 163  57 109]
 [232 268  10  79]
 [ 31  19  15  15]
 [ 51  47  20  38]]
Validation normalized_cm: [[0.631 0.183 0.064 0.122]
 [0.394 0.455 0.017 0.134]
 [0.388 0.237 0.188 0.188]
 [0.327 0.301 0.128 0.244]]
Validation acc: 0.5145687645687645
Validation class_accuracies: [0.6307519640852974, 0.45500848896434637, 0.1875, 0.24358974358974358]
Validation sensitivity: 0.3890909090909091
Validation specificity: 0.6307519640852974
Validation icbhi_score: 0.5099214365881033
Validation roc_auc: None
Validation avg_accuracy: 0.37921254915984687
Validation one_indexed_epoch: 7
-- New best results were achieved. --
There is no such attribute
106/106 - 163s - loss: 0.1388 - accuracy: 0.9509 - 163s/epoch - 2s/step
Epoch 8/60
Validation cm: [[763  22  34  72]
 [523  27   4  35]
 [ 57   3  13   7]
 [111   4  33   8]]
Validation normalized_cm: [[0.856 0.025 0.038 0.081]
 [0.888 0.046 0.007 0.059]
 [0.713 0.037 0.163 0.087]
 [0.712 0.026 0.212 0.051]]
Validation acc: 0.4726107226107226
Validation class_accuracies: [0.856341189674523, 0.04584040747028863, 0.1625, 0.05128205128205128]
Validation sensitivity: 0.05818181818181818
Validation specificity: 0.856341189674523
Validation icbhi_score: 0.4572615039281706
Validation roc_auc: None
Validation avg_accuracy: 0.2789909121067157
Validation one_indexed_epoch: 8
The validation tracker metric at 0.5099214365881033 hasn't increased by 0 in 1 epochs
There is no such attribute
106/106 - 162s - loss: 0.0963 - accuracy: 0.9651 - 162s/epoch - 2s/step
Epoch 9/60
Validation cm: [[ 85 479 275  52]
 [ 37 449  78  25]
 [  3  20  51   6]
 [  7  60  85   4]]
Validation normalized_cm: [[0.095 0.538 0.309 0.058]
 [0.063 0.762 0.132 0.042]
 [0.037 0.25  0.637 0.075]
 [0.045 0.385 0.545 0.026]]
Validation acc: 0.34324009324009325
Validation class_accuracies: [0.09539842873176206, 0.7623089983022071, 0.6375, 0.02564102564102564]
Validation sensitivity: 0.610909090909091
Validation specificity: 0.09539842873176206
Validation icbhi_score: 0.3531537598204265
Validation roc_auc: None
Validation avg_accuracy: 0.3802121131687487
Validation one_indexed_epoch: 9
The validation tracker metric at 0.5099214365881033 hasn't increased by 0 in 2 epochs
There is no such attribute
106/106 - 164s - loss: 0.0724 - accuracy: 0.9747 - 164s/epoch - 2s/step
Epoch 10/60
Validation cm: [[766  35  65  25]
 [454 107  20   8]
 [ 44   4  27   5]
 [ 84  13  54   5]]
Validation normalized_cm: [[0.86  0.039 0.073 0.028]
 [0.771 0.182 0.034 0.014]
 [0.55  0.05  0.338 0.062]
 [0.538 0.083 0.346 0.032]]
Validation acc: 0.5273892773892774
Validation class_accuracies: [0.8597081930415263, 0.18166383701188454, 0.3375, 0.03205128205128205]
Validation sensitivity: 0.1684848484848485
Validation specificity: 0.8597081930415263
Validation icbhi_score: 0.5140965207631875
Validation roc_auc: None
Validation avg_accuracy: 0.35273082802617317
Validation one_indexed_epoch: 10
-- New best results were achieved. --
There is no such attribute
106/106 - 163s - loss: 0.0733 - accuracy: 0.9737 - 163s/epoch - 2s/step
Epoch 11/60
Validation cm: [[719  92  15  65]
 [397 151   9  32]
 [ 53   5   6  16]
 [ 91  20   9  36]]
Validation normalized_cm: [[0.807 0.103 0.017 0.073]
 [0.674 0.256 0.015 0.054]
 [0.662 0.062 0.075 0.2  ]
 [0.583 0.128 0.058 0.231]]
Validation acc: 0.5314685314685315
Validation class_accuracies: [0.8069584736251403, 0.2563667232597623, 0.075, 0.23076923076923078]
Validation sensitivity: 0.23393939393939395
Validation specificity: 0.8069584736251403
Validation icbhi_score: 0.5204489337822671
Validation roc_auc: None
Validation avg_accuracy: 0.3422736069135333
Validation one_indexed_epoch: 11
-- New best results were achieved. --
Mel loss: <tf.Variable 'Variable:0' shape=() dtype=float32, numpy=0.5>
sinc loss: <tf.Variable 'Variable:0' shape=() dtype=float32, numpy=0.5>
There is no such attribute
106/106 - 163s - loss: 0.0537 - accuracy: 0.9818 - 163s/epoch - 2s/step
Epoch 12/60
Validation cm: [[579 144 127  41]
 [256 272  50  11]
 [ 39   6  25  10]
 [ 45  26  61  24]]
Validation normalized_cm: [[0.65  0.162 0.143 0.046]
 [0.435 0.462 0.085 0.019]
 [0.487 0.075 0.312 0.125]
 [0.288 0.167 0.391 0.154]]
Validation acc: 0.5244755244755245
Validation class_accuracies: [0.6498316498316499, 0.4617996604414261, 0.3125, 0.15384615384615385]
Validation sensitivity: 0.3890909090909091
Validation specificity: 0.6498316498316499
Validation icbhi_score: 0.5194612794612795
Validation roc_auc: None
Validation avg_accuracy: 0.3944943660298075
Validation one_indexed_epoch: 12
The validation tracker metric at 0.5204489337822671 hasn't increased by 0 in 1 epochs
There is no such attribute
106/106 - 164s - loss: 0.0848 - accuracy: 0.9718 - 164s/epoch - 2s/step
Epoch 13/60
Validation cm: [[371 318 129  73]
 [140 380  29  40]
 [ 25  11  12  32]
 [ 19  60  19  58]]
Validation normalized_cm: [[0.416 0.357 0.145 0.082]
 [0.238 0.645 0.049 0.068]
 [0.312 0.138 0.15  0.4  ]
 [0.122 0.385 0.122 0.372]]
Validation acc: 0.4784382284382284
Validation class_accuracies: [0.4163860830527497, 0.6451612903225806, 0.15, 0.3717948717948718]
Validation sensitivity: 0.5454545454545454
Validation specificity: 0.4163860830527497
Validation icbhi_score: 0.48092031425364756
Validation roc_auc: None
Validation avg_accuracy: 0.3958355612925505
Validation one_indexed_epoch: 13
The validation tracker metric at 0.5204489337822671 hasn't increased by 0 in 2 epochs
There is no such attribute
106/106 - 163s - loss: 0.0624 - accuracy: 0.9778 - 163s/epoch - 2s/step
Epoch 14/60
Validation cm: [[498 235  30 128]
 [176 344  13  56]
 [ 27  10  16  27]
 [ 44  19  27  66]]
Validation normalized_cm: [[0.559 0.264 0.034 0.144]
 [0.299 0.584 0.022 0.095]
 [0.338 0.125 0.2   0.338]
 [0.282 0.122 0.173 0.423]]
Validation acc: 0.5384615384615384
Validation class_accuracies: [0.5589225589225589, 0.5840407470288624, 0.2, 0.4230769230769231]
Validation sensitivity: 0.5163636363636364
Validation specificity: 0.5589225589225589
Validation icbhi_score: 0.5376430976430977
Validation roc_auc: None
Validation avg_accuracy: 0.44151005725708614
Validation one_indexed_epoch: 14
-- New best results were achieved. --
There is no such attribute
106/106 - 162s - loss: 0.0600 - accuracy: 0.9823 - 162s/epoch - 2s/step
Epoch 15/60
Validation cm: [[829  19  27  16]
 [461 103  18   7]
 [ 60   3  10   7]
 [108  11  14  23]]
Validation normalized_cm: [[0.93  0.021 0.03  0.018]
 [0.783 0.175 0.031 0.012]
 [0.75  0.037 0.125 0.087]
 [0.692 0.071 0.09  0.147]]
Validation acc: 0.5623543123543123
Validation class_accuracies: [0.9304152637485971, 0.17487266553480477, 0.125, 0.14743589743589744]
Validation sensitivity: 0.16484848484848486
Validation specificity: 0.9304152637485971
Validation icbhi_score: 0.547631874298541
Validation roc_auc: None
Validation avg_accuracy: 0.3444309566798248
Validation one_indexed_epoch: 15
-- New best results were achieved. --
There is no such attribute
106/106 - 163s - loss: 0.0543 - accuracy: 0.9855 - 163s/epoch - 2s/step
Epoch 16/60
Validation cm: [[707 130  49   5]
 [348 217  14  10]
 [ 42  20  15   3]
 [ 77  35  37   7]]
Validation normalized_cm: [[0.793 0.146 0.055 0.006]
 [0.591 0.368 0.024 0.017]
 [0.525 0.25  0.188 0.037]
 [0.494 0.224 0.237 0.045]]
Validation acc: 0.5512820512820513
Validation class_accuracies: [0.7934904601571269, 0.3684210526315789, 0.1875, 0.04487179487179487]
Validation sensitivity: 0.2896969696969697
Validation specificity: 0.7934904601571269
Validation icbhi_score: 0.5415937149270482
Validation roc_auc: None
Validation avg_accuracy: 0.3485708269151252
Validation one_indexed_epoch: 16
The validation tracker metric at 0.547631874298541 hasn't increased by 0 in 1 epochs
There is no such attribute
106/106 - 162s - loss: 0.0486 - accuracy: 0.9848 - 162s/epoch - 2s/step
Epoch 17/60
Validation cm: [[628 192  37  34]
 [342 231   9   7]
 [ 47  12  14   7]
 [ 73  42  31  10]]
Validation normalized_cm: [[0.705 0.215 0.042 0.038]
 [0.581 0.392 0.015 0.012]
 [0.588 0.15  0.175 0.087]
 [0.468 0.269 0.199 0.064]]
Validation acc: 0.5145687645687645
Validation class_accuracies: [0.7048260381593715, 0.3921901528013582, 0.175, 0.0641025641025641]
Validation sensitivity: 0.3090909090909091
Validation specificity: 0.7048260381593715
Validation icbhi_score: 0.5069584736251402
Validation roc_auc: None
Validation avg_accuracy: 0.33402968876582345
Validation one_indexed_epoch: 17
The validation tracker metric at 0.547631874298541 hasn't increased by 0 in 2 epochs
There is no such attribute
106/106 - 165s - loss: 0.0286 - accuracy: 0.9905 - 165s/epoch - 2s/step
Epoch 18/60
Validation cm: [[703 159   9  20]
 [310 266   1  12]
 [ 51  17   2  10]
 [ 85  37  11  23]]
Validation normalized_cm: [[0.789 0.178 0.01  0.022]
 [0.526 0.452 0.002 0.02 ]
 [0.637 0.212 0.025 0.125]
 [0.545 0.237 0.071 0.147]]
Validation acc: 0.5792540792540792
Validation class_accuracies: [0.7890011223344556, 0.45161290322580644, 0.025, 0.14743589743589744]
Validation sensitivity: 0.3527272727272727
Validation specificity: 0.7890011223344556
Validation icbhi_score: 0.5708641975308641
Validation roc_auc: None
Validation avg_accuracy: 0.3532624807490398
Validation one_indexed_epoch: 18
-- New best results were achieved. --
There is no such attribute
106/106 - 165s - loss: 0.0600 - accuracy: 0.9802 - 165s/epoch - 2s/step
Epoch 19/60
Validation cm: [[594 202  72  23]
 [304 250  31   4]
 [ 37   7  29   7]
 [ 63  33  49  11]]
Validation normalized_cm: [[0.667 0.227 0.081 0.026]
 [0.516 0.424 0.053 0.007]
 [0.463 0.087 0.362 0.087]
 [0.404 0.212 0.314 0.071]]
Validation acc: 0.5151515151515151
Validation class_accuracies: [0.6666666666666666, 0.4244482173174873, 0.3625, 0.07051282051282051]
Validation sensitivity: 0.3515151515151515
Validation specificity: 0.6666666666666666
Validation icbhi_score: 0.509090909090909
Validation roc_auc: None
Validation avg_accuracy: 0.38103192612424364
Validation one_indexed_epoch: 19
The validation tracker metric at 0.5708641975308641 hasn't increased by 0 in 1 epochs
There is no such attribute
106/106 - 164s - loss: 0.0381 - accuracy: 0.9876 - 164s/epoch - 2s/step
Epoch 20/60
Validation cm: [[672 115  56  48]
 [370 175  18  26]
 [ 43   4  15  18]
 [ 85  14  22  35]]
Validation normalized_cm: [[0.754 0.129 0.063 0.054]
 [0.628 0.297 0.031 0.044]
 [0.537 0.05  0.188 0.225]
 [0.545 0.09  0.141 0.224]]
Validation acc: 0.5227272727272727
Validation class_accuracies: [0.7542087542087542, 0.29711375212224106, 0.1875, 0.22435897435897437]
Validation sensitivity: 0.2727272727272727
Validation specificity: 0.7542087542087542
Validation icbhi_score: 0.5134680134680134
Validation roc_auc: None
Validation avg_accuracy: 0.3657953701724924
Validation one_indexed_epoch: 20
The validation tracker metric at 0.5708641975308641 hasn't increased by 0 in 2 epochs
There is no such attribute
106/106 - 165s - loss: 0.0430 - accuracy: 0.9858 - 165s/epoch - 2s/step
Epoch 21/60
Validation cm: [[553 172 159   7]
 [250 279  51   9]
 [ 33   9  38   0]
 [ 46  38  71   1]]
Validation normalized_cm: [[0.621 0.193 0.178 0.008]
 [0.424 0.474 0.087 0.015]
 [0.412 0.113 0.475 0.   ]
 [0.295 0.244 0.455 0.006]]
Validation acc: 0.5075757575757576
Validation class_accuracies: [0.6206509539842873, 0.47368421052631576, 0.475, 0.00641025641025641]
Validation sensitivity: 0.38545454545454544
Validation specificity: 0.6206509539842873
Validation icbhi_score: 0.5030527497194164
Validation roc_auc: None
Validation avg_accuracy: 0.39393635523021486
Validation one_indexed_epoch: 21
The validation tracker metric at 0.5708641975308641 hasn't increased by 0 in 3 epochs
Mel loss: <tf.Variable 'Variable:0' shape=() dtype=float32, numpy=0.5>
sinc loss: <tf.Variable 'Variable:0' shape=() dtype=float32, numpy=0.5>
There is no such attribute
106/106 - 166s - loss: 0.0341 - accuracy: 0.9886 - 166s/epoch - 2s/step
Epoch 22/60
Validation cm: [[406 252 123 110]
 [311 184  50  44]
 [ 25   8  18  29]
 [ 63  31  36  26]]
Validation normalized_cm: [[0.456 0.283 0.138 0.123]
 [0.528 0.312 0.085 0.075]
 [0.312 0.1   0.225 0.362]
 [0.404 0.199 0.231 0.167]]
Validation acc: 0.36946386946386944
Validation class_accuracies: [0.4556677890011223, 0.31239388794567063, 0.225, 0.16666666666666666]
Validation sensitivity: 0.27636363636363637
Validation specificity: 0.4556677890011223
Validation icbhi_score: 0.3660157126823793
Validation roc_auc: None
Validation avg_accuracy: 0.2899320859033649
Validation one_indexed_epoch: 22
The validation tracker metric at 0.5708641975308641 hasn't increased by 0 in 4 epochs
There is no such attribute
106/106 - 167s - loss: 0.0433 - accuracy: 0.9864 - 167s/epoch - 2s/step
Epoch 23/60
Validation cm: [[515 259  84  33]
 [254 301  29   5]
 [ 29  22  17  12]
 [ 50  49  36  21]]
Validation normalized_cm: [[0.578 0.291 0.094 0.037]
 [0.431 0.511 0.049 0.008]
 [0.362 0.275 0.212 0.15 ]
 [0.321 0.314 0.231 0.135]]
Validation acc: 0.4976689976689977
Validation class_accuracies: [0.5780022446689114, 0.5110356536502547, 0.2125, 0.1346153846153846]
Validation sensitivity: 0.4109090909090909
Validation specificity: 0.5780022446689114
Validation icbhi_score: 0.49445566778900113
Validation roc_auc: None
Validation avg_accuracy: 0.3590383207336376
Validation one_indexed_epoch: 23
The validation tracker metric at 0.5708641975308641 hasn't increased by 0 in 5 epochs
Lr has been adjusted to 0.0005000000237487257
There is no such attribute
106/106 - 167s - loss: 0.0335 - accuracy: 0.9895 - 167s/epoch - 2s/step
Epoch 24/60
Validation cm: [[453 322  73  43]
 [164 402  13  10]
 [ 29  20  19  12]
 [ 33  73  27  23]]
Validation normalized_cm: [[0.508 0.361 0.082 0.048]
 [0.278 0.683 0.022 0.017]
 [0.362 0.25  0.237 0.15 ]
 [0.212 0.468 0.173 0.147]]
Validation acc: 0.5227272727272727
Validation class_accuracies: [0.5084175084175084, 0.6825127334465195, 0.2375, 0.14743589743589744]
Validation sensitivity: 0.5381818181818182
Validation specificity: 0.5084175084175084
Validation icbhi_score: 0.5232996632996634
Validation roc_auc: None
Validation avg_accuracy: 0.39396653482498134
Validation one_indexed_epoch: 24
The validation tracker metric at 0.5708641975308641 hasn't increased by 0 in 6 epochs
There is no such attribute
106/106 - 169s - loss: 0.0153 - accuracy: 0.9954 - 169s/epoch - 2s/step
Epoch 25/60
Validation cm: [[619 149  79  44]
 [331 225  18  15]
 [ 33   7  27  13]
 [ 65  35  32  24]]
Validation normalized_cm: [[0.695 0.167 0.089 0.049]
 [0.562 0.382 0.031 0.025]
 [0.412 0.087 0.338 0.163]
 [0.417 0.224 0.205 0.154]]
Validation acc: 0.5215617715617715
Validation class_accuracies: [0.6947250280583613, 0.38200339558573854, 0.3375, 0.15384615384615385]
Validation sensitivity: 0.33454545454545453
Validation specificity: 0.6947250280583613
Validation icbhi_score: 0.514635241301908
Validation roc_auc: None
Validation avg_accuracy: 0.3920186443725634
Validation one_indexed_epoch: 25
The validation tracker metric at 0.5708641975308641 hasn't increased by 0 in 7 epochs
There is no such attribute
106/106 - 169s - loss: 0.0047 - accuracy: 0.9990 - 169s/epoch - 2s/step
Epoch 26/60
Validation cm: [[318 432  48  93]
 [177 395   9   8]
 [ 15  34  13  18]
 [ 27  79  23  27]]
Validation normalized_cm: [[0.357 0.485 0.054 0.104]
 [0.301 0.671 0.015 0.014]
 [0.188 0.425 0.163 0.225]
 [0.173 0.506 0.147 0.173]]
Validation acc: 0.4388111888111888
Validation class_accuracies: [0.3569023569023569, 0.6706281833616299, 0.1625, 0.17307692307692307]
Validation sensitivity: 0.5272727272727272
Validation specificity: 0.3569023569023569
Validation icbhi_score: 0.4420875420875421
Validation roc_auc: None
Validation avg_accuracy: 0.3407768658352275
Validation one_indexed_epoch: 26
The validation tracker metric at 0.5708641975308641 hasn't increased by 0 in 8 epochs
There is no such attribute
106/106 - 168s - loss: 0.0059 - accuracy: 0.9981 - 168s/epoch - 2s/step
Epoch 27/60
Validation cm: [[451 311  58  71]
 [165 395  18  11]
 [ 20  24  15  21]
 [ 36  64  26  30]]
Validation normalized_cm: [[0.506 0.349 0.065 0.08 ]
 [0.28  0.671 0.031 0.019]
 [0.25  0.3   0.188 0.263]
 [0.231 0.41  0.167 0.192]]
Validation acc: 0.5192307692307693
Validation class_accuracies: [0.5061728395061729, 0.6706281833616299, 0.1875, 0.19230769230769232]
Validation sensitivity: 0.5333333333333333
Validation specificity: 0.5061728395061729
Validation icbhi_score: 0.519753086419753
Validation roc_auc: None
Validation avg_accuracy: 0.38915217879387376
Validation one_indexed_epoch: 27
The validation tracker metric at 0.5708641975308641 hasn't increased by 0 in 9 epochs
There is no such attribute
106/106 - 166s - loss: 0.0030 - accuracy: 0.9991 - 166s/epoch - 2s/step
Epoch 28/60
Validation cm: [[497 296  33  65]
 [213 349  17  10]
 [ 25  21  11  23]
 [ 38  64  20  34]]
Validation normalized_cm: [[0.558 0.332 0.037 0.073]
 [0.362 0.593 0.029 0.017]
 [0.312 0.263 0.138 0.287]
 [0.244 0.41  0.128 0.218]]
Validation acc: 0.5192307692307693
Validation class_accuracies: [0.5578002244668911, 0.5925297113752123, 0.1375, 0.21794871794871795]
Validation sensitivity: 0.4775757575757576
Validation specificity: 0.5578002244668911
Validation icbhi_score: 0.5176879910213243
Validation roc_auc: None
Validation avg_accuracy: 0.37644466344770533
Validation one_indexed_epoch: 28
The validation tracker metric at 0.5708641975308641 hasn't increased by 0 in 10 epochs
Lr has been adjusted to 0.0002500000118743628
There is no such attribute
106/106 - 167s - loss: 0.0027 - accuracy: 0.9991 - 167s/epoch - 2s/step
Epoch 29/60
Validation cm: [[448 324  55  64]
 [145 421  16   7]
 [ 23  20  18  19]
 [ 28  78  30  20]]
Validation normalized_cm: [[0.503 0.364 0.062 0.072]
 [0.246 0.715 0.027 0.012]
 [0.287 0.25  0.225 0.237]
 [0.179 0.5   0.192 0.128]]
Validation acc: 0.5285547785547785
Validation class_accuracies: [0.5028058361391695, 0.7147707979626485, 0.225, 0.1282051282051282]
Validation sensitivity: 0.5563636363636364
Validation specificity: 0.5028058361391695
Validation icbhi_score: 0.529584736251403
Validation roc_auc: None
Validation avg_accuracy: 0.39269544057673655
Validation one_indexed_epoch: 29
The validation tracker metric at 0.5708641975308641 hasn't increased by 0 in 11 epochs
There is no such attribute
106/106 - 168s - loss: 0.0030 - accuracy: 0.9993 - 168s/epoch - 2s/step
Epoch 30/60
Validation cm: [[538 257  47  49]
 [207 353  21   8]
 [ 30  14  15  21]
 [ 37  58  32  29]]
Validation normalized_cm: [[0.604 0.288 0.053 0.055]
 [0.351 0.599 0.036 0.014]
 [0.375 0.175 0.188 0.263]
 [0.237 0.372 0.205 0.186]]
Validation acc: 0.5448717948717948
Validation class_accuracies: [0.6038159371492705, 0.599320882852292, 0.1875, 0.1858974358974359]
Validation sensitivity: 0.4812121212121212
Validation specificity: 0.6038159371492705
Validation icbhi_score: 0.5425140291806958
Validation roc_auc: None
Validation avg_accuracy: 0.3941335639747496
Validation one_indexed_epoch: 30
The validation tracker metric at 0.5708641975308641 hasn't increased by 0 in 12 epochs
There is no such attribute
106/106 - 168s - loss: 0.0028 - accuracy: 0.9990 - 168s/epoch - 2s/step
Epoch 31/60
Validation cm: [[462 312  69  48]
 [149 408  23   9]
 [ 25  19  18  18]
 [ 32  68  38  18]]
Validation normalized_cm: [[0.519 0.35  0.077 0.054]
 [0.253 0.693 0.039 0.015]
 [0.312 0.237 0.225 0.225]
 [0.205 0.436 0.244 0.115]]
Validation acc: 0.527972027972028
Validation class_accuracies: [0.5185185185185185, 0.6926994906621392, 0.225, 0.11538461538461539]
Validation sensitivity: 0.5381818181818182
Validation specificity: 0.5185185185185185
Validation icbhi_score: 0.5283501683501683
Validation roc_auc: None
Validation avg_accuracy: 0.3879006561413183
Validation one_indexed_epoch: 31
The validation tracker metric at 0.5708641975308641 hasn't increased by 0 in 13 epochs
Mel loss: <tf.Variable 'Variable:0' shape=() dtype=float32, numpy=0.5>
sinc loss: <tf.Variable 'Variable:0' shape=() dtype=float32, numpy=0.5>
There is no such attribute
106/106 - 168s - loss: 0.0021 - accuracy: 0.9994 - 168s/epoch - 2s/step
Epoch 32/60
Validation cm: [[545 225  55  66]
 [192 353  22  22]
 [ 30  13  15  22]
 [ 46  50  35  25]]
Validation normalized_cm: [[0.612 0.253 0.062 0.074]
 [0.326 0.599 0.037 0.037]
 [0.375 0.163 0.188 0.275]
 [0.295 0.321 0.224 0.16 ]]
Validation acc: 0.5466200466200466
Validation class_accuracies: [0.611672278338945, 0.599320882852292, 0.1875, 0.16025641025641027]
Validation sensitivity: 0.4763636363636364
Validation specificity: 0.611672278338945
Validation icbhi_score: 0.5440179573512907
Validation roc_auc: None
Validation avg_accuracy: 0.38968739286191184
Validation one_indexed_epoch: 32
The validation tracker metric at 0.5708641975308641 hasn't increased by 0 in 14 epochs
There is no such attribute
106/106 - 169s - loss: 0.0021 - accuracy: 0.9993 - 169s/epoch - 2s/step
Epoch 33/60
Validation cm: [[439 330  62  60]
 [139 412  25  13]
 [ 22  21  17  20]
 [ 31  68  36  21]]
Validation normalized_cm: [[0.493 0.37  0.07  0.067]
 [0.236 0.699 0.042 0.022]
 [0.275 0.263 0.212 0.25 ]
 [0.199 0.436 0.231 0.135]]
Validation acc: 0.5180652680652681
Validation class_accuracies: [0.49270482603815935, 0.6994906621392191, 0.2125, 0.1346153846153846]
Validation sensitivity: 0.5454545454545454
Validation specificity: 0.49270482603815935
Validation icbhi_score: 0.5190796857463524
Validation roc_auc: None
Validation avg_accuracy: 0.3848277181981907
Validation one_indexed_epoch: 33
The validation tracker metric at 0.5708641975308641 hasn't increased by 0 in 15 epochs
Lr has been adjusted to 0.0001250000059371814
There is no such attribute
106/106 - 168s - loss: 0.0016 - accuracy: 0.9997 - 168s/epoch - 2s/step
Epoch 34/60
Validation cm: [[511 289  49  42]
 [200 366  15   8]
 [ 23  19  17  21]
 [ 36  69  26  25]]
Validation normalized_cm: [[0.574 0.324 0.055 0.047]
 [0.34  0.621 0.025 0.014]
 [0.287 0.237 0.212 0.263]
 [0.231 0.442 0.167 0.16 ]]
Validation acc: 0.5355477855477856
Validation class_accuracies: [0.5735129068462402, 0.6213921901528013, 0.2125, 0.16025641025641027]
Validation sensitivity: 0.49454545454545457
Validation specificity: 0.5735129068462402
Validation icbhi_score: 0.5340291806958474
Validation roc_auc: None
Validation avg_accuracy: 0.39191537681386296
Validation one_indexed_epoch: 34
The validation tracker metric at 0.5708641975308641 hasn't increased by 0 in 16 epochs
There is no such attribute
106/106 - 169s - loss: 0.0010 - accuracy: 0.9999 - 169s/epoch - 2s/step
Epoch 35/60
Validation cm: [[431 370  43  47]
 [146 421  16   6]
 [ 23  23  18  16]
 [ 28  82  25  21]]
Validation normalized_cm: [[0.484 0.415 0.048 0.053]
 [0.248 0.715 0.027 0.01 ]
 [0.287 0.287 0.225 0.2  ]
 [0.179 0.526 0.16  0.135]]
Validation acc: 0.5192307692307693
Validation class_accuracies: [0.4837261503928171, 0.7147707979626485, 0.225, 0.1346153846153846]
Validation sensitivity: 0.5575757575757576
Validation specificity: 0.4837261503928171
Validation icbhi_score: 0.5206509539842874
Validation roc_auc: None
Validation avg_accuracy: 0.3895280832427126
Validation one_indexed_epoch: 35
The validation tracker metric at 0.5708641975308641 hasn't increased by 0 in 17 epochs
There is no such attribute
106/106 - 170s - loss: 0.0012 - accuracy: 0.9999 - 170s/epoch - 2s/step
Epoch 36/60
Validation cm: [[465 335  47  44]
 [156 412  15   6]
 [ 23  22  18  17]
 [ 32  81  23  20]]
Validation normalized_cm: [[0.522 0.376 0.053 0.049]
 [0.265 0.699 0.025 0.01 ]
 [0.287 0.275 0.225 0.212]
 [0.205 0.519 0.147 0.128]]
Validation acc: 0.5332167832167832
Validation class_accuracies: [0.5218855218855218, 0.6994906621392191, 0.225, 0.1282051282051282]
Validation sensitivity: 0.5454545454545454
Validation specificity: 0.5218855218855218
Validation icbhi_score: 0.5336700336700336
Validation roc_auc: None
Validation avg_accuracy: 0.3936453280574673
Validation one_indexed_epoch: 36
The validation tracker metric at 0.5708641975308641 hasn't increased by 0 in 18 epochs
There is no such attribute
106/106 - 171s - loss: 7.3254e-04 - accuracy: 0.9999 - 171s/epoch - 2s/step
Epoch 37/60
Validation cm: [[515 282  45  49]
 [193 371  14  11]
 [ 26  19  13  22]
 [ 38  65  25  28]]
Validation normalized_cm: [[0.578 0.316 0.051 0.055]
 [0.328 0.63  0.024 0.019]
 [0.325 0.237 0.163 0.275]
 [0.244 0.417 0.16  0.179]]
Validation acc: 0.5402097902097902
Validation class_accuracies: [0.5780022446689114, 0.629881154499151, 0.1625, 0.1794871794871795]
Validation sensitivity: 0.4993939393939394
Validation specificity: 0.5780022446689114
Validation icbhi_score: 0.5386980920314254
Validation roc_auc: None
Validation avg_accuracy: 0.3874676446638105
Validation one_indexed_epoch: 37
The validation tracker metric at 0.5708641975308641 hasn't increased by 0 in 19 epochs
There is no such attribute
106/106 - 172s - loss: 6.2173e-04 - accuracy: 0.9997 - 172s/epoch - 2s/step
Epoch 38/60
Validation cm: [[491 312  40  48]
 [206 365  12   6]
 [ 25  22  15  18]
 [ 37  70  23  26]]
Validation normalized_cm: [[0.551 0.35  0.045 0.054]
 [0.35  0.62  0.02  0.01 ]
 [0.312 0.275 0.188 0.225]
 [0.237 0.449 0.147 0.167]]
Validation acc: 0.5227272727272727
Validation class_accuracies: [0.5510662177328844, 0.6196943972835314, 0.1875, 0.16666666666666666]
Validation sensitivity: 0.4921212121212121
Validation specificity: 0.5510662177328844
Validation icbhi_score: 0.5215937149270483
Validation roc_auc: None
Validation avg_accuracy: 0.38123182042077064
Validation one_indexed_epoch: 38
The validation tracker metric at 0.5708641975308641 hasn't increased by 0 in 20 epochs
Lr has been adjusted to 6.25000029685907e-05
There is no such attribute
106/106 - 171s - loss: 0.0015 - accuracy: 0.9994 - 171s/epoch - 2s/step
Epoch 39/60
Validation cm: [[512 292  41  46]
 [203 366  13   7]
 [ 24  20  16  20]
 [ 39  69  21  27]]
Validation normalized_cm: [[0.575 0.328 0.046 0.052]
 [0.345 0.621 0.022 0.012]
 [0.3   0.25  0.2   0.25 ]
 [0.25  0.442 0.135 0.173]]
Validation acc: 0.5367132867132867
Validation class_accuracies: [0.574635241301908, 0.6213921901528013, 0.2, 0.17307692307692307]
Validation sensitivity: 0.49575757575757573
Validation specificity: 0.574635241301908
Validation icbhi_score: 0.5351964085297418
Validation roc_auc: None
Validation avg_accuracy: 0.3922760886329081
Validation one_indexed_epoch: 39
The validation tracker metric at 0.5708641975308641 hasn't increased by 0 in 21 epochs
There is no such attribute
106/106 - 171s - loss: 5.7966e-04 - accuracy: 1.0000 - 171s/epoch - 2s/step
Epoch 40/60
Validation cm: [[519 281  38  53]
 [208 357  16   8]
 [ 28  18  15  19]
 [ 40  66  20  30]]
Validation normalized_cm: [[0.582 0.315 0.043 0.059]
 [0.353 0.606 0.027 0.014]
 [0.35  0.225 0.188 0.237]
 [0.256 0.423 0.128 0.192]]
Validation acc: 0.5367132867132867
Validation class_accuracies: [0.5824915824915825, 0.6061120543293718, 0.1875, 0.19230769230769232]
Validation sensitivity: 0.48727272727272725
Validation specificity: 0.5824915824915825
Validation icbhi_score: 0.5348821548821548
Validation roc_auc: None
Validation avg_accuracy: 0.39210283228216164
Validation one_indexed_epoch: 40
The validation tracker metric at 0.5708641975308641 hasn't increased by 0 in 22 epochs
There is no such attribute
106/106 - 171s - loss: 0.0015 - accuracy: 0.9997 - 171s/epoch - 2s/step
Epoch 41/60
Validation cm: [[504 293  46  48]
 [191 377  13   8]
 [ 24  20  16  20]
 [ 38  70  23  25]]
Validation normalized_cm: [[0.566 0.329 0.052 0.054]
 [0.324 0.64  0.022 0.014]
 [0.3   0.25  0.2   0.25 ]
 [0.244 0.449 0.147 0.16 ]]
Validation acc: 0.5372960372960373
Validation class_accuracies: [0.5656565656565656, 0.6400679117147708, 0.2, 0.16025641025641027]
Validation sensitivity: 0.5066666666666667
Validation specificity: 0.5656565656565656
Validation icbhi_score: 0.5361616161616162
Validation roc_auc: None
Validation avg_accuracy: 0.3914952219069367
Validation one_indexed_epoch: 41
The validation tracker metric at 0.5708641975308641 hasn't increased by 0 in 23 epochs
There is no such attribute
106/106 - 168s - loss: 9.3526e-04 - accuracy: 0.9999 - 168s/epoch - 2s/step
Epoch 42/60
Validation cm: [[437 359  48  47]
 [158 410  15   6]
 [ 20  24  17  19]
 [ 30  78  29  19]]
Validation normalized_cm: [[0.49  0.403 0.054 0.053]
 [0.268 0.696 0.025 0.01 ]
 [0.25  0.3   0.212 0.237]
 [0.192 0.5   0.186 0.122]]
Validation acc: 0.5145687645687645
Validation class_accuracies: [0.4904601571268238, 0.6960950764006791, 0.2125, 0.12179487179487179]
Validation sensitivity: 0.5406060606060606
Validation specificity: 0.4904601571268238
Validation icbhi_score: 0.5155331088664422
Validation roc_auc: None
Validation avg_accuracy: 0.38021252633059366
Validation one_indexed_epoch: 42
The validation tracker metric at 0.5708641975308641 hasn't increased by 0 in 24 epochs
There is no such attribute
106/106 - 170s - loss: 8.8778e-04 - accuracy: 0.9999 - 170s/epoch - 2s/step
Epoch 43/60
Validation cm: [[490 305  47  49]
 [180 384  16   9]
 [ 23  20  16  21]
 [ 34  70  24  28]]
Validation normalized_cm: [[0.55  0.342 0.053 0.055]
 [0.306 0.652 0.027 0.015]
 [0.287 0.25  0.2   0.263]
 [0.218 0.449 0.154 0.179]]
Validation acc: 0.534965034965035
Validation class_accuracies: [0.5499438832772167, 0.6519524617996605, 0.2, 0.1794871794871795]
Validation sensitivity: 0.5187878787878788
Validation specificity: 0.5499438832772167
Validation icbhi_score: 0.5343658810325478
Validation roc_auc: None
Validation avg_accuracy: 0.39534588114101415
Validation one_indexed_epoch: 43
The number of epochs since last 1% equals the patience
Lr has been adjusted to 3.125000148429535e-05
There is no such attribute
106/106 - 173s - loss: 0.0016 - accuracy: 0.9996 - 173s/epoch - 2s/step
----------------------------------
The best metrics for this job are: 

Best icbhi_score: 0.5708641975308641
Best cm: [[703 159   9  20]
 [310 266   1  12]
 [ 51  17   2  10]
 [ 85  37  11  23]]
Best normalized_cm: [[0.789 0.178 0.01  0.022]
 [0.526 0.452 0.002 0.02 ]
 [0.637 0.212 0.025 0.125]
 [0.545 0.237 0.071 0.147]]
Best acc: 0.5792540792540792
Best class_accuracies: [0.7890011223344556, 0.45161290322580644, 0.025, 0.14743589743589744]
Best sensitivity: 0.3527272727272727
Best specificity: 0.7890011223344556
Best roc_auc: None
Best avg_accuracy: 0.3532624807490398
Best one_indexed_epoch: 18
icbhi_score
model
cm
normalized_cm
acc
class_accuracies
sensitivity
specificity
roc_auc
avg_accuracy
one_indexed_epoch
{'loss': [0.9624791741371155, 0.5425466895103455, 0.34595033526420593, 0.25342491269111633, 0.1696406453847885, 0.11925637722015381, 0.13883815705776215, 0.09629910439252853, 0.0723644345998764, 0.07333794981241226, 0.053691402077674866, 0.08480964601039886, 0.06236489117145538, 0.06001801788806915, 0.054276663810014725, 0.048622310161590576, 0.028554454445838928, 0.05998030677437782, 0.03808225691318512, 0.04301256686449051, 0.03412654623389244, 0.04330642521381378, 0.033516958355903625, 0.015332324430346489, 0.004690486937761307, 0.00586268026381731, 0.0029901277739554644, 0.002712863264605403, 0.0030427882447838783, 0.002842662390321493, 0.0020803268998861313, 0.002148327650502324, 0.001553884008899331, 0.0010290007339790463, 0.0012046016054227948, 0.0007325386395677924, 0.0006217336049303412, 0.0015221248613670468, 0.000579657731577754, 0.001500789076089859, 0.000935262767598033, 0.0008877751533873379, 0.001601717434823513], 'accuracy': [0.5884092450141907, 0.783560037612915, 0.8678296804428101, 0.9090774655342102, 0.9411590695381165, 0.9583086967468262, 0.950916588306427, 0.9651094079017639, 0.9747191071510315, 0.9736841917037964, 0.9818155169487, 0.9717622995376587, 0.977823793888092, 0.9822590351104736, 0.9855115413665771, 0.9847723245620728, 0.9905381202697754, 0.9801892638206482, 0.9875813126564026, 0.9858072400093079, 0.9886162281036377, 0.9863985776901245, 0.9895032644271851, 0.9954169392585754, 0.9989650845527649, 0.9980780482292175, 0.9991129636764526, 0.9991129636764526, 0.9992607831954956, 0.9989650845527649, 0.9994086623191833, 0.9992607831954956, 0.9997043013572693, 0.999852180480957, 0.999852180480957, 0.999852180480957, 0.9997043013572693, 0.9994086623191833, 1.0, 0.9997043013572693, 0.999852180480957, 0.999852180480957, 0.9995564818382263]}
Job dir: ../cache/cw/train134/2
Job id is 3.
