Tensorflow Version: 2.8.0
Num GPUs Available:  1
Collecting Variables...
All variables have been collected.
../cache/
cw
train135
Description:  debugging, mel, no normalizing, 1 optimizer w adaptive lr, overlap threshold = 0.15, 4 one hot encoder, softmax, oversampling, no spectral loss
-----------------------
Job id is 1.
Job dir: ../cache/cw/train135/1
- Loading Icbhi.
725 Icbhi audios have been loaded.
- Preparing Icbhi.
112 Icbhi groups of audio chunks (by filename or patients) have been prepared.
--- Samples are being split into training/val groups and de-grouped by patient ---
Job id is 2.
lengths
4349
1716
1691
1691
1691
1691
-----------------------
--- Final training dataset went from 0 to 6764 elements, with 0 none's, 0 crakles, 0 wheezes and 0 both ---
--- Final Validation dataset contains 1716 elements, with 0 none, 0 crackles, 0 wheezes and 0 both ---
Initializing weights...
Model: "leaf_model9_model_efnet1"
______________________________________________________________________________________________________________
 Layer (type)                                    Output Shape                                Param #          
==============================================================================================================
 mel_filterbanks (MelFilterbanks)                multiple                                    0                
                                                                                                              
 mel_filterbanks_1 (MelFilterbanks)              multiple                                    0 (unused)       
                                                                                                              
 sincnet (SincNet)                               multiple                                    0 (unused)       
                                                                                                              
 sequential (Sequential)                         (None, 4)                                   6580363          
                                                                                                              
==============================================================================================================
Total params: 6,580,525
Trainable params: 6,518,470
Non-trainable params: 62,055
______________________________________________________________________________________________________________
Target metric is icbhi_score
Epoch 1/60
WARNING:tensorflow:Gradients do not exist for variables ['kernel:0', 'Variable:0', 'Variable:0'] when minimizing the loss. If you're using `model.compile()`, did you forget to provide a `loss`argument?
WARNING:tensorflow:Gradients do not exist for variables ['kernel:0', 'Variable:0', 'Variable:0'] when minimizing the loss. If you're using `model.compile()`, did you forget to provide a `loss`argument?
WARNING:tensorflow:Gradients do not exist for variables ['kernel:0', 'Variable:0', 'Variable:0'] when minimizing the loss. If you're using `model.compile()`, did you forget to provide a `loss`argument?
WARNING:tensorflow:Gradients do not exist for variables ['kernel:0', 'Variable:0', 'Variable:0'] when minimizing the loss. If you're using `model.compile()`, did you forget to provide a `loss`argument?
Validation cm: [[886   0   3   2]
 [587   0   1   1]
 [ 76   0   1   3]
 [134   0  15   7]]
Validation normalized_cm: [[0.994 0.    0.003 0.002]
 [0.997 0.    0.002 0.002]
 [0.95  0.    0.013 0.037]
 [0.859 0.    0.096 0.045]]
Validation acc: 0.5209790209790209
Validation class_accuracies: [0.9943883277216611, 0.0, 0.0125, 0.04487179487179487]
Validation sensitivity: 0.009696969696969697
Validation specificity: 0.9943883277216611
Validation icbhi_score: 0.5020426487093154
Validation roc_auc: None
Validation avg_accuracy: 0.262940030648364
Validation one_indexed_epoch: 1
-- New best results were achieved. --
There is no such attribute
106/106 - 193s - loss: 0.9478 - accuracy: 0.5958 - 193s/epoch - 2s/step
Epoch 2/60
Validation cm: [[880   8   0   3]
 [572  16   0   1]
 [ 76   0   0   4]
 [142   5   0   9]]
Validation normalized_cm: [[0.988 0.009 0.    0.003]
 [0.971 0.027 0.    0.002]
 [0.95  0.    0.    0.05 ]
 [0.91  0.032 0.    0.058]]
Validation acc: 0.5273892773892774
Validation class_accuracies: [0.9876543209876543, 0.027164685908319185, 0.0, 0.057692307692307696]
Validation sensitivity: 0.030303030303030304
Validation specificity: 0.9876543209876543
Validation icbhi_score: 0.5089786756453423
Validation roc_auc: None
Validation avg_accuracy: 0.2681278286470703
Validation one_indexed_epoch: 2
-- New best results were achieved. --
There is no such attribute
106/106 - 169s - loss: 0.4276 - accuracy: 0.8355 - 169s/epoch - 2s/step
Epoch 3/60
Validation cm: [[878   3  10   0]
 [569  19   0   1]
 [ 73   0   6   1]
 [123   8  20   5]]
Validation normalized_cm: [[0.985 0.003 0.011 0.   ]
 [0.966 0.032 0.    0.002]
 [0.912 0.    0.075 0.013]
 [0.788 0.051 0.128 0.032]]
Validation acc: 0.5291375291375291
Validation class_accuracies: [0.9854096520763187, 0.03225806451612903, 0.075, 0.03205128205128205]
Validation sensitivity: 0.03636363636363636
Validation specificity: 0.9854096520763187
Validation icbhi_score: 0.5108866442199775
Validation roc_auc: None
Validation avg_accuracy: 0.2811797496609324
Validation one_indexed_epoch: 3
-- New best results were achieved. --
There is no such attribute
106/106 - 169s - loss: 0.2016 - accuracy: 0.9265 - 169s/epoch - 2s/step
Epoch 4/60
Validation cm: [[805  32   1  53]
 [486  48   0  55]
 [ 51   3   2  24]
 [106   8   2  40]]
Validation normalized_cm: [[0.903 0.036 0.001 0.059]
 [0.825 0.081 0.    0.093]
 [0.637 0.037 0.025 0.3  ]
 [0.679 0.051 0.013 0.256]]
Validation acc: 0.5215617715617715
Validation class_accuracies: [0.9034792368125701, 0.08149405772495756, 0.025, 0.2564102564102564]
Validation sensitivity: 0.10909090909090909
Validation specificity: 0.9034792368125701
Validation icbhi_score: 0.5062850729517396
Validation roc_auc: None
Validation avg_accuracy: 0.316595887736946
Validation one_indexed_epoch: 4
The validation tracker metric at 0.5108866442199775 hasn't increased by 0 in 1 epochs
There is no such attribute
106/106 - 170s - loss: 0.1285 - accuracy: 0.9586 - 170s/epoch - 2s/step
Epoch 5/60
Validation cm: [[846  29   4  12]
 [549  35   0   5]
 [ 67   4   4   5]
 [125   8   3  20]]
Validation normalized_cm: [[0.949 0.033 0.004 0.013]
 [0.932 0.059 0.    0.008]
 [0.838 0.05  0.05  0.062]
 [0.801 0.051 0.019 0.128]]
Validation acc: 0.5273892773892774
Validation class_accuracies: [0.9494949494949495, 0.059422750424448216, 0.05, 0.1282051282051282]
Validation sensitivity: 0.07151515151515152
Validation specificity: 0.9494949494949495
Validation icbhi_score: 0.5105050505050505
Validation roc_auc: None
Validation avg_accuracy: 0.29678070703113146
Validation one_indexed_epoch: 5
The validation tracker metric at 0.5108866442199775 hasn't increased by 0 in 2 epochs
There is no such attribute
106/106 - 170s - loss: 0.0761 - accuracy: 0.9768 - 170s/epoch - 2s/step
Epoch 6/60
Validation cm: [[708 152   5  26]
 [459 121   3   6]
 [ 46  16   7  11]
 [ 90  37  12  17]]
Validation normalized_cm: [[0.795 0.171 0.006 0.029]
 [0.779 0.205 0.005 0.01 ]
 [0.575 0.2   0.087 0.138]
 [0.577 0.237 0.077 0.109]]
Validation acc: 0.4970862470862471
Validation class_accuracies: [0.7946127946127947, 0.20543293718166383, 0.0875, 0.10897435897435898]
Validation sensitivity: 0.17575757575757575
Validation specificity: 0.7946127946127947
Validation icbhi_score: 0.4851851851851852
Validation roc_auc: None
Validation avg_accuracy: 0.29913002269220434
Validation one_indexed_epoch: 6
The validation tracker metric at 0.5108866442199775 hasn't increased by 0 in 3 epochs
There is no such attribute
106/106 - 170s - loss: 0.0518 - accuracy: 0.9845 - 170s/epoch - 2s/step
Epoch 7/60
Validation cm: [[512 276  58  45]
 [224 354   7   4]
 [ 23  24  14  19]
 [ 28  77  20  31]]
Validation normalized_cm: [[0.575 0.31  0.065 0.051]
 [0.38  0.601 0.012 0.007]
 [0.287 0.3   0.175 0.237]
 [0.179 0.494 0.128 0.199]]
Validation acc: 0.5308857808857809
Validation class_accuracies: [0.574635241301908, 0.601018675721562, 0.175, 0.1987179487179487]
Validation sensitivity: 0.48363636363636364
Validation specificity: 0.574635241301908
Validation icbhi_score: 0.5291358024691358
Validation roc_auc: None
Validation avg_accuracy: 0.3873429664353547
Validation one_indexed_epoch: 7
-- New best results were achieved. --
There is no such attribute
106/106 - 170s - loss: 0.0409 - accuracy: 0.9879 - 170s/epoch - 2s/step
Epoch 8/60
Validation cm: [[330 389  76  96]
 [ 97 448  18  26]
 [ 11  27  14  28]
 [ 16  91  12  37]]
Validation normalized_cm: [[0.37  0.437 0.085 0.108]
 [0.165 0.761 0.031 0.044]
 [0.138 0.338 0.175 0.35 ]
 [0.103 0.583 0.077 0.237]]
Validation acc: 0.4831002331002331
Validation class_accuracies: [0.37037037037037035, 0.7606112054329371, 0.175, 0.23717948717948717]
Validation sensitivity: 0.6048484848484849
Validation specificity: 0.37037037037037035
Validation icbhi_score: 0.4876094276094276
Validation roc_auc: None
Validation avg_accuracy: 0.3857902657456987
Validation one_indexed_epoch: 8
The validation tracker metric at 0.5291358024691358 hasn't increased by 0 in 1 epochs
There is no such attribute
106/106 - 171s - loss: 0.0366 - accuracy: 0.9889 - 171s/epoch - 2s/step
Epoch 9/60
Validation cm: [[402 329  78  82]
 [110 439  26  14]
 [ 24  15  15  26]
 [ 32  61  32  31]]
Validation normalized_cm: [[0.451 0.369 0.088 0.092]
 [0.187 0.745 0.044 0.024]
 [0.3   0.188 0.188 0.325]
 [0.205 0.391 0.205 0.199]]
Validation acc: 0.5168997668997669
Validation class_accuracies: [0.4511784511784512, 0.7453310696095077, 0.1875, 0.1987179487179487]
Validation sensitivity: 0.5878787878787879
Validation specificity: 0.4511784511784512
Validation icbhi_score: 0.5195286195286195
Validation roc_auc: None
Validation avg_accuracy: 0.39568186737647687
Validation one_indexed_epoch: 9
The validation tracker metric at 0.5291358024691358 hasn't increased by 0 in 2 epochs
There is no such attribute
106/106 - 171s - loss: 0.0307 - accuracy: 0.9905 - 171s/epoch - 2s/step
Epoch 10/60
Validation cm: [[337 354 154  46]
 [104 454  28   3]
 [  9  25  27  19]
 [ 19  73  42  22]]
Validation normalized_cm: [[0.378 0.397 0.173 0.052]
 [0.177 0.771 0.048 0.005]
 [0.113 0.312 0.338 0.237]
 [0.122 0.468 0.269 0.141]]
Validation acc: 0.48951048951048953
Validation class_accuracies: [0.3782267115600449, 0.7707979626485568, 0.3375, 0.14102564102564102]
Validation sensitivity: 0.6096969696969697
Validation specificity: 0.3782267115600449
Validation icbhi_score: 0.49396184062850734
Validation roc_auc: None
Validation avg_accuracy: 0.40688757880856063
Validation one_indexed_epoch: 10
The validation tracker metric at 0.5291358024691358 hasn't increased by 0 in 3 epochs
There is no such attribute
106/106 - 169s - loss: 0.0261 - accuracy: 0.9928 - 169s/epoch - 2s/step
Epoch 11/60
Validation cm: [[366 330  89 106]
 [121 418  20  30]
 [ 11  17  17  35]
 [ 20  58  21  57]]
Validation normalized_cm: [[0.411 0.37  0.1   0.119]
 [0.205 0.71  0.034 0.051]
 [0.138 0.212 0.212 0.438]
 [0.128 0.372 0.135 0.365]]
Validation acc: 0.5
Validation class_accuracies: [0.4107744107744108, 0.7096774193548387, 0.2125, 0.36538461538461536]
Validation sensitivity: 0.5963636363636363
Validation specificity: 0.4107744107744108
Validation icbhi_score: 0.5035690235690236
Validation roc_auc: None
Validation avg_accuracy: 0.4245841113784662
Validation one_indexed_epoch: 11
The validation tracker metric at 0.5291358024691358 hasn't increased by 0 in 4 epochs
Mel loss: <tf.Variable 'Variable:0' shape=() dtype=float32, numpy=0.5>
sinc loss: <tf.Variable 'Variable:0' shape=() dtype=float32, numpy=0.5>
There is no such attribute
106/106 - 169s - loss: 0.0259 - accuracy: 0.9928 - 169s/epoch - 2s/step
Epoch 12/60
Validation cm: [[582 205  73  31]
 [229 331  24   5]
 [ 25  14  22  19]
 [ 52  52  32  20]]
Validation normalized_cm: [[0.653 0.23  0.082 0.035]
 [0.389 0.562 0.041 0.008]
 [0.312 0.175 0.275 0.237]
 [0.333 0.333 0.205 0.128]]
Validation acc: 0.5565268065268065
Validation class_accuracies: [0.6531986531986532, 0.5619694397283531, 0.275, 0.1282051282051282]
Validation sensitivity: 0.45212121212121215
Validation specificity: 0.6531986531986532
Validation icbhi_score: 0.5526599326599326
Validation roc_auc: None
Validation avg_accuracy: 0.4045933052830336
Validation one_indexed_epoch: 12
-- New best results were achieved. --
There is no such attribute
106/106 - 169s - loss: 0.0256 - accuracy: 0.9916 - 169s/epoch - 2s/step
Epoch 13/60
Validation cm: [[302 413  99  77]
 [100 456  21  12]
 [ 14  23  27  16]
 [ 24  82  30  20]]
Validation normalized_cm: [[0.339 0.464 0.111 0.086]
 [0.17  0.774 0.036 0.02 ]
 [0.175 0.287 0.338 0.2  ]
 [0.154 0.526 0.192 0.128]]
Validation acc: 0.46911421911421913
Validation class_accuracies: [0.3389450056116723, 0.7741935483870968, 0.3375, 0.1282051282051282]
Validation sensitivity: 0.6096969696969697
Validation specificity: 0.3389450056116723
Validation icbhi_score: 0.474320987654321
Validation roc_auc: None
Validation avg_accuracy: 0.39471092055097434
Validation one_indexed_epoch: 13
The validation tracker metric at 0.5526599326599326 hasn't increased by 0 in 1 epochs
There is no such attribute
106/106 - 171s - loss: 0.0221 - accuracy: 0.9932 - 171s/epoch - 2s/step
Epoch 14/60
Validation cm: [[372 164 252 103]
 [203 259  88  39]
 [ 16   7  43  14]
 [ 26  21  70  39]]
Validation normalized_cm: [[0.418 0.184 0.283 0.116]
 [0.345 0.44  0.149 0.066]
 [0.2   0.087 0.537 0.175]
 [0.167 0.135 0.449 0.25 ]]
Validation acc: 0.4155011655011655
Validation class_accuracies: [0.4175084175084175, 0.4397283531409168, 0.5375, 0.25]
Validation sensitivity: 0.41333333333333333
Validation specificity: 0.4175084175084175
Validation icbhi_score: 0.4154208754208754
Validation roc_auc: None
Validation avg_accuracy: 0.4111841926623335
Validation one_indexed_epoch: 14
The validation tracker metric at 0.5526599326599326 hasn't increased by 0 in 2 epochs
There is no such attribute
106/106 - 171s - loss: 0.0148 - accuracy: 0.9963 - 171s/epoch - 2s/step
Epoch 15/60
Validation cm: [[443 196 199  53]
 [226 281  67  15]
 [ 19   5  41  15]
 [ 39  26  67  24]]
Validation normalized_cm: [[0.497 0.22  0.223 0.059]
 [0.384 0.477 0.114 0.025]
 [0.237 0.062 0.512 0.188]
 [0.25  0.167 0.429 0.154]]
Validation acc: 0.4597902097902098
Validation class_accuracies: [0.49719416386083054, 0.4770797962648557, 0.5125, 0.15384615384615385]
Validation sensitivity: 0.4193939393939394
Validation specificity: 0.49719416386083054
Validation icbhi_score: 0.45829405162738496
Validation roc_auc: None
Validation avg_accuracy: 0.41015502849296004
Validation one_indexed_epoch: 15
The validation tracker metric at 0.5526599326599326 hasn't increased by 0 in 3 epochs
There is no such attribute
106/106 - 171s - loss: 0.0182 - accuracy: 0.9950 - 171s/epoch - 2s/step
Epoch 16/60
Validation cm: [[587 161 118  25]
 [253 293  40   3]
 [ 27  12  28  13]
 [ 55  31  54  16]]
Validation normalized_cm: [[0.659 0.181 0.132 0.028]
 [0.43  0.497 0.068 0.005]
 [0.338 0.15  0.35  0.163]
 [0.353 0.199 0.346 0.103]]
Validation acc: 0.5384615384615384
Validation class_accuracies: [0.6588103254769921, 0.49745331069609505, 0.35, 0.10256410256410256]
Validation sensitivity: 0.4084848484848485
Validation specificity: 0.6588103254769921
Validation icbhi_score: 0.5336475869809203
Validation roc_auc: None
Validation avg_accuracy: 0.40220693468429747
Validation one_indexed_epoch: 16
The validation tracker metric at 0.5526599326599326 hasn't increased by 0 in 4 epochs
There is no such attribute
106/106 - 171s - loss: 0.0120 - accuracy: 0.9973 - 171s/epoch - 2s/step
Epoch 17/60
Validation cm: [[365 378  78  70]
 [102 465  13   9]
 [ 18  24  22  16]
 [ 21  84  26  25]]
Validation normalized_cm: [[0.41  0.424 0.088 0.079]
 [0.173 0.789 0.022 0.015]
 [0.225 0.3   0.275 0.2  ]
 [0.135 0.538 0.167 0.16 ]]
Validation acc: 0.5110722610722611
Validation class_accuracies: [0.409652076318743, 0.7894736842105263, 0.275, 0.16025641025641027]
Validation sensitivity: 0.6206060606060606
Validation specificity: 0.409652076318743
Validation icbhi_score: 0.5151290684624018
Validation roc_auc: None
Validation avg_accuracy: 0.4085955426964199
Validation one_indexed_epoch: 17
The validation tracker metric at 0.5526599326599326 hasn't increased by 0 in 5 epochs
There is no such attribute
106/106 - 172s - loss: 0.0129 - accuracy: 0.9963 - 172s/epoch - 2s/step
Epoch 18/60
Validation cm: [[330 391 109  61]
 [ 91 469  19  10]
 [ 12  24  25  19]
 [ 19  83  33  21]]
Validation normalized_cm: [[0.37  0.439 0.122 0.068]
 [0.154 0.796 0.032 0.017]
 [0.15  0.3   0.312 0.237]
 [0.122 0.532 0.212 0.135]]
Validation acc: 0.49242424242424243
Validation class_accuracies: [0.37037037037037035, 0.7962648556876061, 0.3125, 0.1346153846153846]
Validation sensitivity: 0.6242424242424243
Validation specificity: 0.37037037037037035
Validation icbhi_score: 0.4973063973063973
Validation roc_auc: None
Validation avg_accuracy: 0.40343765266834025
Validation one_indexed_epoch: 18
The validation tracker metric at 0.5526599326599326 hasn't increased by 0 in 6 epochs
There is no such attribute
106/106 - 172s - loss: 0.0118 - accuracy: 0.9966 - 172s/epoch - 2s/step
Epoch 19/60
Validation cm: [[355 356 111  69]
 [108 448  23  10]
 [ 20  14  30  16]
 [ 16  79  37  24]]
Validation normalized_cm: [[0.398 0.4   0.125 0.077]
 [0.183 0.761 0.039 0.017]
 [0.25  0.175 0.375 0.2  ]
 [0.103 0.506 0.237 0.154]]
Validation acc: 0.4994172494172494
Validation class_accuracies: [0.3984287317620651, 0.7606112054329371, 0.375, 0.15384615384615385]
Validation sensitivity: 0.6084848484848485
Validation specificity: 0.3984287317620651
Validation icbhi_score: 0.5034567901234568
Validation roc_auc: None
Validation avg_accuracy: 0.42197152276028904
Validation one_indexed_epoch: 19
The validation tracker metric at 0.5526599326599326 hasn't increased by 0 in 7 epochs
There is no such attribute
106/106 - 172s - loss: 0.0105 - accuracy: 0.9975 - 172s/epoch - 2s/step
Epoch 20/60
Validation cm: [[441 301  50  99]
 [136 420  22  11]
 [ 20  19  17  24]
 [ 34  60  25  37]]
Validation normalized_cm: [[0.495 0.338 0.056 0.111]
 [0.231 0.713 0.037 0.019]
 [0.25  0.237 0.212 0.3  ]
 [0.218 0.385 0.16  0.237]]
Validation acc: 0.5332167832167832
Validation class_accuracies: [0.494949494949495, 0.7130730050933786, 0.2125, 0.23717948717948717]
Validation sensitivity: 0.5745454545454546
Validation specificity: 0.494949494949495
Validation icbhi_score: 0.5347474747474747
Validation roc_auc: None
Validation avg_accuracy: 0.41442549680559015
Validation one_indexed_epoch: 20
The validation tracker metric at 0.5526599326599326 hasn't increased by 0 in 8 epochs
Lr has been adjusted to 0.0005000000237487257
There is no such attribute
106/106 - 171s - loss: 0.0111 - accuracy: 0.9967 - 171s/epoch - 2s/step
Epoch 21/60
Validation cm: [[477 268  85  61]
 [160 403  14  12]
 [ 24  16  23  17]
 [ 40  61  30  25]]
Validation normalized_cm: [[0.535 0.301 0.095 0.068]
 [0.272 0.684 0.024 0.02 ]
 [0.3   0.2   0.287 0.212]
 [0.256 0.391 0.192 0.16 ]]
Validation acc: 0.5407925407925408
Validation class_accuracies: [0.5353535353535354, 0.6842105263157895, 0.2875, 0.16025641025641027]
Validation sensitivity: 0.5466666666666666
Validation specificity: 0.5353535353535354
Validation icbhi_score: 0.5410101010101009
Validation roc_auc: None
Validation avg_accuracy: 0.4168301179814338
Validation one_indexed_epoch: 21
The validation tracker metric at 0.5526599326599326 hasn't increased by 0 in 9 epochs
Mel loss: <tf.Variable 'Variable:0' shape=() dtype=float32, numpy=0.5>
sinc loss: <tf.Variable 'Variable:0' shape=() dtype=float32, numpy=0.5>
There is no such attribute
106/106 - 171s - loss: 0.0116 - accuracy: 0.9960 - 171s/epoch - 2s/step
Epoch 22/60
Validation cm: [[498 241  85  67]
 [196 356  21  16]
 [ 26  14  26  14]
 [ 44  52  35  25]]
Validation normalized_cm: [[0.559 0.27  0.095 0.075]
 [0.333 0.604 0.036 0.027]
 [0.325 0.175 0.325 0.175]
 [0.282 0.333 0.224 0.16 ]]
Validation acc: 0.5273892773892774
Validation class_accuracies: [0.5589225589225589, 0.6044142614601019, 0.325, 0.16025641025641027]
Validation sensitivity: 0.49333333333333335
Validation specificity: 0.5589225589225589
Validation icbhi_score: 0.5261279461279461
Validation roc_auc: None
Validation avg_accuracy: 0.4121483076597678
Validation one_indexed_epoch: 22
The validation tracker metric at 0.5526599326599326 hasn't increased by 0 in 10 epochs
There is no such attribute
106/106 - 174s - loss: 0.0122 - accuracy: 0.9965 - 174s/epoch - 2s/step
Epoch 23/60
Validation cm: [[510 246  58  77]
 [193 361  21  14]
 [ 24  15  21  20]
 [ 48  50  33  25]]
Validation normalized_cm: [[0.572 0.276 0.065 0.086]
 [0.328 0.613 0.036 0.024]
 [0.3   0.188 0.263 0.25 ]
 [0.308 0.321 0.212 0.16 ]]
Validation acc: 0.5343822843822844
Validation class_accuracies: [0.5723905723905723, 0.6129032258064516, 0.2625, 0.16025641025641027]
Validation sensitivity: 0.49333333333333335
Validation specificity: 0.5723905723905723
Validation icbhi_score: 0.5328619528619528
Validation roc_auc: None
Validation avg_accuracy: 0.40201255211335857
Validation one_indexed_epoch: 23
The validation tracker metric at 0.5526599326599326 hasn't increased by 0 in 11 epochs
There is no such attribute
106/106 - 173s - loss: 0.0083 - accuracy: 0.9975 - 173s/epoch - 2s/step
Epoch 24/60
Validation cm: [[472 270  85  64]
 [164 392  20  13]
 [ 25  14  25  16]
 [ 39  57  37  23]]
Validation normalized_cm: [[0.53  0.303 0.095 0.072]
 [0.278 0.666 0.034 0.022]
 [0.312 0.175 0.312 0.2  ]
 [0.25  0.365 0.237 0.147]]
Validation acc: 0.5314685314685315
Validation class_accuracies: [0.5297418630751964, 0.66553480475382, 0.3125, 0.14743589743589744]
Validation sensitivity: 0.5333333333333333
Validation specificity: 0.5297418630751964
Validation icbhi_score: 0.5315375982042649
Validation roc_auc: None
Validation avg_accuracy: 0.4138031413162284
Validation one_indexed_epoch: 24
The validation tracker metric at 0.5526599326599326 hasn't increased by 0 in 12 epochs
There is no such attribute
106/106 - 174s - loss: 0.0101 - accuracy: 0.9972 - 174s/epoch - 2s/step
Epoch 25/60
Validation cm: [[476 279  66  70]
 [166 391  18  14]
 [ 23  16  18  23]
 [ 41  59  31  25]]
Validation normalized_cm: [[0.534 0.313 0.074 0.079]
 [0.282 0.664 0.031 0.024]
 [0.287 0.2   0.225 0.287]
 [0.263 0.378 0.199 0.16 ]]
Validation acc: 0.5303030303030303
Validation class_accuracies: [0.5342312008978676, 0.6638370118845501, 0.225, 0.16025641025641027]
Validation sensitivity: 0.526060606060606
Validation specificity: 0.5342312008978676
Validation icbhi_score: 0.5301459034792368
Validation roc_auc: None
Validation avg_accuracy: 0.395831155759707
Validation one_indexed_epoch: 25
The validation tracker metric at 0.5526599326599326 hasn't increased by 0 in 13 epochs
There is no such attribute
106/106 - 172s - loss: 0.0095 - accuracy: 0.9972 - 172s/epoch - 2s/step
Epoch 26/60
Validation cm: [[481 273  60  77]
 [183 372  20  14]
 [ 23  16  19  22]
 [ 38  57  33  28]]
Validation normalized_cm: [[0.54  0.306 0.067 0.086]
 [0.311 0.632 0.034 0.024]
 [0.287 0.2   0.237 0.275]
 [0.244 0.365 0.212 0.179]]
Validation acc: 0.5244755244755245
Validation class_accuracies: [0.5398428731762065, 0.631578947368421, 0.2375, 0.1794871794871795]
Validation sensitivity: 0.5078787878787879
Validation specificity: 0.5398428731762065
Validation icbhi_score: 0.5238608305274972
Validation roc_auc: None
Validation avg_accuracy: 0.39710225000795174
Validation one_indexed_epoch: 26
The validation tracker metric at 0.5526599326599326 hasn't increased by 0 in 14 epochs
There is no such attribute
106/106 - 172s - loss: 0.0079 - accuracy: 0.9979 - 172s/epoch - 2s/step
Epoch 27/60
Validation cm: [[470 291  57  73]
 [171 393  15  10]
 [ 22  19  19  20]
 [ 36  64  32  24]]
Validation normalized_cm: [[0.527 0.327 0.064 0.082]
 [0.29  0.667 0.025 0.017]
 [0.275 0.237 0.237 0.25 ]
 [0.231 0.41  0.205 0.154]]
Validation acc: 0.527972027972028
Validation class_accuracies: [0.5274971941638609, 0.66723259762309, 0.2375, 0.15384615384615385]
Validation sensitivity: 0.5284848484848484
Validation specificity: 0.5274971941638609
Validation icbhi_score: 0.5279910213243546
Validation roc_auc: None
Validation avg_accuracy: 0.3965189864082762
Validation one_indexed_epoch: 27
The validation tracker metric at 0.5526599326599326 hasn't increased by 0 in 15 epochs
There is no such attribute
106/106 - 170s - loss: 0.0079 - accuracy: 0.9973 - 170s/epoch - 2s/step
Epoch 28/60
Validation cm: [[431 336  54  70]
 [117 448  14  10]
 [ 22  19  17  22]
 [ 26  79  27  24]]
Validation normalized_cm: [[0.484 0.377 0.061 0.079]
 [0.199 0.761 0.024 0.017]
 [0.275 0.237 0.212 0.275]
 [0.167 0.506 0.173 0.154]]
Validation acc: 0.5361305361305362
Validation class_accuracies: [0.4837261503928171, 0.7606112054329371, 0.2125, 0.15384615384615385]
Validation sensitivity: 0.5927272727272728
Validation specificity: 0.4837261503928171
Validation icbhi_score: 0.538226711560045
Validation roc_auc: None
Validation avg_accuracy: 0.402670877417977
Validation one_indexed_epoch: 28
The validation tracker metric at 0.5526599326599326 hasn't increased by 0 in 16 epochs
Lr has been adjusted to 0.0002500000118743628
There is no such attribute
106/106 - 169s - loss: 0.0122 - accuracy: 0.9957 - 169s/epoch - 2s/step
Epoch 29/60
Validation cm: [[446 323  53  69]
 [134 425  19  11]
 [ 22  20  19  19]
 [ 29  72  29  26]]
Validation normalized_cm: [[0.501 0.363 0.059 0.077]
 [0.228 0.722 0.032 0.019]
 [0.275 0.25  0.237 0.237]
 [0.186 0.462 0.186 0.167]]
Validation acc: 0.5337995337995338
Validation class_accuracies: [0.500561167227834, 0.7215619694397284, 0.2375, 0.16666666666666666]
Validation sensitivity: 0.5696969696969697
Validation specificity: 0.500561167227834
Validation icbhi_score: 0.5351290684624018
Validation roc_auc: None
Validation avg_accuracy: 0.4065724508335573
Validation one_indexed_epoch: 29
The validation tracker metric at 0.5526599326599326 hasn't increased by 0 in 17 epochs
There is no such attribute
106/106 - 170s - loss: 0.0108 - accuracy: 0.9966 - 170s/epoch - 2s/step
Epoch 30/60
Validation cm: [[460 306  45  80]
 [158 402  14  15]
 [ 22  22  20  16]
 [ 33  69  25  29]]
Validation normalized_cm: [[0.516 0.343 0.051 0.09 ]
 [0.268 0.683 0.024 0.025]
 [0.275 0.275 0.25  0.2  ]
 [0.212 0.442 0.16  0.186]]
Validation acc: 0.5308857808857809
Validation class_accuracies: [0.5162738496071829, 0.6825127334465195, 0.25, 0.1858974358974359]
Validation sensitivity: 0.5466666666666666
Validation specificity: 0.5162738496071829
Validation icbhi_score: 0.5314702581369248
Validation roc_auc: None
Validation avg_accuracy: 0.40867100473778456
Validation one_indexed_epoch: 30
The validation tracker metric at 0.5526599326599326 hasn't increased by 0 in 18 epochs
There is no such attribute
106/106 - 171s - loss: 0.0108 - accuracy: 0.9967 - 171s/epoch - 2s/step
Epoch 31/60
Validation cm: [[475 289  51  76]
 [170 389  20  10]
 [ 22  19  19  20]
 [ 35  64  28  29]]
Validation normalized_cm: [[0.533 0.324 0.057 0.085]
 [0.289 0.66  0.034 0.017]
 [0.275 0.237 0.237 0.25 ]
 [0.224 0.41  0.179 0.186]]
Validation acc: 0.5314685314685315
Validation class_accuracies: [0.5331088664421998, 0.6604414261460102, 0.2375, 0.1858974358974359]
Validation sensitivity: 0.5296969696969697
Validation specificity: 0.5331088664421998
Validation icbhi_score: 0.5314029180695847
Validation roc_auc: None
Validation avg_accuracy: 0.4042369321214115
Validation one_indexed_epoch: 31
The validation tracker metric at 0.5526599326599326 hasn't increased by 0 in 19 epochs
Mel loss: <tf.Variable 'Variable:0' shape=() dtype=float32, numpy=0.5>
sinc loss: <tf.Variable 'Variable:0' shape=() dtype=float32, numpy=0.5>
There is no such attribute
106/106 - 173s - loss: 0.0086 - accuracy: 0.9972 - 173s/epoch - 2s/step
Epoch 32/60
Validation cm: [[465 295  55  76]
 [156 405  17  11]
 [ 22  20  19  19]
 [ 32  69  27  28]]
Validation normalized_cm: [[0.522 0.331 0.062 0.085]
 [0.265 0.688 0.029 0.019]
 [0.275 0.25  0.237 0.237]
 [0.205 0.442 0.173 0.179]]
Validation acc: 0.5343822843822844
Validation class_accuracies: [0.5218855218855218, 0.6876061120543294, 0.2375, 0.1794871794871795]
Validation sensitivity: 0.5478787878787879
Validation specificity: 0.5218855218855218
Validation icbhi_score: 0.5348821548821548
Validation roc_auc: None
Validation avg_accuracy: 0.4066197033567577
Validation one_indexed_epoch: 32
The validation tracker metric at 0.5526599326599326 hasn't increased by 0 in 20 epochs
There is no such attribute
106/106 - 174s - loss: 0.0078 - accuracy: 0.9979 - 174s/epoch - 2s/step
Epoch 33/60
Validation cm: [[442 322  51  76]
 [140 420  18  11]
 [ 22  19  20  19]
 [ 32  67  29  28]]
Validation normalized_cm: [[0.496 0.361 0.057 0.085]
 [0.238 0.713 0.031 0.019]
 [0.275 0.237 0.25  0.237]
 [0.205 0.429 0.186 0.179]]
Validation acc: 0.5303030303030303
Validation class_accuracies: [0.49607182940516276, 0.7130730050933786, 0.25, 0.1794871794871795]
Validation sensitivity: 0.5672727272727273
Validation specificity: 0.49607182940516276
Validation icbhi_score: 0.531672278338945
Validation roc_auc: None
Validation avg_accuracy: 0.4096580034964302
Validation one_indexed_epoch: 33
The validation tracker metric at 0.5526599326599326 hasn't increased by 0 in 21 epochs
There is no such attribute
106/106 - 173s - loss: 0.0079 - accuracy: 0.9975 - 173s/epoch - 2s/step
Epoch 34/60
Validation cm: [[458 310  50  73]
 [145 419  16   9]
 [ 21  20  19  20]
 [ 33  70  26  27]]
Validation normalized_cm: [[0.514 0.348 0.056 0.082]
 [0.246 0.711 0.027 0.015]
 [0.263 0.25  0.237 0.25 ]
 [0.212 0.449 0.167 0.173]]
Validation acc: 0.5378787878787878
Validation class_accuracies: [0.5140291806958474, 0.7113752122241087, 0.2375, 0.17307692307692307]
Validation sensitivity: 0.5636363636363636
Validation specificity: 0.5140291806958474
Validation icbhi_score: 0.5388327721661055
Validation roc_auc: None
Validation avg_accuracy: 0.4089953289992198
Validation one_indexed_epoch: 34
The validation tracker metric at 0.5526599326599326 hasn't increased by 0 in 22 epochs
There is no such attribute
106/106 - 174s - loss: 0.0096 - accuracy: 0.9975 - 174s/epoch - 2s/step
Epoch 35/60
Validation cm: [[471 300  48  72]
 [162 400  18   9]
 [ 21  21  20  18]
 [ 37  64  28  27]]
Validation normalized_cm: [[0.529 0.337 0.054 0.081]
 [0.275 0.679 0.031 0.015]
 [0.263 0.263 0.25  0.225]
 [0.237 0.41  0.179 0.173]]
Validation acc: 0.534965034965035
Validation class_accuracies: [0.5286195286195287, 0.6791171477079796, 0.25, 0.17307692307692307]
Validation sensitivity: 0.5418181818181819
Validation specificity: 0.5286195286195287
Validation icbhi_score: 0.5352188552188553
Validation roc_auc: None
Validation avg_accuracy: 0.4077033998511079
Validation one_indexed_epoch: 35
The validation tracker metric at 0.5526599326599326 hasn't increased by 0 in 23 epochs
There is no such attribute
106/106 - 176s - loss: 0.0072 - accuracy: 0.9985 - 176s/epoch - 2s/step
Epoch 36/60
Validation cm: [[488 285  49  69]
 [178 384  17  10]
 [ 21  19  19  21]
 [ 37  63  28  28]]
Validation normalized_cm: [[0.548 0.32  0.055 0.077]
 [0.302 0.652 0.029 0.017]
 [0.263 0.237 0.237 0.263]
 [0.237 0.404 0.179 0.179]]
Validation acc: 0.5355477855477856
Validation class_accuracies: [0.547699214365881, 0.6519524617996605, 0.2375, 0.1794871794871795]
Validation sensitivity: 0.5224242424242425
Validation specificity: 0.547699214365881
Validation icbhi_score: 0.5350617283950617
Validation roc_auc: None
Validation avg_accuracy: 0.4041597139131803
Validation one_indexed_epoch: 36
The validation tracker metric at 0.5526599326599326 hasn't increased by 0 in 24 epochs
Lr has been adjusted to 0.0001250000059371814
There is no such attribute
106/106 - 176s - loss: 0.0058 - accuracy: 0.9985 - 176s/epoch - 2s/step
Epoch 37/60
Validation cm: [[471 297  49  74]
 [162 402  16   9]
 [ 21  21  20  18]
 [ 37  64  26  29]]
Validation normalized_cm: [[0.529 0.333 0.055 0.083]
 [0.275 0.683 0.027 0.015]
 [0.263 0.263 0.25  0.225]
 [0.237 0.41  0.167 0.186]]
Validation acc: 0.5372960372960373
Validation class_accuracies: [0.5286195286195287, 0.6825127334465195, 0.25, 0.1858974358974359]
Validation sensitivity: 0.5466666666666666
Validation specificity: 0.5286195286195287
Validation icbhi_score: 0.5376430976430977
Validation roc_auc: None
Validation avg_accuracy: 0.411757424490871
Validation one_indexed_epoch: 37
The number of epochs since last 1% equals the patience
There is no such attribute
106/106 - 176s - loss: 0.0069 - accuracy: 0.9975 - 176s/epoch - 2s/step
----------------------------------
The best metrics for this job are: 

Best icbhi_score: 0.5526599326599326
Best cm: [[582 205  73  31]
 [229 331  24   5]
 [ 25  14  22  19]
 [ 52  52  32  20]]
Best normalized_cm: [[0.653 0.23  0.082 0.035]
 [0.389 0.562 0.041 0.008]
 [0.312 0.175 0.275 0.237]
 [0.333 0.333 0.205 0.128]]
Best acc: 0.5565268065268065
Best class_accuracies: [0.6531986531986532, 0.5619694397283531, 0.275, 0.1282051282051282]
Best sensitivity: 0.45212121212121215
Best specificity: 0.6531986531986532
Best roc_auc: None
Best avg_accuracy: 0.4045933052830336
Best one_indexed_epoch: 12
icbhi_score
model
cm
normalized_cm
acc
class_accuracies
sensitivity
specificity
roc_auc
avg_accuracy
one_indexed_epoch
{'loss': [0.9478040933609009, 0.42763981223106384, 0.20157656073570251, 0.12851634621620178, 0.0760960802435875, 0.05175231769680977, 0.04094753414392471, 0.03662043437361717, 0.030741805210709572, 0.02611728571355343, 0.02588171884417534, 0.025589758530259132, 0.02206035889685154, 0.014783673919737339, 0.018162189051508904, 0.012043478898704052, 0.012877047061920166, 0.01178561057895422, 0.010545545257627964, 0.01110217347741127, 0.011645376682281494, 0.012199357151985168, 0.008298199623823166, 0.01008690893650055, 0.009492175653576851, 0.0079367496073246, 0.00788602139800787, 0.012183230370283127, 0.010797590017318726, 0.010757622309029102, 0.008635487407445908, 0.007827097550034523, 0.007860460318624973, 0.009555845521390438, 0.007173630874603987, 0.005754965357482433, 0.006896295119076967], 'accuracy': [0.5958012938499451, 0.8354523777961731, 0.9265227913856506, 0.9586043953895569, 0.9767888784408569, 0.984476625919342, 0.9878770112991333, 0.9889118671417236, 0.9905381202697754, 0.9927557706832886, 0.9927557706832886, 0.9915730357170105, 0.9931992888450623, 0.9963039755821228, 0.994973361492157, 0.9973388314247131, 0.9963039755821228, 0.9965996742248535, 0.9974867105484009, 0.9967474937438965, 0.9960082769393921, 0.9964517951011658, 0.9974867105484009, 0.9971910119056702, 0.9971910119056702, 0.9979302287101746, 0.9973388314247131, 0.9957125782966614, 0.9965996742248535, 0.9967474937438965, 0.9971910119056702, 0.9979302287101746, 0.9974867105484009, 0.9974867105484009, 0.9985215663909912, 0.9985215663909912, 0.9974867105484009]}
Job dir: ../cache/cw/train135/2
Job id is 3.
Job dir: ../cache/cw/train135/3
- Loading Icbhi.
725 Icbhi audios have been loaded.
- Preparing Icbhi.
112 Icbhi groups of audio chunks (by filename or patients) have been prepared.
--- Samples are being split into training/val groups and de-grouped by patient ---
Job id is 4.
lengths
4349
1716
1691
1691
1691
1691
-----------------------
--- Final training dataset went from 0 to 6764 elements, with 0 none's, 0 crakles, 0 wheezes and 0 both ---
--- Final Validation dataset contains 1716 elements, with 0 none, 0 crackles, 0 wheezes and 0 both ---
Initializing weights...
Model: "leaf_model9_model_efnet1_1"
______________________________________________________________________________________________________________
 Layer (type)                                    Output Shape                                Param #          
==============================================================================================================
 mel_filterbanks_2 (MelFilterbanks)              multiple                                    0                
                                                                                                              
 mel_filterbanks_3 (MelFilterbanks)              multiple                                    0 (unused)       
                                                                                                              
 sincnet (SincNet)                               multiple                                    0 (unused)       
                                                                                                              
 sequential_1 (Sequential)                       (None, 4)                                   6580363          
                                                                                                              
==============================================================================================================
Total params: 6,580,525
Trainable params: 6,518,470
Non-trainable params: 62,055
______________________________________________________________________________________________________________
Target metric is icbhi_score
Epoch 1/80
/home/alirachidi/classification_algorithm/trainers/modules/main/global_helpers.py:48: UserWarning: Matplotlib is currently using agg, which is a non-GUI backend, so cannot show the figure.
  plt.show()
WARNING:tensorflow:Gradients do not exist for variables ['kernel:0', 'Variable:0', 'Variable:0'] when minimizing the loss. If you're using `model.compile()`, did you forget to provide a `loss`argument?
WARNING:tensorflow:Gradients do not exist for variables ['kernel:0', 'Variable:0', 'Variable:0'] when minimizing the loss. If you're using `model.compile()`, did you forget to provide a `loss`argument?
WARNING:tensorflow:Gradients do not exist for variables ['kernel:0', 'Variable:0', 'Variable:0'] when minimizing the loss. If you're using `model.compile()`, did you forget to provide a `loss`argument?
WARNING:tensorflow:Gradients do not exist for variables ['kernel:0', 'Variable:0', 'Variable:0'] when minimizing the loss. If you're using `model.compile()`, did you forget to provide a `loss`argument?
Validation cm: [[891   0   0   0]
 [589   0   0   0]
 [ 80   0   0   0]
 [156   0   0   0]]
Validation normalized_cm: [[1. 0. 0. 0.]
 [1. 0. 0. 0.]
 [1. 0. 0. 0.]
 [1. 0. 0. 0.]]
Validation acc: 0.5192307692307693
Validation class_accuracies: [1.0, 0.0, 0.0, 0.0]
Validation sensitivity: 0.0
Validation specificity: 1.0
Validation icbhi_score: 0.5
Validation roc_auc: None
Validation avg_accuracy: 0.25
Validation one_indexed_epoch: 1
-- New best results were achieved. --
There is no such attribute
106/106 - 188s - loss: 1.2193 - accuracy: 0.4372 - 188s/epoch - 2s/step
Epoch 2/80
Validation cm: [[891   0   0   0]
 [589   0   0   0]
 [ 79   0   1   0]
 [156   0   0   0]]
Validation normalized_cm: [[1.    0.    0.    0.   ]
 [1.    0.    0.    0.   ]
 [0.988 0.    0.013 0.   ]
 [1.    0.    0.    0.   ]]
Validation acc: 0.5198135198135199
Validation class_accuracies: [1.0, 0.0, 0.0125, 0.0]
Validation sensitivity: 0.0012121212121212121
Validation specificity: 1.0
Validation icbhi_score: 0.5006060606060606
Validation roc_auc: None
Validation avg_accuracy: 0.253125
Validation one_indexed_epoch: 2
-- New best results were achieved. --
There is no such attribute
106/106 - 169s - loss: 0.9210 - accuracy: 0.6004 - 169s/epoch - 2s/step
Epoch 3/80
Validation cm: [[891   0   0   0]
 [589   0   0   0]
 [ 80   0   0   0]
 [153   0   3   0]]
Validation normalized_cm: [[1.    0.    0.    0.   ]
 [1.    0.    0.    0.   ]
 [1.    0.    0.    0.   ]
 [0.981 0.    0.019 0.   ]]
Validation acc: 0.5192307692307693
Validation class_accuracies: [1.0, 0.0, 0.0, 0.0]
Validation sensitivity: 0.0
Validation specificity: 1.0
Validation icbhi_score: 0.5
Validation roc_auc: None
Validation avg_accuracy: 0.25
Validation one_indexed_epoch: 3
