Tensorflow Version: 2.8.0
Num GPUs Available:  1
Collecting Variables...
All variables have been collected.
../cache/
cw
train137
Description: resnet only: debugging, mel, no normalizing, 1 optimizer w adaptive lr, overlap threshold = 0.15, 4 one hot encoder, softmax, oversampling, no spectral loss
-----------------------
Job id is 1.
Job dir: ../cache/cw/train137/1
- Loading Icbhi.
725 Icbhi audios have been loaded.
- Preparing Icbhi.
112 Icbhi groups of audio chunks (by filename or patients) have been prepared.
--- Samples are being split into training/val groups and de-grouped by patient ---
Job id is 2.
-----------------------
--- Final training dataset went from 0 to 4349 elements, with 0 none's, 0 crakles, 0 wheezes and 0 both ---
--- Final Validation dataset contains 1716 elements, with 0 none, 0 crackles, 0 wheezes and 0 both ---
Initializing weights...
Model: "leaf_model9_model_efnet1"
______________________________________________________________________________________________________________
 Layer (type)                                    Output Shape                                Param #          
==============================================================================================================
 mel_filterbanks (MelFilterbanks)                multiple                                    0                
                                                                                                              
 mel_filterbanks_1 (MelFilterbanks)              multiple                                    0 (unused)       
                                                                                                              
 sincnet (SincNet)                               multiple                                    0 (unused)       
                                                                                                              
 sequential (Sequential)                         (None, 4)                                   6713713          
                                                                                                              
==============================================================================================================
Total params: 6,713,875
Trainable params: 6,649,260
Non-trainable params: 64,615
______________________________________________________________________________________________________________
Target metric is icbhi_score
Epoch 1/80
WARNING:tensorflow:Gradients do not exist for variables ['kernel:0', 'Variable:0', 'Variable:0'] when minimizing the loss. If you're using `model.compile()`, did you forget to provide a `loss`argument?
WARNING:tensorflow:Gradients do not exist for variables ['kernel:0', 'Variable:0', 'Variable:0'] when minimizing the loss. If you're using `model.compile()`, did you forget to provide a `loss`argument?
WARNING:tensorflow:Gradients do not exist for variables ['kernel:0', 'Variable:0', 'Variable:0'] when minimizing the loss. If you're using `model.compile()`, did you forget to provide a `loss`argument?
WARNING:tensorflow:Gradients do not exist for variables ['kernel:0', 'Variable:0', 'Variable:0'] when minimizing the loss. If you're using `model.compile()`, did you forget to provide a `loss`argument?
Validation cm: [[504 447   0   7]
 [312 250   0   0]
 [ 33  36   0   0]
 [ 38  89   0   0]]
Validation normalized_cm: [[0.526 0.467 0.    0.007]
 [0.555 0.445 0.    0.   ]
 [0.478 0.522 0.    0.   ]
 [0.299 0.701 0.    0.   ]]
Validation acc: 0.4393939393939394
Validation class_accuracies: [0.5260960334029228, 0.44483985765124556, 0.0, 0.0]
Validation sensitivity: 0.32981530343007914
Validation specificity: 0.5260960334029228
Validation icbhi_score: 0.42795566841650096
Validation roc_auc: None
Validation avg_accuracy: 0.24273397276354208
Validation one_indexed_epoch: 1
-- New best results were achieved. --
There is no such attribute
272/272 - 145s - loss: 1.6171 - accuracy: 0.4097 - 145s/epoch - 533ms/step
Epoch 2/80
Validation cm: [[939  19   0   0]
 [554   1   7   0]
 [ 62   0   7   0]
 [104   3  20   0]]
Validation normalized_cm: [[0.98  0.02  0.    0.   ]
 [0.986 0.002 0.012 0.   ]
 [0.899 0.    0.101 0.   ]
 [0.819 0.024 0.157 0.   ]]
Validation acc: 0.5518648018648019
Validation class_accuracies: [0.9801670146137788, 0.0017793594306049821, 0.10144927536231885, 0.0]
Validation sensitivity: 0.010554089709762533
Validation specificity: 0.9801670146137788
Validation icbhi_score: 0.49536055216177066
Validation roc_auc: None
Validation avg_accuracy: 0.27084891235167563
Validation one_indexed_epoch: 2
-- New best results were achieved. --
There is no such attribute
272/272 - 130s - loss: 1.0319 - accuracy: 0.5318 - 130s/epoch - 477ms/step
Epoch 3/80
Validation cm: [[863  19  68   8]
 [539   2  16   5]
 [ 48   0  19   2]
 [ 75   1  48   3]]
Validation normalized_cm: [[0.901 0.02  0.071 0.008]
 [0.959 0.004 0.028 0.009]
 [0.696 0.    0.275 0.029]
 [0.591 0.008 0.378 0.024]]
Validation acc: 0.5168997668997669
Validation class_accuracies: [0.9008350730688935, 0.0035587188612099642, 0.2753623188405797, 0.023622047244094488]
Validation sensitivity: 0.0316622691292876
Validation specificity: 0.9008350730688935
Validation icbhi_score: 0.4662486710990906
Validation roc_auc: None
Validation avg_accuracy: 0.3008445395036944
Validation one_indexed_epoch: 3
The validation tracker metric at 0.49536055216177066 hasn't increased by 0 in 1 epochs
There is no such attribute
272/272 - 131s - loss: 0.9394 - accuracy: 0.5834 - 131s/epoch - 482ms/step
Epoch 4/80
Validation cm: [[892  40   8  18]
 [537  12   8   5]
 [ 56   1  11   1]
 [ 89   5  19  14]]
Validation normalized_cm: [[0.931 0.042 0.008 0.019]
 [0.956 0.021 0.014 0.009]
 [0.812 0.014 0.159 0.014]
 [0.701 0.039 0.15  0.11 ]]
Validation acc: 0.5413752913752914
Validation class_accuracies: [0.9311064718162839, 0.021352313167259787, 0.15942028985507245, 0.11023622047244094]
Validation sensitivity: 0.048812664907651716
Validation specificity: 0.9311064718162839
Validation icbhi_score: 0.4899595683619678
Validation roc_auc: None
Validation avg_accuracy: 0.3055288238277643
Validation one_indexed_epoch: 4
The validation tracker metric at 0.49536055216177066 hasn't increased by 0 in 2 epochs
There is no such attribute
272/272 - 143s - loss: 0.8780 - accuracy: 0.6105 - 143s/epoch - 524ms/step
Epoch 5/80
Validation cm: [[805  73  57  23]
 [362 183  14   3]
 [ 43   3  18   5]
 [ 73  19  32   3]]
Validation normalized_cm: [[0.84  0.076 0.059 0.024]
 [0.644 0.326 0.025 0.005]
 [0.623 0.043 0.261 0.072]
 [0.575 0.15  0.252 0.024]]
Validation acc: 0.587995337995338
Validation class_accuracies: [0.8402922755741128, 0.32562277580071175, 0.2608695652173913, 0.023622047244094488]
Validation sensitivity: 0.2691292875989446
Validation specificity: 0.8402922755741128
Validation icbhi_score: 0.5547107815865286
Validation roc_auc: None
Validation avg_accuracy: 0.36260166595907756
Validation one_indexed_epoch: 5
-- New best results were achieved. --
There is no such attribute
272/272 - 142s - loss: 0.8044 - accuracy: 0.6544 - 142s/epoch - 522ms/step
Epoch 6/80
Validation cm: [[631 260  17  50]
 [236 305  10  11]
 [ 37  10  15   7]
 [ 25  52  34  16]]
Validation normalized_cm: [[0.659 0.271 0.018 0.052]
 [0.42  0.543 0.018 0.02 ]
 [0.536 0.145 0.217 0.101]
 [0.197 0.409 0.268 0.126]]
Validation acc: 0.5635198135198135
Validation class_accuracies: [0.6586638830897703, 0.5427046263345195, 0.21739130434782608, 0.12598425196850394]
Validation sensitivity: 0.44327176781002636
Validation specificity: 0.6586638830897703
Validation icbhi_score: 0.5509678254498983
Validation roc_auc: None
Validation avg_accuracy: 0.386186016435155
Validation one_indexed_epoch: 6
The validation tracker metric at 0.5547107815865286 hasn't increased by 0 in 1 epochs
There is no such attribute
272/272 - 143s - loss: 0.7197 - accuracy: 0.6935 - 143s/epoch - 525ms/step
Epoch 7/80
Validation cm: [[758  49  27 124]
 [467  52  12  31]
 [ 29   2  26  12]
 [ 63   5  29  30]]
Validation normalized_cm: [[0.791 0.051 0.028 0.129]
 [0.831 0.093 0.021 0.055]
 [0.42  0.029 0.377 0.174]
 [0.496 0.039 0.228 0.236]]
Validation acc: 0.5046620046620046
Validation class_accuracies: [0.791231732776618, 0.09252669039145907, 0.37681159420289856, 0.23622047244094488]
Validation sensitivity: 0.1424802110817942
Validation specificity: 0.791231732776618
Validation icbhi_score: 0.4668559719292061
Validation roc_auc: None
Validation avg_accuracy: 0.37419762245298016
Validation one_indexed_epoch: 7
The validation tracker metric at 0.5547107815865286 hasn't increased by 0 in 2 epochs
There is no such attribute
272/272 - 144s - loss: 0.6282 - accuracy: 0.7441 - 144s/epoch - 528ms/step
Epoch 8/80
Validation cm: [[684 181  16  77]
 [325 218   6  13]
 [ 35   5  22   7]
 [ 38  29  28  32]]
Validation normalized_cm: [[0.714 0.189 0.017 0.08 ]
 [0.578 0.388 0.011 0.023]
 [0.507 0.072 0.319 0.101]
 [0.299 0.228 0.22  0.252]]
Validation acc: 0.5571095571095571
Validation class_accuracies: [0.7139874739039666, 0.3879003558718861, 0.3188405797101449, 0.25196850393700787]
Validation sensitivity: 0.35883905013192613
Validation specificity: 0.7139874739039666
Validation icbhi_score: 0.5364132620179464
Validation roc_auc: None
Validation avg_accuracy: 0.41817422835575135
Validation one_indexed_epoch: 8
The validation tracker metric at 0.5547107815865286 hasn't increased by 0 in 3 epochs
There is no such attribute
272/272 - 142s - loss: 0.5659 - accuracy: 0.7682 - 142s/epoch - 521ms/step
Epoch 9/80
Validation cm: [[585 242  26 105]
 [202 327  11  22]
 [ 30  15  16   8]
 [ 26  52  23  26]]
Validation normalized_cm: [[0.611 0.253 0.027 0.11 ]
 [0.359 0.582 0.02  0.039]
 [0.435 0.217 0.232 0.116]
 [0.205 0.409 0.181 0.205]]
Validation acc: 0.5559440559440559
Validation class_accuracies: [0.6106471816283925, 0.5818505338078291, 0.2318840579710145, 0.2047244094488189]
Validation sensitivity: 0.4868073878627968
Validation specificity: 0.6106471816283925
Validation icbhi_score: 0.5487272847455946
Validation roc_auc: None
Validation avg_accuracy: 0.4072765457140138
Validation one_indexed_epoch: 9
The validation tracker metric at 0.5547107815865286 hasn't increased by 0 in 4 epochs
Lr has been adjusted to 0.0010000000474974513
There is no such attribute
272/272 - 145s - loss: 0.4900 - accuracy: 0.8085 - 145s/epoch - 535ms/step
Epoch 10/80
Validation cm: [[539 323  25  71]
 [203 329  10  20]
 [ 31  10  14  14]
 [ 22  51  20  34]]
Validation normalized_cm: [[0.563 0.337 0.026 0.074]
 [0.361 0.585 0.018 0.036]
 [0.449 0.145 0.203 0.203]
 [0.173 0.402 0.157 0.268]]
Validation acc: 0.5337995337995338
Validation class_accuracies: [0.5626304801670147, 0.5854092526690391, 0.2028985507246377, 0.2677165354330709]
Validation sensitivity: 0.4973614775725594
Validation specificity: 0.5626304801670147
Validation icbhi_score: 0.529995978869787
Validation roc_auc: None
Validation avg_accuracy: 0.4046637047484406
Validation one_indexed_epoch: 10
The validation tracker metric at 0.5547107815865286 hasn't increased by 0 in 5 epochs
There is no such attribute
272/272 - 142s - loss: 0.3601 - accuracy: 0.8630 - 142s/epoch - 520ms/step
Epoch 11/80
Validation cm: [[542 341  18  57]
 [210 329   9  14]
 [ 31  16  12  10]
 [ 27  52  19  29]]
Validation normalized_cm: [[0.566 0.356 0.019 0.059]
 [0.374 0.585 0.016 0.025]
 [0.449 0.232 0.174 0.145]
 [0.213 0.409 0.15  0.228]]
Validation acc: 0.5314685314685315
Validation class_accuracies: [0.5657620041753654, 0.5854092526690391, 0.17391304347826086, 0.2283464566929134]
Validation sensitivity: 0.48812664907651715
Validation specificity: 0.5657620041753654
Validation icbhi_score: 0.5269443266259413
Validation roc_auc: None
Validation avg_accuracy: 0.3883576892538947
Validation one_indexed_epoch: 11
The validation tracker metric at 0.5547107815865286 hasn't increased by 0 in 6 epochs
Mel loss: <tf.Variable 'Variable:0' shape=() dtype=float32, numpy=0.5>
sinc loss: <tf.Variable 'Variable:0' shape=() dtype=float32, numpy=0.5>
There is no such attribute
272/272 - 144s - loss: 0.3296 - accuracy: 0.8708 - 144s/epoch - 530ms/step
Epoch 12/80
Validation cm: [[593 242  24  99]
 [233 291  16  22]
 [ 35   6  14  14]
 [ 31  36  23  37]]
Validation normalized_cm: [[0.619 0.253 0.025 0.103]
 [0.415 0.518 0.028 0.039]
 [0.507 0.087 0.203 0.203]
 [0.244 0.283 0.181 0.291]]
Validation acc: 0.5448717948717948
Validation class_accuracies: [0.6189979123173278, 0.5177935943060499, 0.2028985507246377, 0.29133858267716534]
Validation sensitivity: 0.45118733509234826
Validation specificity: 0.6189979123173278
Validation icbhi_score: 0.535092623704838
Validation roc_auc: None
Validation avg_accuracy: 0.40775716000629514
Validation one_indexed_epoch: 12
The validation tracker metric at 0.5547107815865286 hasn't increased by 0 in 7 epochs
There is no such attribute
272/272 - 143s - loss: 0.3029 - accuracy: 0.8855 - 143s/epoch - 525ms/step
Epoch 13/80
Validation cm: [[641 228  27  62]
 [299 234  13  16]
 [ 41   6  14   8]
 [ 40  40  19  28]]
Validation normalized_cm: [[0.669 0.238 0.028 0.065]
 [0.532 0.416 0.023 0.028]
 [0.594 0.087 0.203 0.116]
 [0.315 0.315 0.15  0.22 ]]
Validation acc: 0.5343822843822844
Validation class_accuracies: [0.6691022964509394, 0.41637010676156583, 0.2028985507246377, 0.2204724409448819]
Validation sensitivity: 0.3641160949868074
Validation specificity: 0.6691022964509394
Validation icbhi_score: 0.5166091957188734
Validation roc_auc: None
Validation avg_accuracy: 0.37721084872050625
Validation one_indexed_epoch: 13
The validation tracker metric at 0.5547107815865286 hasn't increased by 0 in 8 epochs
Lr has been adjusted to 0.00020000000949949026
There is no such attribute
272/272 - 145s - loss: 0.2726 - accuracy: 0.8940 - 145s/epoch - 532ms/step
Epoch 14/80
Validation cm: [[531 331  30  66]
 [215 313  13  21]
 [ 32  13  12  12]
 [ 24  51  19  33]]
Validation normalized_cm: [[0.554 0.346 0.031 0.069]
 [0.383 0.557 0.023 0.037]
 [0.464 0.188 0.174 0.174]
 [0.189 0.402 0.15  0.26 ]]
Validation acc: 0.5180652680652681
Validation class_accuracies: [0.5542797494780793, 0.5569395017793595, 0.17391304347826086, 0.25984251968503935]
Validation sensitivity: 0.47229551451187335
Validation specificity: 0.5542797494780793
Validation icbhi_score: 0.5132876319949764
Validation roc_auc: None
Validation avg_accuracy: 0.3862437036051848
Validation one_indexed_epoch: 14
The validation tracker metric at 0.5547107815865286 hasn't increased by 0 in 9 epochs
There is no such attribute
272/272 - 142s - loss: 0.2523 - accuracy: 0.9078 - 142s/epoch - 524ms/step
Epoch 15/80
Validation cm: [[556 311  30  61]
 [218 313  12  19]
 [ 35  10  13  11]
 [ 27  50  21  29]]
Validation normalized_cm: [[0.58  0.325 0.031 0.064]
 [0.388 0.557 0.021 0.034]
 [0.507 0.145 0.188 0.159]
 [0.213 0.394 0.165 0.228]]
Validation acc: 0.5308857808857809
Validation class_accuracies: [0.5803757828810021, 0.5569395017793595, 0.18840579710144928, 0.2283464566929134]
Validation sensitivity: 0.4683377308707124
Validation specificity: 0.5803757828810021
Validation icbhi_score: 0.5243567568758573
Validation roc_auc: None
Validation avg_accuracy: 0.38851688461368106
Validation one_indexed_epoch: 15
The validation tracker metric at 0.5547107815865286 hasn't increased by 0 in 10 epochs
There is no such attribute
272/272 - 146s - loss: 0.2568 - accuracy: 0.9025 - 146s/epoch - 535ms/step
Epoch 16/80
Validation cm: [[541 326  30  61]
 [207 323  11  21]
 [ 32  12  13  12]
 [ 26  50  20  31]]
Validation normalized_cm: [[0.565 0.34  0.031 0.064]
 [0.368 0.575 0.02  0.037]
 [0.464 0.174 0.188 0.174]
 [0.205 0.394 0.157 0.244]]
Validation acc: 0.5291375291375291
Validation class_accuracies: [0.5647181628392485, 0.5747330960854092, 0.18840579710144928, 0.2440944881889764]
Validation sensitivity: 0.4841688654353562
Validation specificity: 0.5647181628392485
Validation icbhi_score: 0.5244435141373023
Validation roc_auc: None
Validation avg_accuracy: 0.39298788605377083
Validation one_indexed_epoch: 16
The validation tracker metric at 0.5547107815865286 hasn't increased by 0 in 11 epochs
There is no such attribute
272/272 - 144s - loss: 0.2475 - accuracy: 0.9115 - 144s/epoch - 529ms/step
Epoch 17/80
Validation cm: [[561 303  29  65]
 [220 310  11  21]
 [ 35  10  13  11]
 [ 27  48  20  32]]
Validation normalized_cm: [[0.586 0.316 0.03  0.068]
 [0.391 0.552 0.02  0.037]
 [0.507 0.145 0.188 0.159]
 [0.213 0.378 0.157 0.252]]
Validation acc: 0.5337995337995338
Validation class_accuracies: [0.5855949895615866, 0.5516014234875445, 0.18840579710144928, 0.25196850393700787]
Validation sensitivity: 0.4683377308707124
Validation specificity: 0.5855949895615866
Validation icbhi_score: 0.5269663602161495
Validation roc_auc: None
Validation avg_accuracy: 0.3943926785218971
Validation one_indexed_epoch: 17
The validation tracker metric at 0.5547107815865286 hasn't increased by 0 in 12 epochs
Lr has been adjusted to 4.0000002627493814e-05
There is no such attribute
272/272 - 145s - loss: 0.2313 - accuracy: 0.9103 - 145s/epoch - 533ms/step
Epoch 18/80
Validation cm: [[555 306  31  66]
 [219 309  12  22]
 [ 31  13  13  12]
 [ 26  48  21  32]]
Validation normalized_cm: [[0.579 0.319 0.032 0.069]
 [0.39  0.55  0.021 0.039]
 [0.449 0.188 0.188 0.174]
 [0.205 0.378 0.165 0.252]]
Validation acc: 0.5297202797202797
Validation class_accuracies: [0.5793319415448852, 0.5498220640569395, 0.18840579710144928, 0.25196850393700787]
Validation sensitivity: 0.46701846965699206
Validation specificity: 0.5793319415448852
Validation icbhi_score: 0.5231752056009387
Validation roc_auc: None
Validation avg_accuracy: 0.3923820766600704
Validation one_indexed_epoch: 18
The validation tracker metric at 0.5547107815865286 hasn't increased by 0 in 13 epochs
There is no such attribute
272/272 - 146s - loss: 0.2373 - accuracy: 0.9099 - 146s/epoch - 536ms/step
Epoch 19/80
Validation cm: [[560 304  29  65]
 [224 304  12  22]
 [ 36  10  11  12]
 [ 26  48  20  33]]
Validation normalized_cm: [[0.585 0.317 0.03  0.068]
 [0.399 0.541 0.021 0.039]
 [0.522 0.145 0.159 0.174]
 [0.205 0.378 0.157 0.26 ]]
Validation acc: 0.5291375291375291
Validation class_accuracies: [0.5845511482254697, 0.5409252669039146, 0.15942028985507245, 0.25984251968503935]
Validation sensitivity: 0.45910290237467016
Validation specificity: 0.5845511482254697
Validation icbhi_score: 0.52182702530007
Validation roc_auc: None
Validation avg_accuracy: 0.38618480616737405
Validation one_indexed_epoch: 19
The validation tracker metric at 0.5547107815865286 hasn't increased by 0 in 14 epochs
There is no such attribute
272/272 - 142s - loss: 0.2362 - accuracy: 0.9161 - 142s/epoch - 523ms/step
Epoch 20/80
Validation cm: [[558 306  29  65]
 [218 311  12  21]
 [ 32  11  14  12]
 [ 26  48  22  31]]
Validation normalized_cm: [[0.582 0.319 0.03  0.068]
 [0.388 0.553 0.021 0.037]
 [0.464 0.159 0.203 0.174]
 [0.205 0.378 0.173 0.244]]
Validation acc: 0.5326340326340326
Validation class_accuracies: [0.5824634655532359, 0.5533807829181495, 0.2028985507246377, 0.2440944881889764]
Validation sensitivity: 0.46965699208443273
Validation specificity: 0.5824634655532359
Validation icbhi_score: 0.5260602288188343
Validation roc_auc: None
Validation avg_accuracy: 0.39570932184624985
Validation one_indexed_epoch: 20
The validation tracker metric at 0.5547107815865286 hasn't increased by 0 in 15 epochs
There is no such attribute
272/272 - 144s - loss: 0.2333 - accuracy: 0.9168 - 144s/epoch - 530ms/step
Epoch 21/80
Validation cm: [[556 304  31  67]
 [216 312  12  22]
 [ 32  11  15  11]
 [ 26  48  21  32]]
Validation normalized_cm: [[0.58  0.317 0.032 0.07 ]
 [0.384 0.555 0.021 0.039]
 [0.464 0.159 0.217 0.159]
 [0.205 0.378 0.165 0.252]]
Validation acc: 0.5332167832167832
Validation class_accuracies: [0.5803757828810021, 0.5551601423487544, 0.21739130434782608, 0.25196850393700787]
Validation sensitivity: 0.4736147757255937
Validation specificity: 0.5803757828810021
Validation icbhi_score: 0.5269952793032979
Validation roc_auc: None
Validation avg_accuracy: 0.40122393337864765
Validation one_indexed_epoch: 21
The validation tracker metric at 0.5547107815865286 hasn't increased by 0 in 16 epochs
Lr has been adjusted to 8.000000889296643e-06
Mel loss: <tf.Variable 'Variable:0' shape=() dtype=float32, numpy=0.5>
sinc loss: <tf.Variable 'Variable:0' shape=() dtype=float32, numpy=0.5>
There is no such attribute
272/272 - 142s - loss: 0.2390 - accuracy: 0.9142 - 142s/epoch - 521ms/step
Epoch 22/80
Validation cm: [[562 301  30  65]
 [219 309  12  22]
 [ 34  11  12  12]
 [ 27  48  21  31]]
Validation normalized_cm: [[0.587 0.314 0.031 0.068]
 [0.39  0.55  0.021 0.039]
 [0.493 0.159 0.174 0.174]
 [0.213 0.378 0.165 0.244]]
Validation acc: 0.5326340326340326
Validation class_accuracies: [0.5866388308977035, 0.5498220640569395, 0.17391304347826086, 0.2440944881889764]
Validation sensitivity: 0.46437994722955145
Validation specificity: 0.5866388308977035
Validation icbhi_score: 0.5255093890636275
Validation roc_auc: None
Validation avg_accuracy: 0.38861710665547
Validation one_indexed_epoch: 22
The validation tracker metric at 0.5547107815865286 hasn't increased by 0 in 17 epochs
There is no such attribute
272/272 - 145s - loss: 0.2392 - accuracy: 0.9078 - 145s/epoch - 534ms/step
Epoch 23/80
Validation cm: [[562 301  31  64]
 [221 307  12  22]
 [ 35  10  13  11]
 [ 27  48  23  29]]
Validation normalized_cm: [[0.587 0.314 0.032 0.067]
 [0.393 0.546 0.021 0.039]
 [0.507 0.145 0.188 0.159]
 [0.213 0.378 0.181 0.228]]
Validation acc: 0.5308857808857809
Validation class_accuracies: [0.5866388308977035, 0.5462633451957295, 0.18840579710144928, 0.2283464566929134]
Validation sensitivity: 0.4604221635883905
Validation specificity: 0.5866388308977035
Validation icbhi_score: 0.523530497243047
Validation roc_auc: None
Validation avg_accuracy: 0.3874136074719489
Validation one_indexed_epoch: 23
The validation tracker metric at 0.5547107815865286 hasn't increased by 0 in 18 epochs
There is no such attribute
272/272 - 139s - loss: 0.2428 - accuracy: 0.9135 - 139s/epoch - 512ms/step
Epoch 24/80
Validation cm: [[565 299  31  63]
 [224 305  12  21]
 [ 35  10  13  11]
 [ 27  48  23  29]]
Validation normalized_cm: [[0.59  0.312 0.032 0.066]
 [0.399 0.543 0.021 0.037]
 [0.507 0.145 0.188 0.159]
 [0.213 0.378 0.181 0.228]]
Validation acc: 0.5314685314685315
Validation class_accuracies: [0.5897703549060542, 0.5427046263345195, 0.18840579710144928, 0.2283464566929134]
Validation sensitivity: 0.4577836411609499
Validation specificity: 0.5897703549060542
Validation icbhi_score: 0.5237769980335021
Validation roc_auc: None
Validation avg_accuracy: 0.38730680875873413
Validation one_indexed_epoch: 24
The validation tracker metric at 0.5547107815865286 hasn't increased by 0 in 19 epochs
There is no such attribute
272/272 - 140s - loss: 0.2408 - accuracy: 0.9066 - 140s/epoch - 516ms/step
Epoch 25/80
Validation cm: [[560 303  30  65]
 [220 309  12  21]
 [ 33  11  13  12]
 [ 27  48  21  31]]
Validation normalized_cm: [[0.585 0.316 0.031 0.068]
 [0.391 0.55  0.021 0.037]
 [0.478 0.159 0.188 0.174]
 [0.213 0.378 0.165 0.244]]
Validation acc: 0.532051282051282
Validation class_accuracies: [0.5845511482254697, 0.5498220640569395, 0.18840579710144928, 0.2440944881889764]
Validation sensitivity: 0.4656992084432718
Validation specificity: 0.5845511482254697
Validation icbhi_score: 0.5251251783343708
Validation roc_auc: None
Validation avg_accuracy: 0.39171837439320867
Validation one_indexed_epoch: 25
The validation tracker metric at 0.5547107815865286 hasn't increased by 0 in 20 epochs
There is no such attribute
272/272 - 141s - loss: 0.2418 - accuracy: 0.9092 - 141s/epoch - 518ms/step
Epoch 26/80
Validation cm: [[557 305  32  64]
 [216 312  12  22]
 [ 32  12  14  11]
 [ 27  48  23  29]]
Validation normalized_cm: [[0.581 0.318 0.033 0.067]
 [0.384 0.555 0.021 0.039]
 [0.464 0.174 0.203 0.159]
 [0.213 0.378 0.181 0.228]]
Validation acc: 0.5314685314685315
Validation class_accuracies: [0.581419624217119, 0.5551601423487544, 0.2028985507246377, 0.2283464566929134]
Validation sensitivity: 0.4683377308707124
Validation specificity: 0.581419624217119
Validation icbhi_score: 0.5248786775439157
Validation roc_auc: None
Validation avg_accuracy: 0.39195619349585614
Validation one_indexed_epoch: 26
The validation tracker metric at 0.5547107815865286 hasn't increased by 0 in 21 epochs
There is no such attribute
272/272 - 145s - loss: 0.2422 - accuracy: 0.9117 - 145s/epoch - 534ms/step
Epoch 27/80
Validation cm: [[566 298  31  63]
 [223 305  12  22]
 [ 35  10  13  11]
 [ 27  48  23  29]]
Validation normalized_cm: [[0.591 0.311 0.032 0.066]
 [0.397 0.543 0.021 0.039]
 [0.507 0.145 0.188 0.159]
 [0.213 0.378 0.181 0.228]]
Validation acc: 0.532051282051282
Validation class_accuracies: [0.5908141962421712, 0.5427046263345195, 0.18840579710144928, 0.2283464566929134]
Validation sensitivity: 0.4577836411609499
Validation specificity: 0.5908141962421712
Validation icbhi_score: 0.5242989187015605
Validation roc_auc: None
Validation avg_accuracy: 0.38756776909276336
Validation one_indexed_epoch: 27
The validation tracker metric at 0.5547107815865286 hasn't increased by 0 in 22 epochs
There is no such attribute
272/272 - 144s - loss: 0.2358 - accuracy: 0.9110 - 144s/epoch - 528ms/step
Epoch 28/80
Validation cm: [[562 303  30  63]
 [224 305  12  21]
 [ 35  10  13  11]
 [ 27  48  23  29]]
Validation normalized_cm: [[0.587 0.316 0.031 0.066]
 [0.399 0.543 0.021 0.037]
 [0.507 0.145 0.188 0.159]
 [0.213 0.378 0.181 0.228]]
Validation acc: 0.5297202797202797
Validation class_accuracies: [0.5866388308977035, 0.5427046263345195, 0.18840579710144928, 0.2283464566929134]
Validation sensitivity: 0.4577836411609499
Validation specificity: 0.5866388308977035
Validation icbhi_score: 0.5222112360293267
Validation roc_auc: None
Validation avg_accuracy: 0.38652392775664646
Validation one_indexed_epoch: 28
The validation tracker metric at 0.5547107815865286 hasn't increased by 0 in 23 epochs
There is no such attribute
272/272 - 144s - loss: 0.2450 - accuracy: 0.9057 - 144s/epoch - 530ms/step
Epoch 29/80
Validation cm: [[573 292  35  58]
 [225 304  12  21]
 [ 35  10  13  11]
 [ 28  47  23  29]]
Validation normalized_cm: [[0.598 0.305 0.037 0.061]
 [0.4   0.541 0.021 0.037]
 [0.507 0.145 0.188 0.159]
 [0.22  0.37  0.181 0.228]]
Validation acc: 0.5355477855477856
Validation class_accuracies: [0.5981210855949896, 0.5409252669039146, 0.18840579710144928, 0.2283464566929134]
Validation sensitivity: 0.45646437994722955
Validation specificity: 0.5981210855949896
Validation icbhi_score: 0.5272927327711096
Validation roc_auc: None
Validation avg_accuracy: 0.38894965157331673
Validation one_indexed_epoch: 29
The validation tracker metric at 0.5547107815865286 hasn't increased by 0 in 24 epochs
There is no such attribute
272/272 - 147s - loss: 0.2360 - accuracy: 0.9096 - 147s/epoch - 539ms/step
Epoch 30/80
Validation cm: [[561 303  31  63]
 [214 315  13  20]
 [ 33  11  14  11]
 [ 27  48  23  29]]
Validation normalized_cm: [[0.586 0.316 0.032 0.066]
 [0.381 0.56  0.023 0.036]
 [0.478 0.159 0.203 0.159]
 [0.213 0.378 0.181 0.228]]
Validation acc: 0.5355477855477856
Validation class_accuracies: [0.5855949895615866, 0.5604982206405694, 0.2028985507246377, 0.2283464566929134]
Validation sensitivity: 0.47229551451187335
Validation specificity: 0.5855949895615866
Validation icbhi_score: 0.5289452520367299
Validation roc_auc: None
Validation avg_accuracy: 0.3943345544049268
Validation one_indexed_epoch: 30
The validation tracker metric at 0.5547107815865286 hasn't increased by 0 in 25 epochs
There is no such attribute
272/272 - 145s - loss: 0.2208 - accuracy: 0.9179 - 145s/epoch - 532ms/step
Epoch 31/80
Validation cm: [[557 308  31  62]
 [221 309  11  21]
 [ 34  11  13  11]
 [ 25  50  21  31]]
Validation normalized_cm: [[0.581 0.322 0.032 0.065]
 [0.393 0.55  0.02  0.037]
 [0.493 0.159 0.188 0.159]
 [0.197 0.394 0.165 0.244]]
Validation acc: 0.5303030303030303
Validation class_accuracies: [0.581419624217119, 0.5498220640569395, 0.18840579710144928, 0.2440944881889764]
Validation sensitivity: 0.4656992084432718
Validation specificity: 0.581419624217119
Validation icbhi_score: 0.5235594163301954
Validation roc_auc: None
Validation avg_accuracy: 0.390935493391121
Validation one_indexed_epoch: 31
The validation tracker metric at 0.5547107815865286 hasn't increased by 0 in 26 epochs
Mel loss: <tf.Variable 'Variable:0' shape=() dtype=float32, numpy=0.5>
sinc loss: <tf.Variable 'Variable:0' shape=() dtype=float32, numpy=0.5>
There is no such attribute
272/272 - 149s - loss: 0.2409 - accuracy: 0.9089 - 149s/epoch - 547ms/step
Epoch 32/80
Validation cm: [[557 306  30  65]
 [213 317  11  21]
 [ 34  10  14  11]
 [ 27  48  23  29]]
Validation normalized_cm: [[0.581 0.319 0.031 0.068]
 [0.379 0.564 0.02  0.037]
 [0.493 0.145 0.203 0.159]
 [0.213 0.378 0.181 0.228]]
Validation acc: 0.5343822843822844
Validation class_accuracies: [0.581419624217119, 0.5640569395017794, 0.2028985507246377, 0.2283464566929134]
Validation sensitivity: 0.47493403693931396
Validation specificity: 0.581419624217119
Validation icbhi_score: 0.5281768305782165
Validation roc_auc: None
Validation avg_accuracy: 0.3941803927841124
Validation one_indexed_epoch: 32
The validation tracker metric at 0.5547107815865286 hasn't increased by 0 in 27 epochs
There is no such attribute
272/272 - 145s - loss: 0.2385 - accuracy: 0.9142 - 145s/epoch - 535ms/step
Epoch 33/80
Validation cm: [[557 306  29  66]
 [213 315  12  22]
 [ 33  10  14  12]
 [ 25  50  23  29]]
Validation normalized_cm: [[0.581 0.319 0.03  0.069]
 [0.379 0.56  0.021 0.039]
 [0.478 0.145 0.203 0.174]
 [0.197 0.394 0.181 0.228]]
Validation acc: 0.5332167832167832
Validation class_accuracies: [0.581419624217119, 0.5604982206405694, 0.2028985507246377, 0.2283464566929134]
Validation sensitivity: 0.47229551451187335
Validation specificity: 0.581419624217119
Validation icbhi_score: 0.5268575693644961
Validation roc_auc: None
Validation avg_accuracy: 0.3932907130688099
Validation one_indexed_epoch: 33
The validation tracker metric at 0.5547107815865286 hasn't increased by 0 in 28 epochs
There is no such attribute
272/272 - 146s - loss: 0.2472 - accuracy: 0.9083 - 146s/epoch - 535ms/step
Epoch 34/80
Validation cm: [[567 296  31  64]
 [223 305  12  22]
 [ 35  10  13  11]
 [ 27  48  23  29]]
Validation normalized_cm: [[0.592 0.309 0.032 0.067]
 [0.397 0.543 0.021 0.039]
 [0.507 0.145 0.188 0.159]
 [0.213 0.378 0.181 0.228]]
Validation acc: 0.5326340326340326
Validation class_accuracies: [0.5918580375782881, 0.5427046263345195, 0.18840579710144928, 0.2283464566929134]
Validation sensitivity: 0.4577836411609499
Validation specificity: 0.5918580375782881
Validation icbhi_score: 0.524820839369619
Validation roc_auc: None
Validation avg_accuracy: 0.3878287294267926
Validation one_indexed_epoch: 34
The validation tracker metric at 0.5547107815865286 hasn't increased by 0 in 29 epochs
There is no such attribute
272/272 - 142s - loss: 0.2419 - accuracy: 0.9089 - 142s/epoch - 524ms/step
Epoch 35/80
Validation cm: [[563 302  31  62]
 [223 307  11  21]
 [ 35  10  13  11]
 [ 27  48  23  29]]
Validation normalized_cm: [[0.588 0.315 0.032 0.065]
 [0.397 0.546 0.02  0.037]
 [0.507 0.145 0.188 0.159]
 [0.213 0.378 0.181 0.228]]
Validation acc: 0.5314685314685315
Validation class_accuracies: [0.5876826722338204, 0.5462633451957295, 0.18840579710144928, 0.2283464566929134]
Validation sensitivity: 0.4604221635883905
Validation specificity: 0.5876826722338204
Validation icbhi_score: 0.5240524179111055
Validation roc_auc: None
Validation avg_accuracy: 0.38767456780597814
Validation one_indexed_epoch: 35
The number of epochs since last 1% equals the patience
There is no such attribute
272/272 - 146s - loss: 0.2385 - accuracy: 0.9138 - 146s/epoch - 536ms/step
----------------------------------
The best metrics for this job are: 

Best icbhi_score: 0.5547107815865286
Best cm: [[805  73  57  23]
 [362 183  14   3]
 [ 43   3  18   5]
 [ 73  19  32   3]]
Best normalized_cm: [[0.84  0.076 0.059 0.024]
 [0.644 0.326 0.025 0.005]
 [0.623 0.043 0.261 0.072]
 [0.575 0.15  0.252 0.024]]
Best acc: 0.587995337995338
Best class_accuracies: [0.8402922755741128, 0.32562277580071175, 0.2608695652173913, 0.023622047244094488]
Best sensitivity: 0.2691292875989446
Best specificity: 0.8402922755741128
Best roc_auc: None
Best avg_accuracy: 0.36260166595907756
Best one_indexed_epoch: 5
icbhi_score
model
cm
normalized_cm
acc
class_accuracies
sensitivity
specificity
roc_auc
avg_accuracy
one_indexed_epoch
{'loss': [1.6170539855957031, 1.031929850578308, 0.9393821954727173, 0.8779573440551758, 0.8044339418411255, 0.7197256088256836, 0.6281926035881042, 0.5658597946166992, 0.489955872297287, 0.3601270914077759, 0.3296087384223938, 0.3029423654079437, 0.27260884642601013, 0.25228139758110046, 0.25676560401916504, 0.2474946528673172, 0.23127885162830353, 0.23729385435581207, 0.23624692857265472, 0.23327785730361938, 0.23902545869350433, 0.23915019631385803, 0.24280279874801636, 0.24077536165714264, 0.24181249737739563, 0.2421906441450119, 0.23577573895454407, 0.2449672967195511, 0.23596090078353882, 0.22084586322307587, 0.24091054499149323, 0.23847542703151703, 0.247209370136261, 0.2419160157442093, 0.238460972905159], 'accuracy': [0.4097493588924408, 0.5318464040756226, 0.5833525061607361, 0.6104851961135864, 0.6544033288955688, 0.6934927701950073, 0.7440791130065918, 0.7682225704193115, 0.8084617257118225, 0.8629570007324219, 0.8707748651504517, 0.885490894317627, 0.8939986228942871, 0.9077948927879333, 0.9025063514709473, 0.9114739298820496, 0.910324215888977, 0.9098643660545349, 0.91607266664505, 0.9167624711990356, 0.9142331480979919, 0.9077948927879333, 0.9135433435440063, 0.9066451787948608, 0.9091745018959045, 0.9117038249969482, 0.9110140204429626, 0.9057254791259766, 0.9096344113349915, 0.9179121851921082, 0.9089446067810059, 0.9142331480979919, 0.9082547426223755, 0.9089446067810059, 0.9137732982635498]}
Job id is 3.
-----------------------
--- Final training dataset went from 0 to 4634 elements, with 0 none's, 0 crakles, 0 wheezes and 0 both ---
--- Final Validation dataset contains 1431 elements, with 0 none, 0 crackles, 0 wheezes and 0 both ---
Initializing weights...
Model: "leaf_model9_model_efnet1_1"
______________________________________________________________________________________________________________
 Layer (type)                                    Output Shape                                Param #          
==============================================================================================================
 mel_filterbanks_2 (MelFilterbanks)              multiple                                    0                
                                                                                                              
 mel_filterbanks_3 (MelFilterbanks)              multiple                                    0 (unused)       
                                                                                                              
 sincnet (SincNet)                               multiple                                    0 (unused)       
                                                                                                              
 sequential_1 (Sequential)                       (None, 4)                                   6713713          
                                                                                                              
==============================================================================================================
Total params: 6,713,875
Trainable params: 6,649,260
Non-trainable params: 64,615
______________________________________________________________________________________________________________
Target metric is icbhi_score
Epoch 1/80
/home/alirachidi/classification_algorithm/trainers/modules/main/global_helpers.py:48: UserWarning: Matplotlib is currently using agg, which is a non-GUI backend, so cannot show the figure.
  plt.show()
WARNING:tensorflow:Gradients do not exist for variables ['kernel:0', 'Variable:0', 'Variable:0'] when minimizing the loss. If you're using `model.compile()`, did you forget to provide a `loss`argument?
WARNING:tensorflow:Gradients do not exist for variables ['kernel:0', 'Variable:0', 'Variable:0'] when minimizing the loss. If you're using `model.compile()`, did you forget to provide a `loss`argument?
WARNING:tensorflow:Gradients do not exist for variables ['kernel:0', 'Variable:0', 'Variable:0'] when minimizing the loss. If you're using `model.compile()`, did you forget to provide a `loss`argument?
WARNING:tensorflow:Gradients do not exist for variables ['kernel:0', 'Variable:0', 'Variable:0'] when minimizing the loss. If you're using `model.compile()`, did you forget to provide a `loss`argument?
Validation cm: [[535   0   0   0]
 [492   0   0   0]
 [198   0   0   0]
 [206   0   0   0]]
Validation normalized_cm: [[1. 0. 0. 0.]
 [1. 0. 0. 0.]
 [1. 0. 0. 0.]
 [1. 0. 0. 0.]]
Validation acc: 0.37386443046820406
Validation class_accuracies: [1.0, 0.0, 0.0, 0.0]
Validation sensitivity: 0.0
Validation specificity: 1.0
Validation icbhi_score: 0.5
Validation roc_auc: None
Validation avg_accuracy: 0.25
Validation one_indexed_epoch: 1
-- New best results were achieved. --
There is no such attribute
290/290 - 141s - loss: 1.7162 - accuracy: 0.4465 - 141s/epoch - 485ms/step
Epoch 2/80
Validation cm: [[535   0   0   0]
 [492   0   0   0]
 [186   0  12   0]
 [198   1   7   0]]
Validation normalized_cm: [[1.    0.    0.    0.   ]
 [1.    0.    0.    0.   ]
 [0.939 0.    0.061 0.   ]
 [0.961 0.005 0.034 0.   ]]
Validation acc: 0.3822501747030049
Validation class_accuracies: [1.0, 0.0, 0.06060606060606061, 0.0]
Validation sensitivity: 0.013392857142857142
Validation specificity: 1.0
Validation icbhi_score: 0.5066964285714286
Validation roc_auc: None
Validation avg_accuracy: 0.26515151515151514
Validation one_indexed_epoch: 2
-- New best results were achieved. --
There is no such attribute
290/290 - 123s - loss: 1.1137 - accuracy: 0.5352 - 123s/epoch - 426ms/step
Epoch 3/80
Validation cm: [[440   4  83   8]
 [459   1  26   6]
 [ 59   0 112  27]
 [ 58   0 133  15]]
Validation normalized_cm: [[0.822 0.007 0.155 0.015]
 [0.933 0.002 0.053 0.012]
 [0.298 0.    0.566 0.136]
 [0.282 0.    0.646 0.073]]
Validation acc: 0.3969252271139064
Validation class_accuracies: [0.822429906542056, 0.0020325203252032522, 0.5656565656565656, 0.07281553398058252]
Validation sensitivity: 0.14285714285714285
Validation specificity: 0.822429906542056
Validation icbhi_score: 0.4826435246995995
Validation roc_auc: None
Validation avg_accuracy: 0.3657336316261019
Validation one_indexed_epoch: 3
The validation tracker metric at 0.5066964285714286 hasn't increased by 0 in 1 epochs
There is no such attribute
290/290 - 123s - loss: 0.9960 - accuracy: 0.5762 - 123s/epoch - 423ms/step
Epoch 4/80
Validation cm: [[484  15  35   1]
 [424  44  20   4]
 [ 81   1 111   5]
 [ 80   2 121   3]]
Validation normalized_cm: [[0.905 0.028 0.065 0.002]
 [0.862 0.089 0.041 0.008]
 [0.409 0.005 0.561 0.025]
 [0.388 0.01  0.587 0.015]]
Validation acc: 0.44863731656184486
Validation class_accuracies: [0.9046728971962616, 0.08943089430894309, 0.5606060606060606, 0.014563106796116505]
Validation sensitivity: 0.17633928571428573
Validation specificity: 0.9046728971962616
Validation icbhi_score: 0.5405060914552737
Validation roc_auc: None
Validation avg_accuracy: 0.3923182397268455
Validation one_indexed_epoch: 4
-- New best results were achieved. --
There is no such attribute
290/290 - 123s - loss: 0.9303 - accuracy: 0.6064 - 123s/epoch - 426ms/step
Epoch 5/80
Validation cm: [[515   9   6   5]
 [486   3   0   3]
 [148   1  46   3]
 [155   4  47   0]]
Validation normalized_cm: [[0.963 0.017 0.011 0.009]
 [0.988 0.006 0.    0.006]
 [0.747 0.005 0.232 0.015]
 [0.752 0.019 0.228 0.   ]]
Validation acc: 0.3941299790356394
