Tensorflow Version: 2.8.0
Num GPUs Available:  1
Collecting Variables...
All variables have been collected.
../cache/
cw
train138
Description: resnet only: debugging, mel, no normalizing, 1 optimizer w adaptive lr, overlap threshold = 0.15, 4 one hot encoder, softmax, oversampling, no spectral loss
-----------------------
Job id is 1.
Job dir: ../cache/cw/train138/1
- Loading Icbhi.
725 Icbhi audios have been loaded.
- Preparing Icbhi.
112 Icbhi groups of audio chunks (by filename or patients) have been prepared.
--- Samples are being split into training/val groups and de-grouped by patient ---
Job id is 2.
-----------------------
--- Final training dataset went from 0 to 4349 elements, with 0 none's, 0 crakles, 0 wheezes and 0 both ---
--- Final Validation dataset contains 1716 elements, with 0 none, 0 crackles, 0 wheezes and 0 both ---
Initializing weights...
Model: "leaf_model9_model_efnet1"
______________________________________________________________________________________________________________
 Layer (type)                                    Output Shape                                Param #          
==============================================================================================================
 leaf (Leaf)                                     multiple                                    562              
                                                                                                              
 mel_filterbanks (MelFilterbanks)                multiple                                    0 (unused)       
                                                                                                              
 sincnet (SincNet)                               multiple                                    0 (unused)       
                                                                                                              
 sequential (Sequential)                         (None, 4)                                   6713713          
                                                                                                              
==============================================================================================================
Total params: 6,714,437
Trainable params: 6,649,822
Non-trainable params: 64,615
______________________________________________________________________________________________________________
Target metric is icbhi_score
Epoch 1/80
WARNING:tensorflow:Gradients do not exist for variables ['kernel:0', 'Variable:0', 'Variable:0'] when minimizing the loss. If you're using `model.compile()`, did you forget to provide a `loss`argument?
WARNING:tensorflow:Gradients do not exist for variables ['kernel:0', 'Variable:0', 'Variable:0'] when minimizing the loss. If you're using `model.compile()`, did you forget to provide a `loss`argument?
WARNING:tensorflow:Gradients do not exist for variables ['kernel:0', 'Variable:0', 'Variable:0'] when minimizing the loss. If you're using `model.compile()`, did you forget to provide a `loss`argument?
WARNING:tensorflow:Gradients do not exist for variables ['kernel:0', 'Variable:0', 'Variable:0'] when minimizing the loss. If you're using `model.compile()`, did you forget to provide a `loss`argument?
Validation cm: [[958   0   0   0]
 [562   0   0   0]
 [ 69   0   0   0]
 [127   0   0   0]]
Validation normalized_cm: [[1. 0. 0. 0.]
 [1. 0. 0. 0.]
 [1. 0. 0. 0.]
 [1. 0. 0. 0.]]
Validation acc: 0.5582750582750583
Validation class_accuracies: [1.0, 0.0, 0.0, 0.0]
Validation sensitivity: 0.0
Validation specificity: 1.0
Validation icbhi_score: 0.5
Validation roc_auc: None
Validation avg_accuracy: 0.25
Validation one_indexed_epoch: 1
-- New best results were achieved. --
272/272 - 283s - loss: 1.5945 - accuracy: 0.3861 - 283s/epoch - 1s/step
Epoch 2/80
Validation cm: [[958   0   0   0]
 [562   0   0   0]
 [ 69   0   0   0]
 [127   0   0   0]]
Validation normalized_cm: [[1. 0. 0. 0.]
 [1. 0. 0. 0.]
 [1. 0. 0. 0.]
 [1. 0. 0. 0.]]
Validation acc: 0.5582750582750583
Validation class_accuracies: [1.0, 0.0, 0.0, 0.0]
Validation sensitivity: 0.0
Validation specificity: 1.0
Validation icbhi_score: 0.5
Validation roc_auc: None
Validation avg_accuracy: 0.25
Validation one_indexed_epoch: 2
The validation tracker metric at 0.5 hasn't increased by 0 in 1 epochs
272/272 - 264s - loss: 1.1998 - accuracy: 0.4700 - 264s/epoch - 970ms/step
Epoch 3/80
Validation cm: [[958   0   0   0]
 [562   0   0   0]
 [ 69   0   0   0]
 [127   0   0   0]]
Validation normalized_cm: [[1. 0. 0. 0.]
 [1. 0. 0. 0.]
 [1. 0. 0. 0.]
 [1. 0. 0. 0.]]
Validation acc: 0.5582750582750583
Validation class_accuracies: [1.0, 0.0, 0.0, 0.0]
Validation sensitivity: 0.0
Validation specificity: 1.0
Validation icbhi_score: 0.5
Validation roc_auc: None
Validation avg_accuracy: 0.25
Validation one_indexed_epoch: 3
The validation tracker metric at 0.5 hasn't increased by 0 in 2 epochs
272/272 - 263s - loss: 1.1092 - accuracy: 0.5201 - 263s/epoch - 969ms/step
Epoch 4/80
Validation cm: [[905   0  53   0]
 [538   0  24   0]
 [ 65   0   4   0]
 [123   0   4   0]]
Validation normalized_cm: [[0.945 0.    0.055 0.   ]
 [0.957 0.    0.043 0.   ]
 [0.942 0.    0.058 0.   ]
 [0.969 0.    0.031 0.   ]]
Validation acc: 0.5297202797202797
Validation class_accuracies: [0.9446764091858038, 0.0, 0.057971014492753624, 0.0]
Validation sensitivity: 0.005277044854881266
Validation specificity: 0.9446764091858038
Validation icbhi_score: 0.4749767270203425
Validation roc_auc: None
Validation avg_accuracy: 0.25066185591963935
Validation one_indexed_epoch: 4
The validation tracker metric at 0.5 hasn't increased by 0 in 3 epochs
272/272 - 262s - loss: 1.0474 - accuracy: 0.5567 - 262s/epoch - 965ms/step
Epoch 5/80
Validation cm: [[952   3   3   0]
 [560   0   2   0]
 [ 69   0   0   0]
 [124   1   2   0]]
Validation normalized_cm: [[0.994 0.003 0.003 0.   ]
 [0.996 0.    0.004 0.   ]
 [1.    0.    0.    0.   ]
 [0.976 0.008 0.016 0.   ]]
Validation acc: 0.5547785547785548
Validation class_accuracies: [0.9937369519832986, 0.0, 0.0, 0.0]
Validation sensitivity: 0.0
Validation specificity: 0.9937369519832986
Validation icbhi_score: 0.4968684759916493
Validation roc_auc: None
Validation avg_accuracy: 0.24843423799582465
Validation one_indexed_epoch: 5
The validation tracker metric at 0.5 hasn't increased by 0 in 4 epochs
272/272 - 264s - loss: 0.9843 - accuracy: 0.5900 - 264s/epoch - 971ms/step
Epoch 6/80
Validation cm: [[958   0   0   0]
 [562   0   0   0]
 [ 69   0   0   0]
 [127   0   0   0]]
Validation normalized_cm: [[1. 0. 0. 0.]
 [1. 0. 0. 0.]
 [1. 0. 0. 0.]
 [1. 0. 0. 0.]]
Validation acc: 0.5582750582750583
Validation class_accuracies: [1.0, 0.0, 0.0, 0.0]
Validation sensitivity: 0.0
Validation specificity: 1.0
Validation icbhi_score: 0.5
Validation roc_auc: None
Validation avg_accuracy: 0.25
Validation one_indexed_epoch: 6
The validation tracker metric at 0.5 hasn't increased by 0 in 5 epochs
272/272 - 265s - loss: 0.9293 - accuracy: 0.6188 - 265s/epoch - 973ms/step
Epoch 7/80
Validation cm: [[869   0  58  31]
 [511   0  39  12]
 [ 64   0   5   0]
 [114   0  10   3]]
Validation normalized_cm: [[0.907 0.    0.061 0.032]
 [0.909 0.    0.069 0.021]
 [0.928 0.    0.072 0.   ]
 [0.898 0.    0.079 0.024]]
Validation acc: 0.5110722610722611
Validation class_accuracies: [0.907098121085595, 0.0, 0.07246376811594203, 0.023622047244094488]
Validation sensitivity: 0.010554089709762533
Validation specificity: 0.907098121085595
Validation icbhi_score: 0.45882610539767876
Validation roc_auc: None
Validation avg_accuracy: 0.25079598411140785
Validation one_indexed_epoch: 7
The validation tracker metric at 0.5 hasn't increased by 0 in 6 epochs
Lr has been adjusted to 0.0010000000474974513
272/272 - 264s - loss: 0.8722 - accuracy: 0.6431 - 264s/epoch - 971ms/step
Epoch 8/80
Validation cm: [[740 103  87  28]
 [417  96  36  13]
 [ 52   7   9   1]
 [ 97  14  12   4]]
Validation normalized_cm: [[0.772 0.108 0.091 0.029]
 [0.742 0.171 0.064 0.023]
 [0.754 0.101 0.13  0.014]
 [0.764 0.11  0.094 0.031]]
Validation acc: 0.49475524475524474
Validation class_accuracies: [0.7724425887265136, 0.1708185053380783, 0.13043478260869565, 0.031496062992125984]
Validation sensitivity: 0.1437994722955145
Validation specificity: 0.7724425887265136
Validation icbhi_score: 0.45812103051101405
Validation roc_auc: None
Validation avg_accuracy: 0.2762979849163534
Validation one_indexed_epoch: 8
The validation tracker metric at 0.5 hasn't increased by 0 in 7 epochs
272/272 - 264s - loss: 0.7858 - accuracy: 0.6776 - 264s/epoch - 972ms/step
Epoch 9/80
Validation cm: [[371 156   6 425]
 [160 183   2 217]
 [ 35  14   0  20]
 [ 42  32   1  52]]
Validation normalized_cm: [[0.387 0.163 0.006 0.444]
 [0.285 0.326 0.004 0.386]
 [0.507 0.203 0.    0.29 ]
 [0.331 0.252 0.008 0.409]]
Validation acc: 0.3531468531468531
Validation class_accuracies: [0.3872651356993737, 0.32562277580071175, 0.0, 0.4094488188976378]
Validation sensitivity: 0.3100263852242744
Validation specificity: 0.3872651356993737
Validation icbhi_score: 0.34864576046182405
Validation roc_auc: None
Validation avg_accuracy: 0.2805841825994308
Validation one_indexed_epoch: 9
The validation tracker metric at 0.5 hasn't increased by 0 in 8 epochs
272/272 - 264s - loss: 0.7531 - accuracy: 0.6912 - 264s/epoch - 969ms/step
Epoch 10/80
Validation cm: [[612 104  93 149]
 [341 110  47  64]
 [ 44   9  12   4]
 [ 79  18  18  12]]
Validation normalized_cm: [[0.639 0.109 0.097 0.156]
 [0.607 0.196 0.084 0.114]
 [0.638 0.13  0.174 0.058]
 [0.622 0.142 0.142 0.094]]
Validation acc: 0.4347319347319347
Validation class_accuracies: [0.6388308977035491, 0.19572953736654805, 0.17391304347826086, 0.09448818897637795]
Validation sensitivity: 0.17678100263852242
Validation specificity: 0.6388308977035491
Validation icbhi_score: 0.4078059501710357
Validation roc_auc: None
Validation avg_accuracy: 0.275740416881184
Validation one_indexed_epoch: 10
The validation tracker metric at 0.5 hasn't increased by 0 in 9 epochs
272/272 - 264s - loss: 0.7419 - accuracy: 0.6983 - 264s/epoch - 971ms/step
Epoch 11/80
Validation cm: [[957   0   0   1]
 [560   0   0   2]
 [ 69   0   0   0]
 [127   0   0   0]]
Validation normalized_cm: [[0.999 0.    0.    0.001]
 [0.996 0.    0.    0.004]
 [1.    0.    0.    0.   ]
 [1.    0.    0.    0.   ]]
Validation acc: 0.5576923076923077
Validation class_accuracies: [0.9989561586638831, 0.0, 0.0, 0.0]
Validation sensitivity: 0.0
Validation specificity: 0.9989561586638831
Validation icbhi_score: 0.49947807933194155
Validation roc_auc: None
Validation avg_accuracy: 0.24973903966597077
Validation one_indexed_epoch: 11
The validation tracker metric at 0.5 hasn't increased by 0 in 10 epochs
Mel loss: <tf.Variable 'Variable:0' shape=() dtype=float32, numpy=0.5>
sinc loss: <tf.Variable 'Variable:0' shape=() dtype=float32, numpy=0.5>
272/272 - 262s - loss: 0.7144 - accuracy: 0.7091 - 262s/epoch - 962ms/step
Epoch 12/80
Validation cm: [[836   0   3 119]
 [500   0   0  62]
 [ 67   0   0   2]
 [112   0   0  15]]
Validation normalized_cm: [[0.873 0.    0.003 0.124]
 [0.89  0.    0.    0.11 ]
 [0.971 0.    0.    0.029]
 [0.882 0.    0.    0.118]]
Validation acc: 0.4959207459207459
Validation class_accuracies: [0.872651356993737, 0.0, 0.0, 0.11811023622047244]
Validation sensitivity: 0.01978891820580475
Validation specificity: 0.872651356993737
Validation icbhi_score: 0.44622013759977086
Validation roc_auc: None
Validation avg_accuracy: 0.24769039830355236
Validation one_indexed_epoch: 12
The validation tracker metric at 0.5 hasn't increased by 0 in 11 epochs
272/272 - 261s - loss: 0.6861 - accuracy: 0.7218 - 261s/epoch - 959ms/step
Epoch 13/80
Validation cm: [[852  11  81  14]
 [513   4  38   7]
 [ 63   0   6   0]
 [117   0   9   1]]
Validation normalized_cm: [[0.889 0.011 0.085 0.015]
 [0.913 0.007 0.068 0.012]
 [0.913 0.    0.087 0.   ]
 [0.921 0.    0.071 0.008]]
Validation acc: 0.502913752913753
Validation class_accuracies: [0.8893528183716075, 0.0071174377224199285, 0.08695652173913043, 0.007874015748031496]
Validation sensitivity: 0.014511873350923483
Validation specificity: 0.8893528183716075
Validation icbhi_score: 0.4519323458612655
Validation roc_auc: None
Validation avg_accuracy: 0.24782519839529732
Validation one_indexed_epoch: 13
The validation tracker metric at 0.5 hasn't increased by 0 in 12 epochs
Lr has been adjusted to 0.00020000000949949026
272/272 - 265s - loss: 0.6624 - accuracy: 0.7383 - 265s/epoch - 975ms/step
Epoch 14/80
Validation cm: [[439  71 143 305]
 [245  63  80 174]
 [ 22   1  18  28]
 [ 54  15  23  35]]
Validation normalized_cm: [[0.458 0.074 0.149 0.318]
 [0.436 0.112 0.142 0.31 ]
 [0.319 0.014 0.261 0.406]
 [0.425 0.118 0.181 0.276]]
Validation acc: 0.32342657342657344
Validation class_accuracies: [0.4582463465553236, 0.11209964412811388, 0.2608695652173913, 0.2755905511811024]
Validation sensitivity: 0.15303430079155672
Validation specificity: 0.4582463465553236
Validation icbhi_score: 0.3056403236734402
Validation roc_auc: None
Validation avg_accuracy: 0.27670152677048276
Validation one_indexed_epoch: 14
The validation tracker metric at 0.5 hasn't increased by 0 in 13 epochs
272/272 - 266s - loss: 0.6398 - accuracy: 0.7438 - 266s/epoch - 977ms/step
Epoch 15/80
Validation cm: [[600 146   4 208]
 [360 105   3  94]
 [ 44   6   2  17]
 [ 76  23   3  25]]
Validation normalized_cm: [[0.626 0.152 0.004 0.217]
 [0.641 0.187 0.005 0.167]
 [0.638 0.087 0.029 0.246]
 [0.598 0.181 0.024 0.197]]
Validation acc: 0.42657342657342656
Validation class_accuracies: [0.6263048016701461, 0.18683274021352314, 0.028985507246376812, 0.1968503937007874]
Validation sensitivity: 0.1741424802110818
Validation specificity: 0.6263048016701461
Validation icbhi_score: 0.40022364094061397
Validation roc_auc: None
Validation avg_accuracy: 0.25974336070770837
Validation one_indexed_epoch: 15
The validation tracker metric at 0.5 hasn't increased by 0 in 14 epochs
272/272 - 266s - loss: 0.6429 - accuracy: 0.7397 - 266s/epoch - 978ms/step
Epoch 16/80
Validation cm: [[608 130  26 194]
 [365 107  13  77]
 [ 47   9   7   6]
 [ 84  17  12  14]]
Validation normalized_cm: [[0.635 0.136 0.027 0.203]
 [0.649 0.19  0.023 0.137]
 [0.681 0.13  0.101 0.087]
 [0.661 0.134 0.094 0.11 ]]
Validation acc: 0.4289044289044289
Validation class_accuracies: [0.6346555323590815, 0.1903914590747331, 0.10144927536231885, 0.11023622047244094]
Validation sensitivity: 0.16886543535620052
Validation specificity: 0.6346555323590815
Validation icbhi_score: 0.40176048385764096
Validation roc_auc: None
Validation avg_accuracy: 0.2591831218171436
Validation one_indexed_epoch: 16
The validation tracker metric at 0.5 hasn't increased by 0 in 15 epochs
272/272 - 268s - loss: 0.6292 - accuracy: 0.7441 - 268s/epoch - 984ms/step
Epoch 17/80
Validation cm: [[533 193  13 219]
 [316 162   2  82]
 [ 42  13   2  12]
 [ 70  36   3  18]]
Validation normalized_cm: [[0.556 0.201 0.014 0.229]
 [0.562 0.288 0.004 0.146]
 [0.609 0.188 0.029 0.174]
 [0.551 0.283 0.024 0.142]]
Validation acc: 0.4166666666666667
Validation class_accuracies: [0.5563674321503131, 0.28825622775800713, 0.028985507246376812, 0.14173228346456693]
Validation sensitivity: 0.24010554089709762
Validation specificity: 0.5563674321503131
Validation icbhi_score: 0.39823648652370536
Validation roc_auc: None
Validation avg_accuracy: 0.25383536265481604
Validation one_indexed_epoch: 17
The validation tracker metric at 0.5 hasn't increased by 0 in 16 epochs
272/272 - 264s - loss: 0.6177 - accuracy: 0.7570 - 264s/epoch - 969ms/step
Epoch 18/80
Validation cm: [[574 201  35 148]
 [324 167  10  61]
 [ 40  10   7  12]
 [ 65  41   8  13]]
Validation normalized_cm: [[0.599 0.21  0.037 0.154]
 [0.577 0.297 0.018 0.109]
 [0.58  0.145 0.101 0.174]
 [0.512 0.323 0.063 0.102]]
Validation acc: 0.44347319347319347
Validation class_accuracies: [0.5991649269311065, 0.297153024911032, 0.10144927536231885, 0.10236220472440945]
Validation sensitivity: 0.24670184696569922
Validation specificity: 0.5991649269311065
Validation icbhi_score: 0.4229333869484028
Validation roc_auc: None
Validation avg_accuracy: 0.2750323579822167
Validation one_indexed_epoch: 18
The validation tracker metric at 0.5 hasn't increased by 0 in 17 epochs
272/272 - 262s - loss: 0.6180 - accuracy: 0.7512 - 262s/epoch - 965ms/step
Epoch 19/80
Validation cm: [[594 186  20 158]
 [334 157   5  66]
 [ 43  11   4  11]
 [ 70  36   6  15]]
Validation normalized_cm: [[0.62  0.194 0.021 0.165]
 [0.594 0.279 0.009 0.117]
 [0.623 0.159 0.058 0.159]
 [0.551 0.283 0.047 0.118]]
Validation acc: 0.44871794871794873
Validation class_accuracies: [0.6200417536534447, 0.2793594306049822, 0.057971014492753624, 0.11811023622047244]
Validation sensitivity: 0.23218997361477572
Validation specificity: 0.6200417536534447
Validation icbhi_score: 0.42611586363411025
Validation roc_auc: None
Validation avg_accuracy: 0.26887060874291324
Validation one_indexed_epoch: 19
The validation tracker metric at 0.5 hasn't increased by 0 in 18 epochs
Lr has been adjusted to 4.0000002627493814e-05
272/272 - 264s - loss: 0.6152 - accuracy: 0.7602 - 264s/epoch - 969ms/step
Epoch 20/80
Validation cm: [[561 178  42 177]
 [322 158  10  72]
 [ 38  11   8  12]
 [ 65  37  10  15]]
Validation normalized_cm: [[0.586 0.186 0.044 0.185]
 [0.573 0.281 0.018 0.128]
 [0.551 0.159 0.116 0.174]
 [0.512 0.291 0.079 0.118]]
Validation acc: 0.4324009324009324
Validation class_accuracies: [0.5855949895615866, 0.28113879003558717, 0.11594202898550725, 0.11811023622047244]
Validation sensitivity: 0.23878627968337732
Validation specificity: 0.5855949895615866
Validation icbhi_score: 0.41219063462248196
Validation roc_auc: None
Validation avg_accuracy: 0.27519651120078836
Validation one_indexed_epoch: 20
The validation tracker metric at 0.5 hasn't increased by 0 in 19 epochs
272/272 - 259s - loss: 0.6216 - accuracy: 0.7482 - 259s/epoch - 952ms/step
Epoch 21/80
Validation cm: [[517 162  40 239]
 [304 153  11  94]
 [ 38   9   7  15]
 [ 66  34  10  17]]
Validation normalized_cm: [[0.54  0.169 0.042 0.249]
 [0.541 0.272 0.02  0.167]
 [0.551 0.13  0.101 0.217]
 [0.52  0.268 0.079 0.134]]
Validation acc: 0.40442890442890445
Validation class_accuracies: [0.5396659707724426, 0.2722419928825623, 0.10144927536231885, 0.13385826771653545]
Validation sensitivity: 0.23350923482849603
Validation specificity: 0.5396659707724426
Validation icbhi_score: 0.38658760280046933
Validation roc_auc: None
Validation avg_accuracy: 0.2618038766834648
Validation one_indexed_epoch: 21
The validation tracker metric at 0.5 hasn't increased by 0 in 20 epochs
Mel loss: <tf.Variable 'Variable:0' shape=() dtype=float32, numpy=0.5>
sinc loss: <tf.Variable 'Variable:0' shape=() dtype=float32, numpy=0.5>
272/272 - 271s - loss: 0.6083 - accuracy: 0.7588 - 271s/epoch - 995ms/step
Epoch 22/80
Validation cm: [[532 175  47 204]
 [312 154  12  84]
 [ 38  10   9  12]
 [ 62  36  11  18]]
Validation normalized_cm: [[0.555 0.183 0.049 0.213]
 [0.555 0.274 0.021 0.149]
 [0.551 0.145 0.13  0.174]
 [0.488 0.283 0.087 0.142]]
Validation acc: 0.4155011655011655
Validation class_accuracies: [0.5553235908141962, 0.27402135231316727, 0.13043478260869565, 0.14173228346456693]
Validation sensitivity: 0.23878627968337732
Validation specificity: 0.5553235908141962
Validation icbhi_score: 0.39705493524878677
Validation roc_auc: None
Validation avg_accuracy: 0.2753780023001565
Validation one_indexed_epoch: 22
The validation tracker metric at 0.5 hasn't increased by 0 in 21 epochs
272/272 - 265s - loss: 0.6124 - accuracy: 0.7616 - 265s/epoch - 973ms/step
Epoch 23/80
Validation cm: [[538 158  58 204]
 [326 140  14  82]
 [ 39   9   9  12]
 [ 66  31  12  18]]
Validation normalized_cm: [[0.562 0.165 0.061 0.213]
 [0.58  0.249 0.025 0.146]
 [0.565 0.13  0.13  0.174]
 [0.52  0.244 0.094 0.142]]
Validation acc: 0.41083916083916083
Validation class_accuracies: [0.5615866388308977, 0.2491103202846975, 0.13043478260869565, 0.14173228346456693]
Validation sensitivity: 0.22031662269129287
Validation specificity: 0.5615866388308977
Validation icbhi_score: 0.3909516307610953
Validation roc_auc: None
Validation avg_accuracy: 0.27071600629721443
Validation one_indexed_epoch: 23
The validation tracker metric at 0.5 hasn't increased by 0 in 22 epochs
272/272 - 263s - loss: 0.6023 - accuracy: 0.7581 - 263s/epoch - 968ms/step
Epoch 24/80
Validation cm: [[548 171  45 194]
 [323 146  11  82]
 [ 39   9   9  12]
 [ 65  35  11  16]]
Validation normalized_cm: [[0.572 0.178 0.047 0.203]
 [0.575 0.26  0.02  0.146]
 [0.565 0.13  0.13  0.174]
 [0.512 0.276 0.087 0.126]]
Validation acc: 0.418997668997669
Validation class_accuracies: [0.5720250521920668, 0.2597864768683274, 0.13043478260869565, 0.12598425196850394]
Validation sensitivity: 0.22559366754617413
Validation specificity: 0.5720250521920668
Validation icbhi_score: 0.39880935986912047
Validation roc_auc: None
Validation avg_accuracy: 0.27205764090939843
Validation one_indexed_epoch: 24
The validation tracker metric at 0.5 hasn't increased by 0 in 23 epochs
272/272 - 265s - loss: 0.6107 - accuracy: 0.7590 - 265s/epoch - 976ms/step
Epoch 25/80
Validation cm: [[523 173  44 218]
 [315 148  11  88]
 [ 39   9   8  13]
 [ 65  34  10  18]]
Validation normalized_cm: [[0.546 0.181 0.046 0.228]
 [0.56  0.263 0.02  0.157]
 [0.565 0.13  0.116 0.188]
 [0.512 0.268 0.079 0.142]]
Validation acc: 0.40617715617715616
Validation class_accuracies: [0.545929018789144, 0.26334519572953735, 0.11594202898550725, 0.14173228346456693]
Validation sensitivity: 0.22955145118733508
Validation specificity: 0.545929018789144
Validation icbhi_score: 0.38774023498823956
Validation roc_auc: None
Validation avg_accuracy: 0.2667371317421889
Validation one_indexed_epoch: 25
The validation tracker metric at 0.5 hasn't increased by 0 in 24 epochs
Lr has been adjusted to 8.000000889296643e-06
272/272 - 268s - loss: 0.6129 - accuracy: 0.7570 - 268s/epoch - 985ms/step
Epoch 26/80
Validation cm: [[517 179  51 211]
 [299 160  16  87]
 [ 37  10   9  13]
 [ 62  36  12  17]]
Validation normalized_cm: [[0.54  0.187 0.053 0.22 ]
 [0.532 0.285 0.028 0.155]
 [0.536 0.145 0.13  0.188]
 [0.488 0.283 0.094 0.134]]
Validation acc: 0.40967365967365965
Validation class_accuracies: [0.5396659707724426, 0.2846975088967972, 0.13043478260869565, 0.13385826771653545]
Validation sensitivity: 0.24538258575197888
Validation specificity: 0.5396659707724426
Validation icbhi_score: 0.39252427826221076
Validation roc_auc: None
Validation avg_accuracy: 0.27216413249861776
Validation one_indexed_epoch: 26
The validation tracker metric at 0.5 hasn't increased by 0 in 25 epochs
272/272 - 267s - loss: 0.6220 - accuracy: 0.7547 - 267s/epoch - 981ms/step
Epoch 27/80
Validation cm: [[521 169  49 219]
 [308 152  14  88]
 [ 38  10   9  12]
 [ 63  34  12  18]]
Validation normalized_cm: [[0.544 0.176 0.051 0.229]
 [0.548 0.27  0.025 0.157]
 [0.551 0.145 0.13  0.174]
 [0.496 0.268 0.094 0.142]]
Validation acc: 0.40792540792540793
Validation class_accuracies: [0.5438413361169102, 0.2704626334519573, 0.13043478260869565, 0.14173228346456693]
Validation sensitivity: 0.23614775725593667
Validation specificity: 0.5438413361169102
Validation icbhi_score: 0.3899945466864234
Validation roc_auc: None
Validation avg_accuracy: 0.2716177589105325
Validation one_indexed_epoch: 27
The validation tracker metric at 0.5 hasn't increased by 0 in 26 epochs
272/272 - 265s - loss: 0.6013 - accuracy: 0.7565 - 265s/epoch - 976ms/step
Epoch 28/80
Validation cm: [[553 168  46 191]
 [322 147  13  80]
 [ 38  10   9  12]
 [ 64  34  12  17]]
Validation normalized_cm: [[0.577 0.175 0.048 0.199]
 [0.573 0.262 0.023 0.142]
 [0.551 0.145 0.13  0.174]
 [0.504 0.268 0.094 0.134]]
Validation acc: 0.4230769230769231
Validation class_accuracies: [0.5772442588726514, 0.2615658362989324, 0.13043478260869565, 0.13385826771653545]
Validation sensitivity: 0.22823218997361477
Validation specificity: 0.5772442588726514
Validation icbhi_score: 0.4027382244231331
Validation roc_auc: None
Validation avg_accuracy: 0.27577578637420375
Validation one_indexed_epoch: 28
The validation tracker metric at 0.5 hasn't increased by 0 in 27 epochs
272/272 - 267s - loss: 0.6177 - accuracy: 0.7560 - 267s/epoch - 982ms/step
Epoch 29/80
Validation cm: [[553 169  48 188]
 [324 148  11  79]
 [ 38  10   9  12]
 [ 65  34  11  17]]
Validation normalized_cm: [[0.577 0.176 0.05  0.196]
 [0.577 0.263 0.02  0.141]
 [0.551 0.145 0.13  0.174]
 [0.512 0.268 0.087 0.134]]
Validation acc: 0.42365967365967366
Validation class_accuracies: [0.5772442588726514, 0.26334519572953735, 0.13043478260869565, 0.13385826771653545]
Validation sensitivity: 0.22955145118733508
Validation specificity: 0.5772442588726514
Validation icbhi_score: 0.40339785502999326
Validation roc_auc: None
Validation avg_accuracy: 0.276220626231855
Validation one_indexed_epoch: 29
The validation tracker metric at 0.5 hasn't increased by 0 in 28 epochs
272/272 - 269s - loss: 0.6044 - accuracy: 0.7565 - 269s/epoch - 988ms/step
Epoch 30/80
Validation cm: [[543 174  46 195]
 [315 154  13  80]
 [ 38  10   9  12]
 [ 63  35  12  17]]
Validation normalized_cm: [[0.567 0.182 0.048 0.204]
 [0.56  0.274 0.023 0.142]
 [0.551 0.145 0.13  0.174]
 [0.496 0.276 0.094 0.134]]
Validation acc: 0.42132867132867136
Validation class_accuracies: [0.5668058455114823, 0.27402135231316727, 0.13043478260869565, 0.13385826771653545]
Validation sensitivity: 0.23746701846965698
Validation specificity: 0.5668058455114823
Validation icbhi_score: 0.40213643199056964
Validation roc_auc: None
Validation avg_accuracy: 0.2762800620374702
Validation one_indexed_epoch: 30
The validation tracker metric at 0.5 hasn't increased by 0 in 29 epochs
272/272 - 269s - loss: 0.6012 - accuracy: 0.7645 - 269s/epoch - 988ms/step
Epoch 31/80
Validation cm: [[528 181  47 202]
 [308 158  11  85]
 [ 38  10   9  12]
 [ 62  35  12  18]]
Validation normalized_cm: [[0.551 0.189 0.049 0.211]
 [0.548 0.281 0.02  0.151]
 [0.551 0.145 0.13  0.174]
 [0.488 0.276 0.094 0.142]]
Validation acc: 0.4155011655011655
Validation class_accuracies: [0.5511482254697286, 0.28113879003558717, 0.13043478260869565, 0.14173228346456693]
Validation sensitivity: 0.24406332453825857
Validation specificity: 0.5511482254697286
Validation icbhi_score: 0.39760577500399363
Validation roc_auc: None
Validation avg_accuracy: 0.2761135203946446
Validation one_indexed_epoch: 31
The number of epochs since last 1% equals the patience
Mel loss: <tf.Variable 'Variable:0' shape=() dtype=float32, numpy=0.5>
sinc loss: <tf.Variable 'Variable:0' shape=() dtype=float32, numpy=0.5>
272/272 - 270s - loss: 0.5999 - accuracy: 0.7579 - 270s/epoch - 994ms/step
----------------------------------
The best metrics for this job are: 

Best icbhi_score: 0.5
Best cm: [[958   0   0   0]
 [562   0   0   0]
 [ 69   0   0   0]
 [127   0   0   0]]
Best normalized_cm: [[1. 0. 0. 0.]
 [1. 0. 0. 0.]
 [1. 0. 0. 0.]
 [1. 0. 0. 0.]]
Best acc: 0.5582750582750583
Best class_accuracies: [1.0, 0.0, 0.0, 0.0]
Best sensitivity: 0.0
Best specificity: 1.0
Best roc_auc: None
Best avg_accuracy: 0.25
Best one_indexed_epoch: 1
icbhi_score
model
cm
normalized_cm
acc
class_accuracies
sensitivity
specificity
roc_auc
avg_accuracy
one_indexed_epoch
{'loss': [1.5944914817810059, 1.1998023986816406, 1.1092041730880737, 1.0473822355270386, 0.9842789173126221, 0.9293109774589539, 0.8721615076065063, 0.7857833504676819, 0.753103494644165, 0.7419453263282776, 0.7143598794937134, 0.6860990524291992, 0.6624280214309692, 0.639797031879425, 0.642920732498169, 0.6291596293449402, 0.6177391409873962, 0.6179853081703186, 0.6152232885360718, 0.6216473579406738, 0.6083040833473206, 0.6123626232147217, 0.6022981405258179, 0.6106991171836853, 0.61293625831604, 0.6220495700836182, 0.6012572646141052, 0.6176785230636597, 0.6044403910636902, 0.6011693477630615, 0.5998895764350891], 'accuracy': [0.3860657513141632, 0.46999311447143555, 0.5201195478439331, 0.5566797256469727, 0.5900207161903381, 0.6187629103660583, 0.6431363821029663, 0.6776270270347595, 0.6911934018135071, 0.6983214616775513, 0.7091285586357117, 0.7217751145362854, 0.7383306622505188, 0.7438491582870483, 0.73971027135849, 0.7440791130065918, 0.756955623626709, 0.751207172870636, 0.7601747512817383, 0.7482179999351501, 0.7587951421737671, 0.7615543603897095, 0.7581053376197815, 0.7590250372886658, 0.756955623626709, 0.7546562552452087, 0.7564957737922668, 0.7560358643531799, 0.7564957737922668, 0.7645435929298401, 0.757875382900238]}
Job id is 3.
-----------------------
--- Final training dataset went from 0 to 4634 elements, with 0 none's, 0 crakles, 0 wheezes and 0 both ---
--- Final Validation dataset contains 1431 elements, with 0 none, 0 crackles, 0 wheezes and 0 both ---
Initializing weights...
Model: "leaf_model9_model_efnet1_1"
______________________________________________________________________________________________________________
 Layer (type)                                    Output Shape                                Param #          
==============================================================================================================
 leaf (Leaf)                                     multiple                                    562              
                                                                                                              
 mel_filterbanks_1 (MelFilterbanks)              multiple                                    0 (unused)       
                                                                                                              
 sincnet (SincNet)                               multiple                                    0 (unused)       
                                                                                                              
 sequential_1 (Sequential)                       (None, 4)                                   6713713          
                                                                                                              
==============================================================================================================
Total params: 6,714,437
Trainable params: 6,649,822
Non-trainable params: 64,615
______________________________________________________________________________________________________________
Target metric is icbhi_score
Epoch 1/80
/home/alirachidi/classification_algorithm/trainers/modules/main/global_helpers.py:48: UserWarning: Matplotlib is currently using agg, which is a non-GUI backend, so cannot show the figure.
  plt.show()
WARNING:tensorflow:Gradients do not exist for variables ['kernel:0', 'Variable:0', 'Variable:0'] when minimizing the loss. If you're using `model.compile()`, did you forget to provide a `loss`argument?
WARNING:tensorflow:Gradients do not exist for variables ['kernel:0', 'Variable:0', 'Variable:0'] when minimizing the loss. If you're using `model.compile()`, did you forget to provide a `loss`argument?
WARNING:tensorflow:Gradients do not exist for variables ['kernel:0', 'Variable:0', 'Variable:0'] when minimizing the loss. If you're using `model.compile()`, did you forget to provide a `loss`argument?
WARNING:tensorflow:Gradients do not exist for variables ['kernel:0', 'Variable:0', 'Variable:0'] when minimizing the loss. If you're using `model.compile()`, did you forget to provide a `loss`argument?
Validation cm: [[535   0   0   0]
 [492   0   0   0]
 [198   0   0   0]
 [206   0   0   0]]
Validation normalized_cm: [[1. 0. 0. 0.]
 [1. 0. 0. 0.]
 [1. 0. 0. 0.]
 [1. 0. 0. 0.]]
Validation acc: 0.37386443046820406
Validation class_accuracies: [1.0, 0.0, 0.0, 0.0]
Validation sensitivity: 0.0
Validation specificity: 1.0
Validation icbhi_score: 0.5
Validation roc_auc: None
Validation avg_accuracy: 0.25
Validation one_indexed_epoch: 1
-- New best results were achieved. --
290/290 - 261s - loss: 1.5594 - accuracy: 0.4420 - 261s/epoch - 900ms/step
Epoch 2/80
Validation cm: [[535   0   0   0]
 [492   0   0   0]
 [198   0   0   0]
 [206   0   0   0]]
Validation normalized_cm: [[1. 0. 0. 0.]
 [1. 0. 0. 0.]
 [1. 0. 0. 0.]
 [1. 0. 0. 0.]]
Validation acc: 0.37386443046820406
Validation class_accuracies: [1.0, 0.0, 0.0, 0.0]
Validation sensitivity: 0.0
Validation specificity: 1.0
Validation icbhi_score: 0.5
Validation roc_auc: None
Validation avg_accuracy: 0.25
Validation one_indexed_epoch: 2
The validation tracker metric at 0.5 hasn't increased by 0 in 1 epochs
290/290 - 239s - loss: 1.1805 - accuracy: 0.4892 - 239s/epoch - 825ms/step
Epoch 3/80
Validation cm: [[534   0   0   1]
 [492   0   0   0]
 [198   0   0   0]
 [206   0   0   0]]
Validation normalized_cm: [[0.998 0.    0.    0.002]
 [1.    0.    0.    0.   ]
 [1.    0.    0.    0.   ]
 [1.    0.    0.    0.   ]]
Validation acc: 0.3731656184486373
Validation class_accuracies: [0.9981308411214953, 0.0, 0.0, 0.0]
Validation sensitivity: 0.0
Validation specificity: 0.9981308411214953
Validation icbhi_score: 0.49906542056074765
Validation roc_auc: None
Validation avg_accuracy: 0.24953271028037383
Validation one_indexed_epoch: 3
The validation tracker metric at 0.5 hasn't increased by 0 in 2 epochs
290/290 - 238s - loss: 1.1625 - accuracy: 0.4929 - 238s/epoch - 820ms/step
Epoch 4/80
Validation cm: [[535   0   0   0]
 [491   0   0   1]
 [198   0   0   0]
 [206   0   0   0]]
Validation normalized_cm: [[1.    0.    0.    0.   ]
 [0.998 0.    0.    0.002]
 [1.    0.    0.    0.   ]
 [1.    0.    0.    0.   ]]
Validation acc: 0.37386443046820406
Validation class_accuracies: [1.0, 0.0, 0.0, 0.0]
Validation sensitivity: 0.0
Validation specificity: 1.0
Validation icbhi_score: 0.5
Validation roc_auc: None
Validation avg_accuracy: 0.25
Validation one_indexed_epoch: 4
The validation tracker metric at 0.5 hasn't increased by 0 in 3 epochs
290/290 - 239s - loss: 1.1457 - accuracy: 0.4998 - 239s/epoch - 824ms/step
Epoch 5/80
Validation cm: [[532   0   3   0]
 [491   0   1   0]
 [198   0   0   0]
 [205   0   1   0]]
Validation normalized_cm: [[0.994 0.    0.006 0.   ]
 [0.998 0.    0.002 0.   ]
 [1.    0.    0.    0.   ]
 [0.995 0.    0.005 0.   ]]
Validation acc: 0.37176799440950387
Validation class_accuracies: [0.994392523364486, 0.0, 0.0, 0.0]
Validation sensitivity: 0.0
Validation specificity: 0.994392523364486
Validation icbhi_score: 0.497196261682243
Validation roc_auc: None
Validation avg_accuracy: 0.2485981308411215
Validation one_indexed_epoch: 5
The validation tracker metric at 0.5 hasn't increased by 0 in 4 epochs
290/290 - 239s - loss: 1.1262 - accuracy: 0.5166 - 239s/epoch - 824ms/step
Epoch 6/80
Validation cm: [[535   0   0   0]
 [492   0   0   0]
 [198   0   0   0]
 [206   0   0   0]]
Validation normalized_cm: [[1. 0. 0. 0.]
 [1. 0. 0. 0.]
 [1. 0. 0. 0.]
 [1. 0. 0. 0.]]
Validation acc: 0.37386443046820406
Validation class_accuracies: [1.0, 0.0, 0.0, 0.0]
Validation sensitivity: 0.0
Validation specificity: 1.0
Validation icbhi_score: 0.5
Validation roc_auc: None
Validation avg_accuracy: 0.25
Validation one_indexed_epoch: 6
The validation tracker metric at 0.5 hasn't increased by 0 in 5 epochs
290/290 - 239s - loss: 1.1016 - accuracy: 0.5246 - 239s/epoch - 824ms/step
Epoch 7/80
Validation cm: [[510   0  25   0]
 [473   0  19   0]
 [188   0  10   0]
 [201   0   5   0]]
Validation normalized_cm: [[0.953 0.    0.047 0.   ]
 [0.961 0.    0.039 0.   ]
 [0.949 0.    0.051 0.   ]
 [0.976 0.    0.024 0.   ]]
Validation acc: 0.363382250174703
Validation class_accuracies: [0.9532710280373832, 0.0, 0.050505050505050504, 0.0]
Validation sensitivity: 0.011160714285714286
Validation specificity: 0.9532710280373832
Validation icbhi_score: 0.48221587116154874
Validation roc_auc: None
Validation avg_accuracy: 0.2509440196356084
Validation one_indexed_epoch: 7
The validation tracker metric at 0.5 hasn't increased by 0 in 6 epochs
Lr has been adjusted to 0.0010000000474974513
290/290 - 240s - loss: 1.0781 - accuracy: 0.5434 - 240s/epoch - 827ms/step
Epoch 8/80
Validation cm: [[174   0 361   0]
 [195   0 297   0]
 [ 60   0 138   0]
 [ 82   0 124   0]]
Validation normalized_cm: [[0.325 0.    0.675 0.   ]
 [0.396 0.    0.604 0.   ]
 [0.303 0.    0.697 0.   ]
 [0.398 0.    0.602 0.   ]]
Validation acc: 0.2180293501048218
Validation class_accuracies: [0.3252336448598131, 0.0, 0.696969696969697, 0.0]
Validation sensitivity: 0.15401785714285715
Validation specificity: 0.3252336448598131
Validation icbhi_score: 0.23962575100133512
Validation roc_auc: None
Validation avg_accuracy: 0.25555083545737756
Validation one_indexed_epoch: 8
The validation tracker metric at 0.5 hasn't increased by 0 in 7 epochs
290/290 - 244s - loss: 1.0192 - accuracy: 0.5719 - 244s/epoch - 840ms/step
Epoch 9/80
Validation cm: [[ 62   0 473   0]
 [ 26   0 466   0]
 [  4   0 194   0]
 [ 13   0 193   0]]
Validation normalized_cm: [[0.116 0.    0.884 0.   ]
 [0.053 0.    0.947 0.   ]
 [0.02  0.    0.98  0.   ]
 [0.063 0.    0.937 0.   ]]
Validation acc: 0.17889587700908455
Validation class_accuracies: [0.11588785046728972, 0.0, 0.9797979797979798, 0.0]
Validation sensitivity: 0.21651785714285715
Validation specificity: 0.11588785046728972
Validation icbhi_score: 0.16620285380507344
Validation roc_auc: None
Validation avg_accuracy: 0.27392145756631736
Validation one_indexed_epoch: 9
The validation tracker metric at 0.5 hasn't increased by 0 in 8 epochs
290/290 - 240s - loss: 1.0055 - accuracy: 0.5760 - 240s/epoch - 829ms/step
Epoch 10/80
Validation cm: [[438   1  95   1]
 [412   2  78   0]
 [164   2  32   0]
 [183   0  23   0]]
Validation normalized_cm: [[0.819 0.002 0.178 0.002]
 [0.837 0.004 0.159 0.   ]
 [0.828 0.01  0.162 0.   ]
 [0.888 0.    0.112 0.   ]]
Validation acc: 0.32983927323549966
Validation class_accuracies: [0.8186915887850468, 0.0040650406504065045, 0.16161616161616163, 0.0]
Validation sensitivity: 0.03794642857142857
Validation specificity: 0.8186915887850468
Validation icbhi_score: 0.4283190086782377
Validation roc_auc: None
Validation avg_accuracy: 0.24609319776290373
Validation one_indexed_epoch: 10
The validation tracker metric at 0.5 hasn't increased by 0 in 9 epochs
290/290 - 240s - loss: 0.9863 - accuracy: 0.5924 - 240s/epoch - 829ms/step
Epoch 11/80
Validation cm: [[190   0 344   1]
 [172   0 320   0]
 [ 66   0 132   0]
 [ 76   0 130   0]]
Validation normalized_cm: [[0.355 0.    0.643 0.002]
 [0.35  0.    0.65  0.   ]
 [0.333 0.    0.667 0.   ]
 [0.369 0.    0.631 0.   ]]
Validation acc: 0.22501747030048916
Validation class_accuracies: [0.35514018691588783, 0.0, 0.6666666666666666, 0.0]
Validation sensitivity: 0.14732142857142858
Validation specificity: 0.35514018691588783
Validation icbhi_score: 0.2512308077436582
Validation roc_auc: None
Validation avg_accuracy: 0.2554517133956386
Validation one_indexed_epoch: 11
The validation tracker metric at 0.5 hasn't increased by 0 in 10 epochs
Mel loss: <tf.Variable 'Variable:0' shape=() dtype=float32, numpy=0.5>
sinc loss: <tf.Variable 'Variable:0' shape=() dtype=float32, numpy=0.5>
290/290 - 241s - loss: 0.9716 - accuracy: 0.6001 - 241s/epoch - 830ms/step
Epoch 12/80
Validation cm: [[131   0 398   6]
 [ 96   5 379  12]
 [ 40   0 156   2]
 [ 39   0 166   1]]
Validation normalized_cm: [[0.245 0.    0.744 0.011]
 [0.195 0.01  0.77  0.024]
 [0.202 0.    0.788 0.01 ]
 [0.189 0.    0.806 0.005]]
Validation acc: 0.20475192173305382
Validation class_accuracies: [0.24485981308411214, 0.01016260162601626, 0.7878787878787878, 0.0048543689320388345]
Validation sensitivity: 0.18080357142857142
Validation specificity: 0.24485981308411214
Validation icbhi_score: 0.2128316922563418
Validation roc_auc: None
Validation avg_accuracy: 0.2619388928802388
Validation one_indexed_epoch: 12
The validation tracker metric at 0.5 hasn't increased by 0 in 11 epochs
290/290 - 242s - loss: 0.9640 - accuracy: 0.5971 - 242s/epoch - 833ms/step
Epoch 13/80
Validation cm: [[229   0 302   4]
 [159   0 324   9]
 [ 67   0 130   1]
 [ 79   0 127   0]]
Validation normalized_cm: [[0.428 0.    0.564 0.007]
 [0.323 0.    0.659 0.018]
