Tensorflow Version: 2.8.0
Num GPUs Available:  1
Collecting Variables...
All variables have been collected.
../cache/
cw
train140
Description:  effnet: kfold, mel, no normalizing, 1 optimizer w adaptive lr, overlap threshold = 0.3,
-----------------------
Job id is 1.
Job dir: ../cache/cw/train140/1
- Loading Icbhi.
725 Icbhi audios have been loaded.
- Preparing Icbhi.
112 Icbhi groups of audio chunks (by filename or patients) have been prepared.
--- Samples are being split into training/val groups and de-grouped by patient ---
Job id is 2.
-----------------------
--- Final training dataset went from 0 to 4349 elements, with 0 none's, 0 crakles, 0 wheezes and 0 both ---
--- Final Validation dataset contains 1716 elements, with 0 none, 0 crackles, 0 wheezes and 0 both ---
Initializing weights...
Model: "leaf_model9_model_efnet1"
______________________________________________________________________________________________________________
 Layer (type)                                    Output Shape                                Param #          
==============================================================================================================
 mel_filterbanks (MelFilterbanks)                multiple                                    0                
                                                                                                              
 mel_filterbanks_1 (MelFilterbanks)              multiple                                    0 (unused)       
                                                                                                              
 sincnet (SincNet)                               multiple                                    0 (unused)       
                                                                                                              
 sequential (Sequential)                         (None, 4)                                   6713713          
                                                                                                              
==============================================================================================================
Total params: 6,713,875
Trainable params: 6,649,260
Non-trainable params: 64,615
______________________________________________________________________________________________________________
Target metric is icbhi_score
Epoch 1/80
WARNING:tensorflow:Gradients do not exist for variables ['kernel:0', 'Variable:0', 'Variable:0'] when minimizing the loss. If you're using `model.compile()`, did you forget to provide a `loss`argument?
WARNING:tensorflow:Gradients do not exist for variables ['kernel:0', 'Variable:0', 'Variable:0'] when minimizing the loss. If you're using `model.compile()`, did you forget to provide a `loss`argument?
WARNING:tensorflow:Gradients do not exist for variables ['kernel:0', 'Variable:0', 'Variable:0'] when minimizing the loss. If you're using `model.compile()`, did you forget to provide a `loss`argument?
WARNING:tensorflow:Gradients do not exist for variables ['kernel:0', 'Variable:0', 'Variable:0'] when minimizing the loss. If you're using `model.compile()`, did you forget to provide a `loss`argument?
Validation cm: [[955   2   1   0]
 [559   3   0   0]
 [ 69   0   0   0]
 [127   0   0   0]]
Validation normalized_cm: [[0.997 0.002 0.001 0.   ]
 [0.995 0.005 0.    0.   ]
 [1.    0.    0.    0.   ]
 [1.    0.    0.    0.   ]]
Validation acc: 0.5582750582750583
Validation class_accuracies: [0.9968684759916493, 0.005338078291814947, 0.0, 0.0]
Validation sensitivity: 0.00395778364116095
Validation specificity: 0.9968684759916493
Validation icbhi_score: 0.5004131298164052
Validation roc_auc: None
Validation avg_accuracy: 0.25055163857086604
Validation one_indexed_epoch: 1
-- New best results were achieved. --
There is no such attribute
272/272 - 151s - loss: 1.3713 - accuracy: 0.3463 - 151s/epoch - 556ms/step
Epoch 2/80
Validation cm: [[950   7   1   0]
 [553   9   0   0]
 [ 68   1   0   0]
 [126   1   0   0]]
Validation normalized_cm: [[0.992 0.007 0.001 0.   ]
 [0.984 0.016 0.    0.   ]
 [0.986 0.014 0.    0.   ]
 [0.992 0.008 0.    0.   ]]
Validation acc: 0.5588578088578089
Validation class_accuracies: [0.9916492693110647, 0.01601423487544484, 0.0, 0.0]
Validation sensitivity: 0.011873350923482849
Validation specificity: 0.9916492693110647
Validation icbhi_score: 0.5017613101172738
Validation roc_auc: None
Validation avg_accuracy: 0.25191587604662735
Validation one_indexed_epoch: 2
-- New best results were achieved. --
There is no such attribute
272/272 - 141s - loss: 1.3243 - accuracy: 0.3941 - 141s/epoch - 518ms/step
Epoch 3/80
Validation cm: [[957   1   0   0]
 [562   0   0   0]
 [ 69   0   0   0]
 [127   0   0   0]]
Validation normalized_cm: [[0.999 0.001 0.    0.   ]
 [1.    0.    0.    0.   ]
 [1.    0.    0.    0.   ]
 [1.    0.    0.    0.   ]]
Validation acc: 0.5576923076923077
Validation class_accuracies: [0.9989561586638831, 0.0, 0.0, 0.0]
Validation sensitivity: 0.0
Validation specificity: 0.9989561586638831
Validation icbhi_score: 0.49947807933194155
Validation roc_auc: None
Validation avg_accuracy: 0.24973903966597077
Validation one_indexed_epoch: 3
The validation tracker metric at 0.5017613101172738 hasn't increased by 0 in 1 epochs
There is no such attribute
272/272 - 142s - loss: 1.2918 - accuracy: 0.4120 - 142s/epoch - 522ms/step
Epoch 4/80
Validation cm: [[933  24   1   0]
 [537  25   0   0]
 [ 65   4   0   0]
 [120   7   0   0]]
Validation normalized_cm: [[0.974 0.025 0.001 0.   ]
 [0.956 0.044 0.    0.   ]
 [0.942 0.058 0.    0.   ]
 [0.945 0.055 0.    0.   ]]
Validation acc: 0.5582750582750583
Validation class_accuracies: [0.9739039665970772, 0.04448398576512456, 0.0, 0.0]
Validation sensitivity: 0.032981530343007916
Validation specificity: 0.9739039665970772
Validation icbhi_score: 0.5034427484700426
Validation roc_auc: None
Validation avg_accuracy: 0.2545969880905504
Validation one_indexed_epoch: 4
-- New best results were achieved. --
There is no such attribute
272/272 - 175s - loss: 1.2706 - accuracy: 0.4254 - 175s/epoch - 644ms/step
Epoch 5/80
Validation cm: [[956   2   0   0]
 [561   1   0   0]
 [ 69   0   0   0]
 [127   0   0   0]]
Validation normalized_cm: [[0.998 0.002 0.    0.   ]
 [0.998 0.002 0.    0.   ]
 [1.    0.    0.    0.   ]
 [1.    0.    0.    0.   ]]
Validation acc: 0.5576923076923077
Validation class_accuracies: [0.9979123173277662, 0.0017793594306049821, 0.0, 0.0]
Validation sensitivity: 0.0013192612137203166
Validation specificity: 0.9979123173277662
Validation icbhi_score: 0.49961578927074324
Validation roc_auc: None
Validation avg_accuracy: 0.2499229191895928
Validation one_indexed_epoch: 5
The validation tracker metric at 0.5034427484700426 hasn't increased by 0 in 1 epochs
There is no such attribute
272/272 - 151s - loss: 1.2475 - accuracy: 0.4362 - 151s/epoch - 554ms/step
Epoch 6/80
Validation cm: [[831 117   7   3]
 [445 109   2   6]
 [ 64   4   0   1]
 [ 88  36   2   1]]
Validation normalized_cm: [[0.867 0.122 0.007 0.003]
 [0.792 0.194 0.004 0.011]
 [0.928 0.058 0.    0.014]
 [0.693 0.283 0.016 0.008]]
Validation acc: 0.5483682983682984
Validation class_accuracies: [0.8674321503131524, 0.19395017793594305, 0.0, 0.007874015748031496]
Validation sensitivity: 0.14511873350923482
Validation specificity: 0.8674321503131524
Validation icbhi_score: 0.5062754419111936
Validation roc_auc: None
Validation avg_accuracy: 0.26731408599928175
Validation one_indexed_epoch: 6
-- New best results were achieved. --
There is no such attribute
272/272 - 245s - loss: 1.2340 - accuracy: 0.4468 - 245s/epoch - 900ms/step
Epoch 7/80
Validation cm: [[941  16   1   0]
 [523  39   0   0]
 [ 67   2   0   0]
 [125   2   0   0]]
Validation normalized_cm: [[0.982 0.017 0.001 0.   ]
 [0.931 0.069 0.    0.   ]
 [0.971 0.029 0.    0.   ]
 [0.984 0.016 0.    0.   ]]
Validation acc: 0.5710955710955711
Validation class_accuracies: [0.9822546972860126, 0.0693950177935943, 0.0, 0.0]
Validation sensitivity: 0.051451187335092345
Validation specificity: 0.9822546972860126
Validation icbhi_score: 0.5168529423105525
Validation roc_auc: None
Validation avg_accuracy: 0.26291242876990173
Validation one_indexed_epoch: 7
-- New best results were achieved. --
There is no such attribute
272/272 - 254s - loss: 1.2132 - accuracy: 0.4631 - 254s/epoch - 933ms/step
Epoch 8/80
Validation cm: [[953   5   0   0]
 [555   7   0   0]
 [ 69   0   0   0]
 [123   4   0   0]]
Validation normalized_cm: [[0.995 0.005 0.    0.   ]
 [0.988 0.012 0.    0.   ]
 [1.    0.    0.    0.   ]
 [0.969 0.031 0.    0.   ]]
Validation acc: 0.5594405594405595
Validation class_accuracies: [0.9947807933194155, 0.012455516014234875, 0.0, 0.0]
Validation sensitivity: 0.009234828496042216
Validation specificity: 0.9947807933194155
Validation icbhi_score: 0.5020078109077288
Validation roc_auc: None
Validation avg_accuracy: 0.25180907733341257
Validation one_indexed_epoch: 8
The validation tracker metric at 0.5168529423105525 hasn't increased by 0 in 1 epochs
There is no such attribute
272/272 - 256s - loss: 1.1964 - accuracy: 0.4624 - 256s/epoch - 940ms/step
Epoch 9/80
Validation cm: [[917  34   2   5]
 [489  67   2   4]
 [ 67   1   0   1]
 [113  14   0   0]]
Validation normalized_cm: [[0.957 0.035 0.002 0.005]
 [0.87  0.119 0.004 0.007]
 [0.971 0.014 0.    0.014]
 [0.89  0.11  0.    0.   ]]
Validation acc: 0.5734265734265734
Validation class_accuracies: [0.9572025052192067, 0.11921708185053381, 0.0, 0.0]
Validation sensitivity: 0.08839050131926121
Validation specificity: 0.9572025052192067
Validation icbhi_score: 0.522796503269234
Validation roc_auc: None
Validation avg_accuracy: 0.2691048967674351
Validation one_indexed_epoch: 9
-- New best results were achieved. --
There is no such attribute
272/272 - 256s - loss: 1.2014 - accuracy: 0.4599 - 256s/epoch - 941ms/step
Epoch 10/80
Validation cm: [[916  42   0   0]
 [525  37   0   0]
 [ 68   1   0   0]
 [112  14   0   1]]
Validation normalized_cm: [[0.956 0.044 0.    0.   ]
 [0.934 0.066 0.    0.   ]
 [0.986 0.014 0.    0.   ]
 [0.882 0.11  0.    0.008]]
Validation acc: 0.5559440559440559
Validation class_accuracies: [0.9561586638830898, 0.06583629893238434, 0.0, 0.007874015748031496]
Validation sensitivity: 0.05013192612137203
Validation specificity: 0.9561586638830898
Validation icbhi_score: 0.5031452950022309
Validation roc_auc: None
Validation avg_accuracy: 0.2574672446408764
Validation one_indexed_epoch: 10
The validation tracker metric at 0.522796503269234 hasn't increased by 0 in 1 epochs
There is no such attribute
272/272 - 184s - loss: 1.1719 - accuracy: 0.4709 - 184s/epoch - 677ms/step
Epoch 11/80
Validation cm: [[712 241   5   0]
 [305 250   3   4]
 [ 50  19   0   0]
 [ 52  72   2   1]]
Validation normalized_cm: [[0.743 0.252 0.005 0.   ]
 [0.543 0.445 0.005 0.007]
 [0.725 0.275 0.    0.   ]
 [0.409 0.567 0.016 0.008]]
Validation acc: 0.5611888111888111
Validation class_accuracies: [0.7432150313152401, 0.44483985765124556, 0.0, 0.007874015748031496]
Validation sensitivity: 0.3311345646437995
Validation specificity: 0.7432150313152401
Validation icbhi_score: 0.5371747979795198
Validation roc_auc: None
Validation avg_accuracy: 0.2989822261786293
Validation one_indexed_epoch: 11
-- New best results were achieved. --
Mel loss: <tf.Variable 'Variable:0' shape=() dtype=float32, numpy=0.5>
sinc loss: <tf.Variable 'Variable:0' shape=() dtype=float32, numpy=0.5>
There is no such attribute
272/272 - 219s - loss: 1.1628 - accuracy: 0.4875 - 219s/epoch - 806ms/step
Epoch 12/80
Validation cm: [[951   6   0   1]
 [557   4   1   0]
 [ 69   0   0   0]
 [123   2   1   1]]
Validation normalized_cm: [[0.993 0.006 0.    0.001]
 [0.991 0.007 0.002 0.   ]
 [1.    0.    0.    0.   ]
 [0.969 0.016 0.008 0.008]]
Validation acc: 0.5571095571095571
Validation class_accuracies: [0.9926931106471816, 0.0071174377224199285, 0.0, 0.007874015748031496]
Validation sensitivity: 0.006596306068601583
Validation specificity: 0.9926931106471816
Validation icbhi_score: 0.4996447083578916
Validation roc_auc: None
Validation avg_accuracy: 0.25192114102940827
Validation one_indexed_epoch: 12
The validation tracker metric at 0.5371747979795198 hasn't increased by 0 in 1 epochs
There is no such attribute
272/272 - 258s - loss: 1.1438 - accuracy: 0.4946 - 258s/epoch - 949ms/step
Epoch 13/80
Validation cm: [[920  35   1   2]
 [511  44   4   3]
 [ 65   4   0   0]
 [111  13   3   0]]
Validation normalized_cm: [[0.96  0.037 0.001 0.002]
 [0.909 0.078 0.007 0.005]
 [0.942 0.058 0.    0.   ]
 [0.874 0.102 0.024 0.   ]]
Validation acc: 0.5617715617715617
Validation class_accuracies: [0.9603340292275574, 0.07829181494661921, 0.0, 0.0]
Validation sensitivity: 0.05804749340369393
Validation specificity: 0.9603340292275574
Validation icbhi_score: 0.5091907613156257
Validation roc_auc: None
Validation avg_accuracy: 0.2596564610435442
Validation one_indexed_epoch: 13
The validation tracker metric at 0.5371747979795198 hasn't increased by 0 in 2 epochs
There is no such attribute
272/272 - 258s - loss: 1.1363 - accuracy: 0.5029 - 258s/epoch - 949ms/step
Epoch 14/80
Validation cm: [[929  29   0   0]
 [536  25   0   1]
 [ 67   2   0   0]
 [115  12   0   0]]
Validation normalized_cm: [[0.97  0.03  0.    0.   ]
 [0.954 0.044 0.    0.002]
 [0.971 0.029 0.    0.   ]
 [0.906 0.094 0.    0.   ]]
Validation acc: 0.5559440559440559
Validation class_accuracies: [0.9697286012526096, 0.04448398576512456, 0.0, 0.0]
Validation sensitivity: 0.032981530343007916
Validation specificity: 0.9697286012526096
Validation icbhi_score: 0.5013550657978088
Validation roc_auc: None
Validation avg_accuracy: 0.2535531467544335
Validation one_indexed_epoch: 14
The validation tracker metric at 0.5371747979795198 hasn't increased by 0 in 3 epochs
There is no such attribute
272/272 - 255s - loss: 1.1230 - accuracy: 0.5036 - 255s/epoch - 938ms/step
Epoch 15/80
Validation cm: [[851  82  12  13]
 [470  81   7   4]
 [ 61   6   1   1]
 [ 88  34   2   3]]
Validation normalized_cm: [[0.888 0.086 0.013 0.014]
 [0.836 0.144 0.012 0.007]
 [0.884 0.087 0.014 0.014]
 [0.693 0.268 0.016 0.024]]
Validation acc: 0.5454545454545454
Validation class_accuracies: [0.8883089770354906, 0.14412811387900357, 0.014492753623188406, 0.023622047244094488]
Validation sensitivity: 0.11213720316622691
Validation specificity: 0.8883089770354906
Validation icbhi_score: 0.5002230901008587
Validation roc_auc: None
Validation avg_accuracy: 0.2676379729454443
Validation one_indexed_epoch: 15
The validation tracker metric at 0.5371747979795198 hasn't increased by 0 in 4 epochs
There is no such attribute
272/272 - 206s - loss: 1.0998 - accuracy: 0.5197 - 206s/epoch - 759ms/step
Epoch 16/80
Validation cm: [[936  19   2   1]
 [529  29   1   3]
 [ 69   0   0   0]
 [116   8   1   2]]
Validation normalized_cm: [[0.977 0.02  0.002 0.001]
 [0.941 0.052 0.002 0.005]
 [1.    0.    0.    0.   ]
 [0.913 0.063 0.008 0.016]]
Validation acc: 0.5635198135198135
Validation class_accuracies: [0.9770354906054279, 0.051601423487544484, 0.0, 0.015748031496062992]
Validation sensitivity: 0.040897097625329816
Validation specificity: 0.9770354906054279
Validation icbhi_score: 0.5089662941153789
Validation roc_auc: None
Validation avg_accuracy: 0.2610962363972589
Validation one_indexed_epoch: 16
The validation tracker metric at 0.5371747979795198 hasn't increased by 0 in 5 epochs
There is no such attribute
272/272 - 200s - loss: 1.0942 - accuracy: 0.5171 - 200s/epoch - 735ms/step
Epoch 17/80
Validation cm: [[916  42   0   0]
 [509  53   0   0]
 [ 68   1   0   0]
 [111  15   1   0]]
Validation normalized_cm: [[0.956 0.044 0.    0.   ]
 [0.906 0.094 0.    0.   ]
 [0.986 0.014 0.    0.   ]
 [0.874 0.118 0.008 0.   ]]
Validation acc: 0.5646853146853147
Validation class_accuracies: [0.9561586638830898, 0.09430604982206406, 0.0, 0.0]
Validation sensitivity: 0.06992084432717678
Validation specificity: 0.9561586638830898
Validation icbhi_score: 0.5130397541051332
Validation roc_auc: None
Validation avg_accuracy: 0.2626161784262885
Validation one_indexed_epoch: 17
The validation tracker metric at 0.5371747979795198 hasn't increased by 0 in 6 epochs
There is no such attribute
272/272 - 258s - loss: 1.0643 - accuracy: 0.5360 - 258s/epoch - 949ms/step
Epoch 18/80
Validation cm: [[836 112   6   4]
 [438 115   6   3]
 [ 64   4   0   1]
 [ 82  38   4   3]]
Validation normalized_cm: [[0.873 0.117 0.006 0.004]
 [0.779 0.205 0.011 0.005]
 [0.928 0.058 0.    0.014]
 [0.646 0.299 0.031 0.024]]
Validation acc: 0.5559440559440559
Validation class_accuracies: [0.872651356993737, 0.20462633451957296, 0.0, 0.023622047244094488]
Validation sensitivity: 0.15567282321899736
Validation specificity: 0.872651356993737
Validation icbhi_score: 0.5141620901063672
Validation roc_auc: None
Validation avg_accuracy: 0.2752249346893511
Validation one_indexed_epoch: 18
The validation tracker metric at 0.5371747979795198 hasn't increased by 0 in 7 epochs
There is no such attribute
272/272 - 258s - loss: 1.0544 - accuracy: 0.5291 - 258s/epoch - 948ms/step
Epoch 19/80
Validation cm: [[831  72  26  29]
 [445  97   7  13]
 [ 56   5   4   4]
 [ 77  33  11   6]]
Validation normalized_cm: [[0.867 0.075 0.027 0.03 ]
 [0.792 0.173 0.012 0.023]
 [0.812 0.072 0.058 0.058]
 [0.606 0.26  0.087 0.047]]
Validation acc: 0.5466200466200466
Validation class_accuracies: [0.8674321503131524, 0.17259786476868327, 0.057971014492753624, 0.047244094488188976]
Validation sensitivity: 0.14116094986807387
Validation specificity: 0.8674321503131524
Validation icbhi_score: 0.5042965500906131
Validation roc_auc: None
Validation avg_accuracy: 0.28631128101569453
Validation one_indexed_epoch: 19
The validation tracker metric at 0.5371747979795198 hasn't increased by 0 in 8 epochs
There is no such attribute
272/272 - 256s - loss: 1.0457 - accuracy: 0.5484 - 256s/epoch - 941ms/step
Epoch 20/80
Validation cm: [[722 221  12   3]
 [271 278   8   5]
 [ 52  14   2   1]
 [ 47  77   3   0]]
Validation normalized_cm: [[0.754 0.231 0.013 0.003]
 [0.482 0.495 0.014 0.009]
 [0.754 0.203 0.029 0.014]
 [0.37  0.606 0.024 0.   ]]
Validation acc: 0.583916083916084
Validation class_accuracies: [0.7536534446764092, 0.49466192170818507, 0.028985507246376812, 0.0]
Validation sensitivity: 0.36939313984168864
Validation specificity: 0.7536534446764092
Validation icbhi_score: 0.561523292259049
Validation roc_auc: None
Validation avg_accuracy: 0.31932521840774275
Validation one_indexed_epoch: 20
-- New best results were achieved. --
There is no such attribute
272/272 - 228s - loss: 1.0282 - accuracy: 0.5560 - 228s/epoch - 839ms/step
Epoch 21/80
Validation cm: [[909  38   5   6]
 [504  53   2   3]
 [ 66   2   1   0]
 [106  15   6   0]]
Validation normalized_cm: [[0.949 0.04  0.005 0.006]
 [0.897 0.094 0.004 0.005]
 [0.957 0.029 0.014 0.   ]
 [0.835 0.118 0.047 0.   ]]
Validation acc: 0.5611888111888111
Validation class_accuracies: [0.9488517745302714, 0.09430604982206406, 0.014492753623188406, 0.0]
Validation sensitivity: 0.0712401055408971
Validation specificity: 0.9488517745302714
Validation icbhi_score: 0.5100459400355842
Validation roc_auc: None
Validation avg_accuracy: 0.26441264449388097
Validation one_indexed_epoch: 21
The validation tracker metric at 0.561523292259049 hasn't increased by 0 in 1 epochs
Mel loss: <tf.Variable 'Variable:0' shape=() dtype=float32, numpy=0.5>
sinc loss: <tf.Variable 'Variable:0' shape=() dtype=float32, numpy=0.5>
There is no such attribute
272/272 - 183s - loss: 1.0133 - accuracy: 0.5673 - 183s/epoch - 672ms/step
Epoch 22/80
Validation cm: [[665 249  26  18]
 [239 301   8  14]
 [ 42  17   8   2]
 [ 33  79  14   1]]
Validation normalized_cm: [[0.694 0.26  0.027 0.019]
 [0.425 0.536 0.014 0.025]
 [0.609 0.246 0.116 0.029]
 [0.26  0.622 0.11  0.008]]
Validation acc: 0.5681818181818182
Validation class_accuracies: [0.6941544885177453, 0.5355871886120996, 0.11594202898550725, 0.007874015748031496]
Validation sensitivity: 0.40897097625329815
Validation specificity: 0.6941544885177453
Validation icbhi_score: 0.5515627323855217
Validation roc_auc: None
Validation avg_accuracy: 0.3383894304658459
Validation one_indexed_epoch: 22
The validation tracker metric at 0.561523292259049 hasn't increased by 0 in 2 epochs
There is no such attribute
272/272 - 260s - loss: 1.0016 - accuracy: 0.5597 - 260s/epoch - 957ms/step
Epoch 23/80
Validation cm: [[705 235  14   4]
 [289 265   5   3]
 [ 53  13   2   1]
 [ 50  65   8   4]]
Validation normalized_cm: [[0.736 0.245 0.015 0.004]
 [0.514 0.472 0.009 0.005]
 [0.768 0.188 0.029 0.014]
 [0.394 0.512 0.063 0.031]]
Validation acc: 0.5687645687645687
Validation class_accuracies: [0.7359081419624217, 0.47153024911032027, 0.028985507246376812, 0.031496062992125984]
Validation sensitivity: 0.3575197889182058
Validation specificity: 0.7359081419624217
Validation icbhi_score: 0.5467139654403137
Validation roc_auc: None
Validation avg_accuracy: 0.31697999032781116
Validation one_indexed_epoch: 23
The validation tracker metric at 0.561523292259049 hasn't increased by 0 in 3 epochs
There is no such attribute
272/272 - 260s - loss: 0.9843 - accuracy: 0.5716 - 260s/epoch - 954ms/step
Epoch 24/80
Validation cm: [[807 104  29  18]
 [359 178   8  17]
 [ 51   5   4   9]
 [ 66  41  14   6]]
Validation normalized_cm: [[0.842 0.109 0.03  0.019]
 [0.639 0.317 0.014 0.03 ]
 [0.739 0.072 0.058 0.13 ]
 [0.52  0.323 0.11  0.047]]
Validation acc: 0.5798368298368298
Validation class_accuracies: [0.8423799582463466, 0.3167259786476868, 0.057971014492753624, 0.047244094488188976]
Validation sensitivity: 0.24802110817941952
Validation specificity: 0.8423799582463466
Validation icbhi_score: 0.5452005332128831
Validation roc_auc: None
Validation avg_accuracy: 0.31608026146874396
Validation one_indexed_epoch: 24
The validation tracker metric at 0.561523292259049 hasn't increased by 0 in 4 epochs
There is no such attribute
272/272 - 259s - loss: 0.9815 - accuracy: 0.5652 - 259s/epoch - 953ms/step
Epoch 25/80
Validation cm: [[826 103  17  12]
 [405 144   7   6]
 [ 53   8   5   3]
 [ 63  43  15   6]]
Validation normalized_cm: [[0.862 0.108 0.018 0.013]
 [0.721 0.256 0.012 0.011]
 [0.768 0.116 0.072 0.043]
 [0.496 0.339 0.118 0.047]]
Validation acc: 0.5716783216783217
Validation class_accuracies: [0.8622129436325678, 0.25622775800711745, 0.07246376811594203, 0.047244094488188976]
Validation sensitivity: 0.20448548812664907
Validation specificity: 0.8622129436325678
Validation icbhi_score: 0.5333492158796085
Validation roc_auc: None
Validation avg_accuracy: 0.3095371410609541
Validation one_indexed_epoch: 25
The validation tracker metric at 0.561523292259049 hasn't increased by 0 in 5 epochs
There is no such attribute
272/272 - 246s - loss: 0.9577 - accuracy: 0.5847 - 246s/epoch - 903ms/step
Epoch 26/80
Validation cm: [[576 312  35  35]
 [172 364   8  18]
 [ 30  23  13   3]
 [ 31  69  21   6]]
Validation normalized_cm: [[0.601 0.326 0.037 0.037]
 [0.306 0.648 0.014 0.032]
 [0.435 0.333 0.188 0.043]
 [0.244 0.543 0.165 0.047]]
Validation acc: 0.5588578088578089
Validation class_accuracies: [0.6012526096033403, 0.6476868327402135, 0.18840579710144928, 0.047244094488188976]
Validation sensitivity: 0.5052770448548812
Validation specificity: 0.6012526096033403
Validation icbhi_score: 0.5532648272291107
Validation roc_auc: None
Validation avg_accuracy: 0.371147333483298
Validation one_indexed_epoch: 26
The validation tracker metric at 0.561523292259049 hasn't increased by 0 in 6 epochs
There is no such attribute
272/272 - 179s - loss: 0.9493 - accuracy: 0.5797 - 179s/epoch - 659ms/step
Epoch 27/80
Validation cm: [[802  78  63  15]
 [374 175   8   5]
 [ 44   5  13   7]
 [ 54  39  28   6]]
Validation normalized_cm: [[0.837 0.081 0.066 0.016]
 [0.665 0.311 0.014 0.009]
 [0.638 0.072 0.188 0.101]
 [0.425 0.307 0.22  0.047]]
Validation acc: 0.5804195804195804
Validation class_accuracies: [0.837160751565762, 0.3113879003558719, 0.18840579710144928, 0.047244094488188976]
Validation sensitivity: 0.2559366754617414
Validation specificity: 0.837160751565762
Validation icbhi_score: 0.5465487135137517
Validation roc_auc: None
Validation avg_accuracy: 0.346049635877818
Validation one_indexed_epoch: 27
The validation tracker metric at 0.561523292259049 hasn't increased by 0 in 7 epochs
There is no such attribute
272/272 - 255s - loss: 0.9371 - accuracy: 0.5935 - 255s/epoch - 937ms/step
Epoch 28/80
Validation cm: [[565 354  19  20]
 [171 373  11   7]
 [ 39  23   5   2]
 [ 23  88  11   5]]
Validation normalized_cm: [[0.59  0.37  0.02  0.021]
 [0.304 0.664 0.02  0.012]
 [0.565 0.333 0.072 0.029]
 [0.181 0.693 0.087 0.039]]
Validation acc: 0.5524475524475524
Validation class_accuracies: [0.5897703549060542, 0.6637010676156584, 0.07246376811594203, 0.03937007874015748]
Validation sensitivity: 0.5052770448548812
Validation specificity: 0.5897703549060542
Validation icbhi_score: 0.5475236998804678
Validation roc_auc: None
Validation avg_accuracy: 0.341326317344453
Validation one_indexed_epoch: 28
The validation tracker metric at 0.561523292259049 hasn't increased by 0 in 8 epochs
There is no such attribute
272/272 - 261s - loss: 0.9301 - accuracy: 0.5905 - 261s/epoch - 958ms/step
Epoch 29/80
Validation cm: [[720 185  39  14]
 [236 305   9  12]
 [ 43   6  18   2]
 [ 32  57  26  12]]
Validation normalized_cm: [[0.752 0.193 0.041 0.015]
 [0.42  0.543 0.016 0.021]
 [0.623 0.087 0.261 0.029]
 [0.252 0.449 0.205 0.094]]
Validation acc: 0.6148018648018648
Validation class_accuracies: [0.7515657620041754, 0.5427046263345195, 0.2608695652173913, 0.09448818897637795]
Validation sensitivity: 0.4419525065963061
Validation specificity: 0.7515657620041754
Validation icbhi_score: 0.5967591343002407
Validation roc_auc: None
Validation avg_accuracy: 0.4124070356331161
Validation one_indexed_epoch: 29
-- New best results were achieved. --
There is no such attribute
272/272 - 261s - loss: 0.9191 - accuracy: 0.6011 - 261s/epoch - 959ms/step
Epoch 30/80
Validation cm: [[834  58  55  11]
 [419 115  18  10]
 [ 46   2  18   3]
 [ 62  23  37   5]]
Validation normalized_cm: [[0.871 0.061 0.057 0.011]
 [0.746 0.205 0.032 0.018]
 [0.667 0.029 0.261 0.043]
 [0.488 0.181 0.291 0.039]]
Validation acc: 0.5664335664335665
Validation class_accuracies: [0.8705636743215032, 0.20462633451957296, 0.2608695652173913, 0.03937007874015748]
Validation sensitivity: 0.1820580474934037
Validation specificity: 0.8705636743215032
Validation icbhi_score: 0.5263108609074534
Validation roc_auc: None
Validation avg_accuracy: 0.34385741319965624
Validation one_indexed_epoch: 30
The validation tracker metric at 0.5967591343002407 hasn't increased by 0 in 1 epochs
There is no such attribute
272/272 - 260s - loss: 0.9009 - accuracy: 0.6126 - 260s/epoch - 956ms/step
Epoch 31/80
Validation cm: [[856  65  15  22]
 [402 143   4  13]
 [ 53   5   8   3]
 [ 68  35  18   6]]
Validation normalized_cm: [[0.894 0.068 0.016 0.023]
 [0.715 0.254 0.007 0.023]
 [0.768 0.072 0.116 0.043]
 [0.535 0.276 0.142 0.047]]
Validation acc: 0.5903263403263403
Validation class_accuracies: [0.8935281837160751, 0.25444839857651247, 0.11594202898550725, 0.047244094488188976]
Validation sensitivity: 0.20712401055408972
Validation specificity: 0.8935281837160751
Validation icbhi_score: 0.5503260971350824
Validation roc_auc: None
Validation avg_accuracy: 0.32779067644157095
Validation one_indexed_epoch: 31
The validation tracker metric at 0.5967591343002407 hasn't increased by 0 in 2 epochs
Mel loss: <tf.Variable 'Variable:0' shape=() dtype=float32, numpy=0.5>
sinc loss: <tf.Variable 'Variable:0' shape=() dtype=float32, numpy=0.5>
There is no such attribute
272/272 - 181s - loss: 0.8913 - accuracy: 0.6178 - 181s/epoch - 664ms/step
Epoch 32/80
Validation cm: [[683 158  86  31]
 [303 234  13  12]
 [ 37   8  15   9]
 [ 36  43  33  15]]
Validation normalized_cm: [[0.713 0.165 0.09  0.032]
 [0.539 0.416 0.023 0.021]
 [0.536 0.116 0.217 0.13 ]
 [0.283 0.339 0.26  0.118]]
Validation acc: 0.5518648018648019
Validation class_accuracies: [0.7129436325678496, 0.41637010676156583, 0.21739130434782608, 0.11811023622047244]
Validation sensitivity: 0.3482849604221636
Validation specificity: 0.7129436325678496
Validation icbhi_score: 0.5306142964950067
Validation roc_auc: None
Validation avg_accuracy: 0.3662038199744285
Validation one_indexed_epoch: 32
The validation tracker metric at 0.5967591343002407 hasn't increased by 0 in 3 epochs
There is no such attribute
272/272 - 244s - loss: 0.8829 - accuracy: 0.6201 - 244s/epoch - 896ms/step
Epoch 33/80
Validation cm: [[589 309  34  26]
 [238 306  10   8]
 [ 41  18   7   3]
 [ 35  63  19  10]]
Validation normalized_cm: [[0.615 0.323 0.035 0.027]
 [0.423 0.544 0.018 0.014]
 [0.594 0.261 0.101 0.043]
 [0.276 0.496 0.15  0.079]]
Validation acc: 0.5314685314685315
Validation class_accuracies: [0.6148225469728601, 0.5444839857651246, 0.10144927536231885, 0.07874015748031496]
Validation sensitivity: 0.4261213720316623
Validation specificity: 0.6148225469728601
Validation icbhi_score: 0.5204719595022612
Validation roc_auc: None
Validation avg_accuracy: 0.33487399139515467
Validation one_indexed_epoch: 33
The validation tracker metric at 0.5967591343002407 hasn't increased by 0 in 4 epochs
There is no such attribute
272/272 - 260s - loss: 0.8750 - accuracy: 0.6236 - 260s/epoch - 955ms/step
Epoch 34/80
Validation cm: [[810 133  11   4]
 [441 116   3   2]
 [ 55   9   3   2]
 [ 68  41  15   3]]
Validation normalized_cm: [[0.846 0.139 0.011 0.004]
 [0.785 0.206 0.005 0.004]
 [0.797 0.13  0.043 0.029]
 [0.535 0.323 0.118 0.024]]
Validation acc: 0.5431235431235432
Validation class_accuracies: [0.8455114822546973, 0.20640569395017794, 0.043478260869565216, 0.023622047244094488]
Validation sensitivity: 0.16094986807387862
Validation specificity: 0.8455114822546973
Validation icbhi_score: 0.503230675164288
Validation roc_auc: None
Validation avg_accuracy: 0.2797543710796337
Validation one_indexed_epoch: 34
The validation tracker metric at 0.5967591343002407 hasn't increased by 0 in 5 epochs
There is no such attribute
272/272 - 256s - loss: 0.8783 - accuracy: 0.6153 - 256s/epoch - 942ms/step
Epoch 35/80
Validation cm: [[561 295  58  44]
 [218 323   8  13]
 [ 29  14  17   9]
 [ 26  63  28  10]]
Validation normalized_cm: [[0.586 0.308 0.061 0.046]
 [0.388 0.575 0.014 0.023]
 [0.42  0.203 0.246 0.13 ]
 [0.205 0.496 0.22  0.079]]
Validation acc: 0.5308857808857809
Validation class_accuracies: [0.5855949895615866, 0.5747330960854092, 0.2463768115942029, 0.07874015748031496]
Validation sensitivity: 0.46174142480211083
Validation specificity: 0.5855949895615866
Validation icbhi_score: 0.5236682071818487
Validation roc_auc: None
Validation avg_accuracy: 0.3713612636803785
Validation one_indexed_epoch: 35
The validation tracker metric at 0.5967591343002407 hasn't increased by 0 in 6 epochs
There is no such attribute
272/272 - 264s - loss: 0.8738 - accuracy: 0.6314 - 264s/epoch - 969ms/step
Epoch 36/80
Validation cm: [[452 425  39  42]
 [ 93 436   9  24]
 [ 27  17  16   9]
 [ 15  73  29  10]]
Validation normalized_cm: [[0.472 0.444 0.041 0.044]
 [0.165 0.776 0.016 0.043]
 [0.391 0.246 0.232 0.13 ]
 [0.118 0.575 0.228 0.079]]
Validation acc: 0.5326340326340326
Validation class_accuracies: [0.4718162839248434, 0.7758007117437722, 0.2318840579710145, 0.07874015748031496]
Validation sensitivity: 0.6094986807387863
Validation specificity: 0.4718162839248434
Validation icbhi_score: 0.5406574823318149
Validation roc_auc: None
Validation avg_accuracy: 0.38956030277998627
Validation one_indexed_epoch: 36
The validation tracker metric at 0.5967591343002407 hasn't increased by 0 in 7 epochs
There is no such attribute
272/272 - 187s - loss: 0.8636 - accuracy: 0.6355 - 187s/epoch - 689ms/step
Epoch 37/80
Validation cm: [[601 241  70  46]
 [233 300   9  20]
 [ 33  11  16   9]
 [ 33  53  28  13]]
Validation normalized_cm: [[0.627 0.252 0.073 0.048]
 [0.415 0.534 0.016 0.036]
 [0.478 0.159 0.232 0.13 ]
 [0.26  0.417 0.22  0.102]]
Validation acc: 0.541958041958042
Validation class_accuracies: [0.627348643006263, 0.5338078291814946, 0.2318840579710145, 0.10236220472440945]
Validation sensitivity: 0.4340369393139842
Validation specificity: 0.627348643006263
Validation icbhi_score: 0.5306927911601236
Validation roc_auc: None
Validation avg_accuracy: 0.3738506837207954
Validation one_indexed_epoch: 37
The validation tracker metric at 0.5967591343002407 hasn't increased by 0 in 8 epochs
There is no such attribute
272/272 - 234s - loss: 0.8412 - accuracy: 0.6342 - 234s/epoch - 861ms/step
Epoch 38/80
Validation cm: [[645 261  26  26]
 [188 356   3  15]
 [ 39  15  10   5]
 [ 33  64  20  10]]
Validation normalized_cm: [[0.673 0.272 0.027 0.027]
 [0.335 0.633 0.005 0.027]
 [0.565 0.217 0.145 0.072]
 [0.26  0.504 0.157 0.079]]
Validation acc: 0.594988344988345
Validation class_accuracies: [0.673277661795407, 0.6334519572953736, 0.14492753623188406, 0.07874015748031496]
Validation sensitivity: 0.49604221635883905
Validation specificity: 0.673277661795407
Validation icbhi_score: 0.584659939077123
Validation roc_auc: None
Validation avg_accuracy: 0.38259932820074494
Validation one_indexed_epoch: 38
The validation tracker metric at 0.5967591343002407 hasn't increased by 0 in 9 epochs
There is no such attribute
272/272 - 256s - loss: 0.8209 - accuracy: 0.6537 - 256s/epoch - 940ms/step
Epoch 39/80
Validation cm: [[621 288  37  12]
 [168 379   7   8]
 [ 36  16  14   3]
 [ 24  73  24   6]]
Validation normalized_cm: [[0.648 0.301 0.039 0.013]
 [0.299 0.674 0.012 0.014]
 [0.522 0.232 0.203 0.043]
 [0.189 0.575 0.189 0.047]]
Validation acc: 0.5944055944055944
Validation class_accuracies: [0.6482254697286013, 0.6743772241992882, 0.2028985507246377, 0.047244094488188976]
Validation sensitivity: 0.5263852242744064
Validation specificity: 0.6482254697286013
Validation icbhi_score: 0.5873053470015038
Validation roc_auc: None
Validation avg_accuracy: 0.39318633478517906
Validation one_indexed_epoch: 39
The validation tracker metric at 0.5967591343002407 hasn't increased by 0 in 10 epochs
There is no such attribute
272/272 - 250s - loss: 0.8300 - accuracy: 0.6468 - 250s/epoch - 921ms/step
Epoch 40/80
Validation cm: [[668 234  31  25]
 [223 322   8   9]
 [ 45  10   9   5]
 [ 40  56  21  10]]
Validation normalized_cm: [[0.697 0.244 0.032 0.026]
 [0.397 0.573 0.014 0.016]
 [0.652 0.145 0.13  0.072]
 [0.315 0.441 0.165 0.079]]
Validation acc: 0.587995337995338
Validation class_accuracies: [0.697286012526096, 0.5729537366548043, 0.13043478260869565, 0.07874015748031496]
Validation sensitivity: 0.449868073878628
Validation specificity: 0.697286012526096
Validation icbhi_score: 0.573577043202362
Validation roc_auc: None
Validation avg_accuracy: 0.36985367231747773
Validation one_indexed_epoch: 40
The validation tracker metric at 0.5967591343002407 hasn't increased by 0 in 11 epochs
There is no such attribute
272/272 - 250s - loss: 0.8219 - accuracy: 0.6503 - 250s/epoch - 921ms/step
Epoch 41/80
Validation cm: [[716 149  62  31]
 [301 239   6  16]
 [ 40   7  19   3]
 [ 48  39  29  11]]
Validation normalized_cm: [[0.747 0.156 0.065 0.032]
 [0.536 0.425 0.011 0.028]
 [0.58  0.101 0.275 0.043]
 [0.378 0.307 0.228 0.087]]
Validation acc: 0.574009324009324
Validation class_accuracies: [0.7473903966597077, 0.42526690391459077, 0.2753623188405797, 0.08661417322834646]
Validation sensitivity: 0.3548812664907652
Validation specificity: 0.7473903966597077
Validation icbhi_score: 0.5511358315752365
Validation roc_auc: None
Validation avg_accuracy: 0.38365844816080613
Validation one_indexed_epoch: 41
The validation tracker metric at 0.5967591343002407 hasn't increased by 0 in 12 epochs
There is no such attribute
272/272 - 186s - loss: 0.8186 - accuracy: 0.6388 - 186s/epoch - 685ms/step
Epoch 42/80
Validation cm: [[613 310  27   8]
 [207 348   2   5]
 [ 43  17   5   4]
 [ 30  75  19   3]]
Validation normalized_cm: [[0.64  0.324 0.028 0.008]
 [0.368 0.619 0.004 0.009]
 [0.623 0.246 0.072 0.058]
 [0.236 0.591 0.15  0.024]]
Validation acc: 0.5646853146853147
Validation class_accuracies: [0.639874739039666, 0.6192170818505338, 0.07246376811594203, 0.023622047244094488]
Validation sensitivity: 0.46965699208443273
Validation specificity: 0.639874739039666
Validation icbhi_score: 0.5547658655620493
Validation roc_auc: None
Validation avg_accuracy: 0.3387944090625591
Validation one_indexed_epoch: 42
The validation tracker metric at 0.5967591343002407 hasn't increased by 0 in 13 epochs
There is no such attribute
272/272 - 215s - loss: 0.8028 - accuracy: 0.6604 - 215s/epoch - 792ms/step
Epoch 43/80
Validation cm: [[663 246  23  26]
 [210 332   8  12]
 [ 31  18  17   3]
 [ 28  71  27   1]]
Validation normalized_cm: [[0.692 0.257 0.024 0.027]
 [0.374 0.591 0.014 0.021]
 [0.449 0.261 0.246 0.043]
 [0.22  0.559 0.213 0.008]]
Validation acc: 0.5903263403263403
Validation class_accuracies: [0.6920668058455115, 0.5907473309608541, 0.2463768115942029, 0.007874015748031496]
Validation sensitivity: 0.46174142480211083
Validation specificity: 0.6920668058455115
Validation icbhi_score: 0.5769041153238111
Validation roc_auc: None
Validation avg_accuracy: 0.38426624103714996
Validation one_indexed_epoch: 43
The validation tracker metric at 0.5967591343002407 hasn't increased by 0 in 14 epochs
There is no such attribute
272/272 - 262s - loss: 0.7881 - accuracy: 0.6625 - 262s/epoch - 964ms/step
Epoch 44/80
Validation cm: [[603 320   9  26]
 [265 283   1  13]
 [ 38  19   1  11]
 [ 57  47  16   7]]
Validation normalized_cm: [[0.629 0.334 0.009 0.027]
 [0.472 0.504 0.002 0.023]
 [0.551 0.275 0.014 0.159]
 [0.449 0.37  0.126 0.055]]
Validation acc: 0.5209790209790209
Validation class_accuracies: [0.6294363256784968, 0.50355871886121, 0.014492753623188406, 0.05511811023622047]
Validation sensitivity: 0.3839050131926121
Validation specificity: 0.6294363256784968
Validation icbhi_score: 0.5066706694355545
Validation roc_auc: None
Validation avg_accuracy: 0.3006514770997789
Validation one_indexed_epoch: 44
The validation tracker metric at 0.5967591343002407 hasn't increased by 0 in 15 epochs
There is no such attribute
272/272 - 244s - loss: 0.7790 - accuracy: 0.6629 - 244s/epoch - 898ms/step
Epoch 45/80
Validation cm: [[470 361  49  78]
 [166 370  11  15]
 [ 30  15  10  14]
 [ 23  58  25  21]]
Validation normalized_cm: [[0.491 0.377 0.051 0.081]
 [0.295 0.658 0.02  0.027]
 [0.435 0.217 0.145 0.203]
 [0.181 0.457 0.197 0.165]]
Validation acc: 0.5075757575757576
Validation class_accuracies: [0.4906054279749478, 0.6583629893238434, 0.14492753623188406, 0.16535433070866143]
Validation sensitivity: 0.5290237467018469
Validation specificity: 0.4906054279749478
Validation icbhi_score: 0.5098145873383974
Validation roc_auc: None
Validation avg_accuracy: 0.36481257105983417
Validation one_indexed_epoch: 45
The validation tracker metric at 0.5967591343002407 hasn't increased by 0 in 16 epochs
There is no such attribute
272/272 - 148s - loss: 0.7739 - accuracy: 0.6765 - 148s/epoch - 543ms/step
Epoch 46/80
Validation cm: [[618 273  31  36]
 [196 339   9  18]
 [ 33  13  14   9]
 [ 27  59  30  11]]
Validation normalized_cm: [[0.645 0.285 0.032 0.038]
 [0.349 0.603 0.016 0.032]
 [0.478 0.188 0.203 0.13 ]
 [0.213 0.465 0.236 0.087]]
Validation acc: 0.5722610722610723
Validation class_accuracies: [0.6450939457202505, 0.603202846975089, 0.2028985507246377, 0.08661417322834646]
Validation sensitivity: 0.48021108179419525
Validation specificity: 0.6450939457202505
Validation icbhi_score: 0.5626525137572229
Validation roc_auc: None
Validation avg_accuracy: 0.3844523791620809
Validation one_indexed_epoch: 46
The validation tracker metric at 0.5967591343002407 hasn't increased by 0 in 17 epochs
There is no such attribute
272/272 - 148s - loss: 0.7568 - accuracy: 0.6698 - 148s/epoch - 546ms/step
Epoch 47/80
