Tensorflow Version: 2.8.0
Num GPUs Available:  1
Collecting Variables...
All variables have been collected.
../cache/
cw
train141
Description:  effnet: kfold, mel, no normalizing, 1 optimizer w adaptive lr, overlap threshold = 0.3,
-----------------------
Job id is 1.
Job dir: ../cache/cw/train141/1
- Loading Icbhi.
725 Icbhi audios have been loaded.
- Preparing Icbhi.
112 Icbhi groups of audio chunks (by filename or patients) have been prepared.
--- Samples are being split into training/val groups and de-grouped by patient ---
Job id is 2.
-----------------------
--- Final training dataset went from 0 to 4349 elements, with 0 none's, 0 crakles, 0 wheezes and 0 both ---
--- Final Validation dataset contains 1716 elements, with 0 none, 0 crackles, 0 wheezes and 0 both ---
Initializing weights...
Model: "leaf_model9_model_efnet1"
______________________________________________________________________________________________________________
 Layer (type)                                    Output Shape                                Param #          
==============================================================================================================
 sincnet (SincNet)                               multiple                                    320              
                                                                                                              
 mel_filterbanks (MelFilterbanks)                multiple                                    0 (unused)       
                                                                                                              
 sincnet (SincNet)                               multiple                                    0 (unused)       
                                                                                                              
 sequential (Sequential)                         (None, 4)                                   6713713          
                                                                                                              
==============================================================================================================
Total params: 6,714,195
Trainable params: 6,649,580
Non-trainable params: 64,615
______________________________________________________________________________________________________________
Target metric is icbhi_score
Epoch 1/80
WARNING:tensorflow:Gradients do not exist for variables ['kernel:0', 'Variable:0', 'Variable:0'] when minimizing the loss. If you're using `model.compile()`, did you forget to provide a `loss`argument?
WARNING:tensorflow:Gradients do not exist for variables ['kernel:0', 'Variable:0', 'Variable:0'] when minimizing the loss. If you're using `model.compile()`, did you forget to provide a `loss`argument?
WARNING:tensorflow:Gradients do not exist for variables ['kernel:0', 'Variable:0', 'Variable:0'] when minimizing the loss. If you're using `model.compile()`, did you forget to provide a `loss`argument?
WARNING:tensorflow:Gradients do not exist for variables ['kernel:0', 'Variable:0', 'Variable:0'] when minimizing the loss. If you're using `model.compile()`, did you forget to provide a `loss`argument?
Validation cm: [[952   3   3   0]
 [558   0   3   1]
 [ 69   0   0   0]
 [127   0   0   0]]
Validation normalized_cm: [[0.994 0.003 0.003 0.   ]
 [0.993 0.    0.005 0.002]
 [1.    0.    0.    0.   ]
 [1.    0.    0.    0.   ]]
Validation acc: 0.5547785547785548
Validation class_accuracies: [0.9937369519832986, 0.0, 0.0, 0.0]
Validation sensitivity: 0.0
Validation specificity: 0.9937369519832986
Validation icbhi_score: 0.4968684759916493
Validation roc_auc: None
Validation avg_accuracy: 0.24843423799582465
Validation one_indexed_epoch: 1
-- New best results were achieved. --
272/272 - 195s - loss: 1.2683 - accuracy: 0.4169 - 195s/epoch - 716ms/step
Epoch 2/80
Validation cm: [[943   3   3   9]
 [553   2   4   3]
 [ 65   1   2   1]
 [126   0   1   0]]
Validation normalized_cm: [[0.984 0.003 0.003 0.009]
 [0.984 0.004 0.007 0.005]
 [0.942 0.014 0.029 0.014]
 [0.992 0.    0.008 0.   ]]
Validation acc: 0.5518648018648019
Validation class_accuracies: [0.9843423799582464, 0.0035587188612099642, 0.028985507246376812, 0.0]
Validation sensitivity: 0.005277044854881266
Validation specificity: 0.9843423799582464
Validation icbhi_score: 0.4948097124065638
Validation roc_auc: None
Validation avg_accuracy: 0.25422165151645826
Validation one_indexed_epoch: 2
The validation tracker metric at 0.4968684759916493 hasn't increased by 0 in 1 epochs
272/272 - 150s - loss: 1.1318 - accuracy: 0.5052 - 150s/epoch - 553ms/step
Epoch 3/80
Validation cm: [[935  21   0   2]
 [553   9   0   0]
 [ 68   1   0   0]
 [124   3   0   0]]
Validation normalized_cm: [[0.976 0.022 0.    0.002]
 [0.984 0.016 0.    0.   ]
 [0.986 0.014 0.    0.   ]
 [0.976 0.024 0.    0.   ]]
Validation acc: 0.5501165501165501
Validation class_accuracies: [0.975991649269311, 0.01601423487544484, 0.0, 0.0]
Validation sensitivity: 0.011873350923482849
Validation specificity: 0.975991649269311
Validation icbhi_score: 0.49393250009639694
Validation roc_auc: None
Validation avg_accuracy: 0.24800147103618897
Validation one_indexed_epoch: 3
The validation tracker metric at 0.4968684759916493 hasn't increased by 0 in 2 epochs
272/272 - 255s - loss: 1.0426 - accuracy: 0.5429 - 255s/epoch - 938ms/step
Epoch 4/80
Validation cm: [[530 423   2   3]
 [351 209   2   0]
 [ 42  26   0   1]
 [101  26   0   0]]
Validation normalized_cm: [[0.553 0.442 0.002 0.003]
 [0.625 0.372 0.004 0.   ]
 [0.609 0.377 0.    0.014]
 [0.795 0.205 0.    0.   ]]
Validation acc: 0.43065268065268064
Validation class_accuracies: [0.5532359081419624, 0.3718861209964413, 0.0, 0.0]
Validation sensitivity: 0.2757255936675462
Validation specificity: 0.5532359081419624
Validation icbhi_score: 0.41448075090475434
Validation roc_auc: None
Validation avg_accuracy: 0.23128050728460092
Validation one_indexed_epoch: 4
The validation tracker metric at 0.4968684759916493 hasn't increased by 0 in 3 epochs
272/272 - 254s - loss: 0.9755 - accuracy: 0.5755 - 254s/epoch - 933ms/step
Epoch 5/80
Validation cm: [[863  21  15  59]
 [525  16   5  16]
 [ 59   0   2   8]
 [117   6   3   1]]
Validation normalized_cm: [[0.901 0.022 0.016 0.062]
 [0.934 0.028 0.009 0.028]
 [0.855 0.    0.029 0.116]
 [0.921 0.047 0.024 0.008]]
Validation acc: 0.513986013986014
Validation class_accuracies: [0.9008350730688935, 0.028469750889679714, 0.028985507246376812, 0.007874015748031496]
Validation sensitivity: 0.025065963060686015
Validation specificity: 0.9008350730688935
Validation icbhi_score: 0.46295051806478976
Validation roc_auc: None
Validation avg_accuracy: 0.2415410867382454
Validation one_indexed_epoch: 5
The validation tracker metric at 0.4968684759916493 hasn't increased by 0 in 4 epochs
272/272 - 253s - loss: 0.9041 - accuracy: 0.6077 - 253s/epoch - 928ms/step
Epoch 6/80
Validation cm: [[885  38   7  28]
 [527  26   1   8]
 [ 57   0   6   6]
 [123   1   1   2]]
Validation normalized_cm: [[0.924 0.04  0.007 0.029]
 [0.938 0.046 0.002 0.014]
 [0.826 0.    0.087 0.087]
 [0.969 0.008 0.008 0.016]]
Validation acc: 0.5355477855477856
Validation class_accuracies: [0.9237995824634656, 0.046263345195729534, 0.08695652173913043, 0.015748031496062992]
Validation sensitivity: 0.044854881266490766
Validation specificity: 0.9237995824634656
Validation icbhi_score: 0.48432723186497817
Validation roc_auc: None
Validation avg_accuracy: 0.26819187022359714
Validation one_indexed_epoch: 6
The validation tracker metric at 0.4968684759916493 hasn't increased by 0 in 5 epochs
272/272 - 258s - loss: 0.8254 - accuracy: 0.6500 - 258s/epoch - 949ms/step
Epoch 7/80
Validation cm: [[504 396   6  52]
 [294 249   1  18]
 [ 44  20   0   5]
 [ 68  55   0   4]]
Validation normalized_cm: [[0.526 0.413 0.006 0.054]
 [0.523 0.443 0.002 0.032]
 [0.638 0.29  0.    0.072]
 [0.535 0.433 0.    0.031]]
Validation acc: 0.44114219114219116
Validation class_accuracies: [0.5260960334029228, 0.4430604982206406, 0.0, 0.031496062992125984]
Validation sensitivity: 0.3337730870712401
Validation specificity: 0.5260960334029228
Validation icbhi_score: 0.42993456023708143
Validation roc_auc: None
Validation avg_accuracy: 0.2501631486539223
Validation one_indexed_epoch: 7
The validation tracker metric at 0.4968684759916493 hasn't increased by 0 in 6 epochs
272/272 - 183s - loss: 0.7383 - accuracy: 0.6937 - 183s/epoch - 672ms/step
Epoch 8/80
Validation cm: [[799  35   4 120]
 [503  25   1  33]
 [ 47   2   2  18]
 [101   7   0  19]]
Validation normalized_cm: [[0.834 0.037 0.004 0.125]
 [0.895 0.044 0.002 0.059]
 [0.681 0.029 0.029 0.261]
 [0.795 0.055 0.    0.15 ]]
Validation acc: 0.49242424242424243
Validation class_accuracies: [0.8340292275574113, 0.04448398576512456, 0.028985507246376812, 0.14960629921259844]
Validation sensitivity: 0.06068601583113457
Validation specificity: 0.8340292275574113
Validation icbhi_score: 0.4473576216942729
Validation roc_auc: None
Validation avg_accuracy: 0.26427625494537776
Validation one_indexed_epoch: 8
The validation tracker metric at 0.4968684759916493 hasn't increased by 0 in 7 epochs
272/272 - 222s - loss: 0.6417 - accuracy: 0.7319 - 222s/epoch - 816ms/step
Epoch 9/80
Validation cm: [[832  13   0 113]
 [490  28   0  44]
 [ 54   3   0  12]
 [116   4   0   7]]
Validation normalized_cm: [[0.868 0.014 0.    0.118]
 [0.872 0.05  0.    0.078]
 [0.783 0.043 0.    0.174]
 [0.913 0.031 0.    0.055]]
Validation acc: 0.5052447552447552
Validation class_accuracies: [0.8684759916492694, 0.0498220640569395, 0.0, 0.05511811023622047]
Validation sensitivity: 0.04617414248021108
Validation specificity: 0.8684759916492694
Validation icbhi_score: 0.45732506706474024
Validation roc_auc: None
Validation avg_accuracy: 0.24335404148560733
Validation one_indexed_epoch: 9
The validation tracker metric at 0.4968684759916493 hasn't increased by 0 in 8 epochs
272/272 - 258s - loss: 0.5865 - accuracy: 0.7689 - 258s/epoch - 947ms/step
Epoch 10/80
Validation cm: [[727 168  11  52]
 [435 108   1  18]
 [ 47   7   3  12]
 [ 97  18   2  10]]
Validation normalized_cm: [[0.759 0.175 0.011 0.054]
 [0.774 0.192 0.002 0.032]
 [0.681 0.101 0.043 0.174]
 [0.764 0.142 0.016 0.079]]
Validation acc: 0.49417249417249415
Validation class_accuracies: [0.7588726513569938, 0.19217081850533807, 0.043478260869565216, 0.07874015748031496]
Validation sensitivity: 0.15963060686015831
Validation specificity: 0.7588726513569938
Validation icbhi_score: 0.45925162910857603
Validation roc_auc: None
Validation avg_accuracy: 0.268315472053053
Validation one_indexed_epoch: 10
The validation tracker metric at 0.4968684759916493 hasn't increased by 0 in 9 epochs
272/272 - 255s - loss: 0.4931 - accuracy: 0.8052 - 255s/epoch - 937ms/step
Epoch 11/80
Validation cm: [[753  75  41  89]
 [477  37  14  34]
 [ 49   1   6  13]
 [100   9  10   8]]
Validation normalized_cm: [[0.786 0.078 0.043 0.093]
 [0.849 0.066 0.025 0.06 ]
 [0.71  0.014 0.087 0.188]
 [0.787 0.071 0.079 0.063]]
Validation acc: 0.46853146853146854
Validation class_accuracies: [0.7860125260960334, 0.06583629893238434, 0.08695652173913043, 0.06299212598425197]
Validation sensitivity: 0.06728232189973615
Validation specificity: 0.7860125260960334
Validation icbhi_score: 0.4266474239978848
Validation roc_auc: None
Validation avg_accuracy: 0.25044936818795005
Validation one_indexed_epoch: 11
The validation tracker metric at 0.4968684759916493 hasn't increased by 0 in 10 epochs
Mel loss: <tf.Variable 'Variable:0' shape=() dtype=float32, numpy=0.5>
sinc loss: <tf.Variable 'Variable:0' shape=() dtype=float32, numpy=0.5>
272/272 - 255s - loss: 0.4147 - accuracy: 0.8446 - 255s/epoch - 939ms/step
Epoch 12/80
Validation cm: [[813  89  21  35]
 [465  73   5  19]
 [ 46   7   7   9]
 [100  12   7   8]]
Validation normalized_cm: [[0.849 0.093 0.022 0.037]
 [0.827 0.13  0.009 0.034]
 [0.667 0.101 0.101 0.13 ]
 [0.787 0.094 0.055 0.063]]
Validation acc: 0.5250582750582751
Validation class_accuracies: [0.848643006263048, 0.1298932384341637, 0.10144927536231885, 0.06299212598425197]
Validation sensitivity: 0.11609498680738786
Validation specificity: 0.848643006263048
Validation icbhi_score: 0.4823689965352179
Validation roc_auc: None
Validation avg_accuracy: 0.28574441151094565
Validation one_indexed_epoch: 12
The validation tracker metric at 0.4968684759916493 hasn't increased by 0 in 11 epochs
272/272 - 202s - loss: 0.3539 - accuracy: 0.8722 - 202s/epoch - 743ms/step
Epoch 13/80
Validation cm: [[761 138  14  45]
 [479  60   2  21]
 [ 60   5   0   4]
 [110   7   4   6]]
Validation normalized_cm: [[0.794 0.144 0.015 0.047]
 [0.852 0.107 0.004 0.037]
 [0.87  0.072 0.    0.058]
 [0.866 0.055 0.031 0.047]]
Validation acc: 0.4819347319347319
Validation class_accuracies: [0.7943632567849687, 0.10676156583629894, 0.0, 0.047244094488188976]
Validation sensitivity: 0.0870712401055409
Validation specificity: 0.7943632567849687
Validation icbhi_score: 0.4407172484452548
Validation roc_auc: None
Validation avg_accuracy: 0.23709222927736415
Validation one_indexed_epoch: 13
The validation tracker metric at 0.4968684759916493 hasn't increased by 0 in 12 epochs
272/272 - 203s - loss: 0.2980 - accuracy: 0.8988 - 203s/epoch - 745ms/step
Epoch 14/80
Validation cm: [[808  94  16  40]
 [473  71   4  14]
 [ 54   2   2  11]
 [102  17   3   5]]
Validation normalized_cm: [[0.843 0.098 0.017 0.042]
 [0.842 0.126 0.007 0.025]
 [0.783 0.029 0.029 0.159]
 [0.803 0.134 0.024 0.039]]
Validation acc: 0.5163170163170163
Validation class_accuracies: [0.8434237995824635, 0.12633451957295375, 0.028985507246376812, 0.03937007874015748]
Validation sensitivity: 0.10290237467018469
Validation specificity: 0.8434237995824635
Validation icbhi_score: 0.4731630871263241
Validation roc_auc: None
Validation avg_accuracy: 0.25952847628548786
Validation one_indexed_epoch: 14
The validation tracker metric at 0.4968684759916493 hasn't increased by 0 in 13 epochs
272/272 - 256s - loss: 0.3004 - accuracy: 0.8942 - 256s/epoch - 942ms/step
Epoch 15/80
Validation cm: [[946   3   5   4]
 [557   2   0   3]
 [ 63   1   4   1]
 [127   0   0   0]]
Validation normalized_cm: [[0.987 0.003 0.005 0.004]
 [0.991 0.004 0.    0.005]
 [0.913 0.014 0.058 0.014]
 [1.    0.    0.    0.   ]]
Validation acc: 0.5547785547785548
Validation class_accuracies: [0.9874739039665971, 0.0035587188612099642, 0.057971014492753624, 0.0]
Validation sensitivity: 0.0079155672823219
Validation specificity: 0.9874739039665971
Validation icbhi_score: 0.4976947356244595
Validation roc_auc: None
Validation avg_accuracy: 0.26225090933014017
Validation one_indexed_epoch: 15
-- New best results were achieved. --
272/272 - 258s - loss: 0.2571 - accuracy: 0.9156 - 258s/epoch - 948ms/step
Epoch 16/80
Validation cm: [[363 262 181 152]
 [126 281  89  66]
 [ 21  12  21  15]
 [ 16  34  49  28]]
Validation normalized_cm: [[0.379 0.273 0.189 0.159]
 [0.224 0.5   0.158 0.117]
 [0.304 0.174 0.304 0.217]
 [0.126 0.268 0.386 0.22 ]]
Validation acc: 0.40384615384615385
Validation class_accuracies: [0.37891440501043844, 0.5, 0.30434782608695654, 0.2204724409448819]
Validation sensitivity: 0.43535620052770446
Validation specificity: 0.37891440501043844
Validation icbhi_score: 0.40713530276907145
Validation roc_auc: None
Validation avg_accuracy: 0.35093366801056924
Validation one_indexed_epoch: 16
The validation tracker metric at 0.4976947356244595 hasn't increased by 0 in 1 epochs
272/272 - 255s - loss: 0.2359 - accuracy: 0.9181 - 255s/epoch - 936ms/step
Epoch 17/80
Validation cm: [[442 194 129 193]
 [237 129  77 119]
 [ 28   8  15  18]
 [ 54  22  18  33]]
Validation normalized_cm: [[0.461 0.203 0.135 0.201]
 [0.422 0.23  0.137 0.212]
 [0.406 0.116 0.217 0.261]
 [0.425 0.173 0.142 0.26 ]]
Validation acc: 0.36072261072261075
Validation class_accuracies: [0.4613778705636743, 0.22953736654804271, 0.21739130434782608, 0.25984251968503935]
Validation sensitivity: 0.23350923482849603
Validation specificity: 0.4613778705636743
Validation icbhi_score: 0.3474435526960852
Validation roc_auc: None
Validation avg_accuracy: 0.2920372652861456
Validation one_indexed_epoch: 17
The validation tracker metric at 0.4976947356244595 hasn't increased by 0 in 2 epochs
272/272 - 225s - loss: 0.1964 - accuracy: 0.9377 - 225s/epoch - 827ms/step
Epoch 18/80
Validation cm: [[868  14  13  63]
 [520  20   7  15]
 [ 54   3   1  11]
 [117   3   5   2]]
Validation normalized_cm: [[0.906 0.015 0.014 0.066]
 [0.925 0.036 0.012 0.027]
 [0.783 0.043 0.014 0.159]
 [0.921 0.024 0.039 0.016]]
Validation acc: 0.5192307692307693
Validation class_accuracies: [0.906054279749478, 0.03558718861209965, 0.014492753623188406, 0.015748031496062992]
Validation sensitivity: 0.030343007915567283
Validation specificity: 0.906054279749478
Validation icbhi_score: 0.4681986438325227
Validation roc_auc: None
Validation avg_accuracy: 0.24297056337020725
Validation one_indexed_epoch: 18
The validation tracker metric at 0.4976947356244595 hasn't increased by 0 in 3 epochs
272/272 - 183s - loss: 0.1800 - accuracy: 0.9427 - 183s/epoch - 672ms/step
Epoch 19/80
Validation cm: [[690  73  14 181]
 [430  61   4  67]
 [ 36   2   5  26]
 [ 87  14   3  23]]
Validation normalized_cm: [[0.72  0.076 0.015 0.189]
 [0.765 0.109 0.007 0.119]
 [0.522 0.029 0.072 0.377]
 [0.685 0.11  0.024 0.181]]
Validation acc: 0.45396270396270394
Validation class_accuracies: [0.7202505219206681, 0.10854092526690391, 0.07246376811594203, 0.18110236220472442]
Validation sensitivity: 0.11741424802110818
Validation specificity: 0.7202505219206681
Validation icbhi_score: 0.41883238497088815
Validation roc_auc: None
Validation avg_accuracy: 0.27058939437705964
Validation one_indexed_epoch: 19
The validation tracker metric at 0.4976947356244595 hasn't increased by 0 in 4 epochs
272/272 - 257s - loss: 0.1617 - accuracy: 0.9471 - 257s/epoch - 945ms/step
Epoch 20/80
Validation cm: [[617  19 173 149]
 [382   4 103  73]
 [ 38   0  18  13]
 [ 86   0  31  10]]
Validation normalized_cm: [[0.644 0.02  0.181 0.156]
 [0.68  0.007 0.183 0.13 ]
 [0.551 0.    0.261 0.188]
 [0.677 0.    0.244 0.079]]
Validation acc: 0.3782051282051282
Validation class_accuracies: [0.6440501043841336, 0.0071174377224199285, 0.2608695652173913, 0.07874015748031496]
Validation sensitivity: 0.04221635883905013
Validation specificity: 0.6440501043841336
Validation icbhi_score: 0.34313323161159187
Validation roc_auc: None
Validation avg_accuracy: 0.24769431620106494
Validation one_indexed_epoch: 20
The validation tracker metric at 0.4976947356244595 hasn't increased by 0 in 5 epochs
272/272 - 259s - loss: 0.1556 - accuracy: 0.9455 - 259s/epoch - 953ms/step
Epoch 21/80
Validation cm: [[593 307  18  40]
 [273 264   4  21]
 [ 28  26   3  12]
 [ 64  53   4   6]]
Validation normalized_cm: [[0.619 0.32  0.019 0.042]
 [0.486 0.47  0.007 0.037]
 [0.406 0.377 0.043 0.174]
 [0.504 0.417 0.031 0.047]]
Validation acc: 0.5046620046620046
Validation class_accuracies: [0.6189979123173278, 0.4697508896797153, 0.043478260869565216, 0.047244094488188976]
Validation sensitivity: 0.36015831134564646
Validation specificity: 0.6189979123173278
Validation icbhi_score: 0.48957811183148714
Validation roc_auc: None
Validation avg_accuracy: 0.2948677893386993
Validation one_indexed_epoch: 21
The validation tracker metric at 0.4976947356244595 hasn't increased by 0 in 6 epochs
Mel loss: <tf.Variable 'Variable:0' shape=() dtype=float32, numpy=0.5>
sinc loss: <tf.Variable 'Variable:0' shape=() dtype=float32, numpy=0.5>
272/272 - 259s - loss: 0.1642 - accuracy: 0.9455 - 259s/epoch - 952ms/step
Epoch 22/80
Validation cm: [[770 151  17  20]
 [438 116   0   8]
 [ 53   7   2   7]
 [ 90  28   4   5]]
Validation normalized_cm: [[0.804 0.158 0.018 0.021]
 [0.779 0.206 0.    0.014]
 [0.768 0.101 0.029 0.101]
 [0.709 0.22  0.031 0.039]]
Validation acc: 0.5203962703962703
Validation class_accuracies: [0.8037578288100209, 0.20640569395017794, 0.028985507246376812, 0.03937007874015748]
Validation sensitivity: 0.16226912928759896
Validation specificity: 0.8037578288100209
Validation icbhi_score: 0.4830134790488099
Validation roc_auc: None
Validation avg_accuracy: 0.26962977718668324
Validation one_indexed_epoch: 22
The validation tracker metric at 0.4976947356244595 hasn't increased by 0 in 7 epochs
272/272 - 245s - loss: 0.1407 - accuracy: 0.9538 - 245s/epoch - 901ms/step
Epoch 23/80
Validation cm: [[573 120  15 250]
 [370  73   6 113]
 [ 37   5   2  25]
 [ 74  17   1  35]]
Validation normalized_cm: [[0.598 0.125 0.016 0.261]
 [0.658 0.13  0.011 0.201]
 [0.536 0.072 0.029 0.362]
 [0.583 0.134 0.008 0.276]]
Validation acc: 0.398018648018648
Validation class_accuracies: [0.5981210855949896, 0.1298932384341637, 0.028985507246376812, 0.2755905511811024]
Validation sensitivity: 0.14511873350923482
Validation specificity: 0.5981210855949896
Validation icbhi_score: 0.3716199095521122
Validation roc_auc: None
Validation avg_accuracy: 0.2581475956141581
Validation one_indexed_epoch: 23
The validation tracker metric at 0.4976947356244595 hasn't increased by 0 in 8 epochs
272/272 - 179s - loss: 0.1257 - accuracy: 0.9591 - 179s/epoch - 656ms/step
Epoch 24/80
Validation cm: [[867  31   8  52]
 [523  19   2  18]
 [ 54   0   2  13]
 [110   7   2   8]]
Validation normalized_cm: [[0.905 0.032 0.008 0.054]
 [0.931 0.034 0.004 0.032]
 [0.783 0.    0.029 0.188]
 [0.866 0.055 0.016 0.063]]
Validation acc: 0.5221445221445221
Validation class_accuracies: [0.9050104384133612, 0.033807829181494664, 0.028985507246376812, 0.06299212598425197]
Validation sensitivity: 0.03825857519788918
Validation specificity: 0.9050104384133612
Validation icbhi_score: 0.4716345068056252
Validation roc_auc: None
Validation avg_accuracy: 0.25769897520637114
Validation one_indexed_epoch: 24
The validation tracker metric at 0.4976947356244595 hasn't increased by 0 in 9 epochs
272/272 - 252s - loss: 0.1200 - accuracy: 0.9644 - 252s/epoch - 928ms/step
Epoch 25/80
Validation cm: [[814  62  30  52]
 [491  48   7  16]
 [ 47   2   7  13]
 [ 87  20  12   8]]
Validation normalized_cm: [[0.85  0.065 0.031 0.054]
 [0.874 0.085 0.012 0.028]
 [0.681 0.029 0.101 0.188]
 [0.685 0.157 0.094 0.063]]
Validation acc: 0.5110722610722611
Validation class_accuracies: [0.8496868475991649, 0.08540925266903915, 0.10144927536231885, 0.06299212598425197]
Validation sensitivity: 0.08311345646437995
Validation specificity: 0.8496868475991649
Validation icbhi_score: 0.46640015203177243
Validation roc_auc: None
Validation avg_accuracy: 0.2748843754036937
Validation one_indexed_epoch: 25
The validation tracker metric at 0.4976947356244595 hasn't increased by 0 in 10 epochs
272/272 - 259s - loss: 0.1197 - accuracy: 0.9634 - 259s/epoch - 952ms/step
Epoch 26/80
Validation cm: [[874  49   5  30]
 [525  30   4   3]
 [ 56  11   0   2]
 [107  17   1   2]]
Validation normalized_cm: [[0.912 0.051 0.005 0.031]
 [0.934 0.053 0.007 0.005]
 [0.812 0.159 0.    0.029]
 [0.843 0.134 0.008 0.016]]
Validation acc: 0.527972027972028
Validation class_accuracies: [0.9123173277661796, 0.05338078291814947, 0.0, 0.015748031496062992]
Validation sensitivity: 0.04221635883905013
Validation specificity: 0.9123173277661796
Validation icbhi_score: 0.4772668433026149
Validation roc_auc: None
Validation avg_accuracy: 0.24536153554509801
Validation one_indexed_epoch: 26
The validation tracker metric at 0.4976947356244595 hasn't increased by 0 in 11 epochs
272/272 - 261s - loss: 0.1252 - accuracy: 0.9584 - 261s/epoch - 959ms/step
Epoch 27/80
Validation cm: [[413 459  13  73]
 [211 316   2  33]
 [ 30  21   4  14]
 [ 39  76   4   8]]
Validation normalized_cm: [[0.431 0.479 0.014 0.076]
 [0.375 0.562 0.004 0.059]
 [0.435 0.304 0.058 0.203]
 [0.307 0.598 0.031 0.063]]
Validation acc: 0.4318181818181818
Validation class_accuracies: [0.4311064718162839, 0.5622775800711743, 0.057971014492753624, 0.06299212598425197]
Validation sensitivity: 0.43271767810026385
Validation specificity: 0.4311064718162839
Validation icbhi_score: 0.4319120749582739
Validation roc_auc: None
Validation avg_accuracy: 0.278586798091116
Validation one_indexed_epoch: 27
The validation tracker metric at 0.4976947356244595 hasn't increased by 0 in 12 epochs
272/272 - 260s - loss: 0.1141 - accuracy: 0.9614 - 260s/epoch - 955ms/step
Epoch 28/80
Validation cm: [[148 476  64 270]
 [ 92 293  45 132]
 [  6  35   9  19]
 [ 21  67   6  33]]
Validation normalized_cm: [[0.154 0.497 0.067 0.282]
 [0.164 0.521 0.08  0.235]
 [0.087 0.507 0.13  0.275]
 [0.165 0.528 0.047 0.26 ]]
Validation acc: 0.28146853146853146
Validation class_accuracies: [0.1544885177453027, 0.5213523131672598, 0.13043478260869565, 0.25984251968503935]
Validation sensitivity: 0.4419525065963061
Validation specificity: 0.1544885177453027
Validation icbhi_score: 0.29822051217080436
Validation roc_auc: None
Validation avg_accuracy: 0.26652953330157436
Validation one_indexed_epoch: 28
The validation tracker metric at 0.4976947356244595 hasn't increased by 0 in 13 epochs
272/272 - 179s - loss: 0.1173 - accuracy: 0.9623 - 179s/epoch - 659ms/step
Epoch 29/80
Validation cm: [[510 177 145 126]
 [237 162 105  58]
 [ 36   5  18  10]
 [ 44  24  47  12]]
Validation normalized_cm: [[0.532 0.185 0.151 0.132]
 [0.422 0.288 0.187 0.103]
 [0.522 0.072 0.261 0.145]
 [0.346 0.189 0.37  0.094]]
Validation acc: 0.4090909090909091
Validation class_accuracies: [0.5323590814196242, 0.28825622775800713, 0.2608695652173913, 0.09448818897637795]
Validation sensitivity: 0.2532981530343008
Validation specificity: 0.5323590814196242
Validation icbhi_score: 0.3928286172269625
Validation roc_auc: None
Validation avg_accuracy: 0.2939932658428502
Validation one_indexed_epoch: 29
The validation tracker metric at 0.4976947356244595 hasn't increased by 0 in 14 epochs
272/272 - 240s - loss: 0.1138 - accuracy: 0.9653 - 240s/epoch - 883ms/step
Epoch 30/80
Validation cm: [[526 163  79 190]
 [254 156  45 107]
 [ 31   6  16  16]
 [ 43  26  20  38]]
Validation normalized_cm: [[0.549 0.17  0.082 0.198]
 [0.452 0.278 0.08  0.19 ]
 [0.449 0.087 0.232 0.232]
 [0.339 0.205 0.157 0.299]]
Validation acc: 0.4289044289044289
Validation class_accuracies: [0.5490605427974948, 0.2775800711743772, 0.2318840579710145, 0.2992125984251969]
Validation sensitivity: 0.2770448548812665
Validation specificity: 0.5490605427974948
Validation icbhi_score: 0.41305269883938067
Validation roc_auc: None
Validation avg_accuracy: 0.3394343175920208
Validation one_indexed_epoch: 30
The validation tracker metric at 0.4976947356244595 hasn't increased by 0 in 15 epochs
272/272 - 259s - loss: 0.0843 - accuracy: 0.9717 - 259s/epoch - 953ms/step
Epoch 31/80
Validation cm: [[133 210 359 256]
 [ 75 167 228  92]
 [ 11  15  28  15]
 [  7  32  67  21]]
Validation normalized_cm: [[0.139 0.219 0.375 0.267]
 [0.133 0.297 0.406 0.164]
 [0.159 0.217 0.406 0.217]
 [0.055 0.252 0.528 0.165]]
Validation acc: 0.20337995337995338
Validation class_accuracies: [0.13883089770354906, 0.297153024911032, 0.4057971014492754, 0.16535433070866143]
Validation sensitivity: 0.2849604221635884
Validation specificity: 0.13883089770354906
Validation icbhi_score: 0.21189565993356874
Validation roc_auc: None
Validation avg_accuracy: 0.2517838386931295
Validation one_indexed_epoch: 31
The validation tracker metric at 0.4976947356244595 hasn't increased by 0 in 16 epochs
Mel loss: <tf.Variable 'Variable:0' shape=() dtype=float32, numpy=0.5>
sinc loss: <tf.Variable 'Variable:0' shape=() dtype=float32, numpy=0.5>
272/272 - 259s - loss: 0.0867 - accuracy: 0.9719 - 259s/epoch - 952ms/step
Epoch 32/80
Validation cm: [[857  52   9  40]
 [510  37   1  14]
 [ 62   0   5   2]
 [101  13   3  10]]
Validation normalized_cm: [[0.895 0.054 0.009 0.042]
 [0.907 0.066 0.002 0.025]
 [0.899 0.    0.072 0.029]
 [0.795 0.102 0.024 0.079]]
Validation acc: 0.5297202797202797
Validation class_accuracies: [0.894572025052192, 0.06583629893238434, 0.07246376811594203, 0.07874015748031496]
Validation sensitivity: 0.06860158311345646
Validation specificity: 0.894572025052192
Validation icbhi_score: 0.4815868040828242
Validation roc_auc: None
Validation avg_accuracy: 0.27790306239520834
Validation one_indexed_epoch: 32
The validation tracker metric at 0.4976947356244595 hasn't increased by 0 in 17 epochs
272/272 - 263s - loss: 0.0825 - accuracy: 0.9729 - 263s/epoch - 968ms/step
Epoch 33/80
Validation cm: [[587 263   8 100]
 [322 202   3  35]
 [ 37  11   0  21]
 [ 41  66   5  15]]
Validation normalized_cm: [[0.613 0.275 0.008 0.104]
 [0.573 0.359 0.005 0.062]
 [0.536 0.159 0.    0.304]
 [0.323 0.52  0.039 0.118]]
Validation acc: 0.46853146853146854
Validation class_accuracies: [0.6127348643006263, 0.3594306049822064, 0.0, 0.11811023622047244]
Validation sensitivity: 0.2862796833773087
Validation specificity: 0.6127348643006263
Validation icbhi_score: 0.4495072738389675
Validation roc_auc: None
Validation avg_accuracy: 0.2725689263758263
Validation one_indexed_epoch: 33
The validation tracker metric at 0.4976947356244595 hasn't increased by 0 in 18 epochs
272/272 - 184s - loss: 0.0949 - accuracy: 0.9667 - 184s/epoch - 677ms/step
Epoch 34/80
Validation cm: [[404 325 100 129]
 [188 263  41  70]
 [ 28  17  12  12]
 [ 31  56  17  23]]
Validation normalized_cm: [[0.422 0.339 0.104 0.135]
 [0.335 0.468 0.073 0.125]
 [0.406 0.246 0.174 0.174]
 [0.244 0.441 0.134 0.181]]
Validation acc: 0.4090909090909091
Validation class_accuracies: [0.42171189979123175, 0.4679715302491103, 0.17391304347826086, 0.18110236220472442]
Validation sensitivity: 0.39313984168865435
Validation specificity: 0.42171189979123175
Validation icbhi_score: 0.4074258707399431
Validation roc_auc: None
Validation avg_accuracy: 0.3111747089308319
Validation one_indexed_epoch: 34
The validation tracker metric at 0.4976947356244595 hasn't increased by 0 in 19 epochs
272/272 - 236s - loss: 0.0719 - accuracy: 0.9765 - 236s/epoch - 867ms/step
Epoch 35/80
