Tensorflow Version: 2.8.0
Num GPUs Available:  1
Collecting Variables...
All variables have been collected.
../cache/
cw
train173
Description:  effnet: kfold, mel, no normalizing, 1 optimizer w adaptive lr, overlap threshold = 0.3,
-----------------------
training parameters
[('cache_root', '../cache/'), ('data_root', '../data/'), ('jordan_root', '../data/jwyy9np4gv-3/'), ('icbhi_root', '../data/raw_audios/icbhi_preprocessed_v2_cleaned_8000/'), ('bd_root', '../data/PCV_SEGMENTED_Processed_Files/'), ('excel_path', '../data/Bangladesh_PCV_onlyStudyPatients.xlsx'), ('perch_root', '../data/raw_audios/perch_8000_10seconds'), ('ant_root', '../data/raw_audios/Antwerp_Clinical_Complete'), ('description', ' effnet: kfold, mel, no normalizing, 1 optimizer w adaptive lr, overlap threshold = 0.3,'), ('job_id', 0), ('mode', 'cw'), ('n_classes', 2), ('shape', (80, 500, 3)), ('n_epochs', 110), ('lr', 0.001), ('batch_size', 16), ('ll2_reg', 0), ('weight_decay', 0.01), ('label_smoothing', 0), ('epsilon', 1e-07), ('es_patience', 25), ('min_delta', 0), ('train_test_ratio', 0.8), ('kfold', False), ('clause', 0), ('epoch_start', 0), ('testing', 0), ('adaptive_lr', False), ('cuberooting', 1), ('normalizing', 1), ('class_weights', True), ('early_stopping', False), ('initial_channels', 1), ('factor', 0.5), ('lr_patience', 5), ('min_lr', 1e-05), ('sr', 4000), ('audio_length', 5), ('step_size', 2.5), ('n_fft', 1024), ('hop_length', 254), ('n_mels', 128), ('overlap_threshold', 0.3), ('trainable_fb', False), ('to_decibel', True), ('train_nn', False), ('train_mel', False), ('file_dir', '../cache/cw/train173'), ('n_sequences', 9), ('activate_spectral_loss', False), ('normalize', False), ('stacking', False), ('oversample', False), ('one_hot_encoding', False), ('activation', 'sigmoid'), ('n_filters', 80)]
Job id is 1.
Job dir: ../cache/cw/train173/1
- Loading Icbhi.
725 Icbhi audios have been loaded.
- Preparing Icbhi.
112 Icbhi groups of audio chunks (by filename or patients) have been prepared.
--- Samples are being split into training/val groups and de-grouped by patient ---
Job id is 2.
turning the kfold from 90/10 to 80/20
100
12
to
90
22
-----------------------
--- Final training dataset went from 0 to 3969 elements, with 1889 none's, 991 crakles, 597 wheezes and 492 both ---
--- Final Validation dataset contains 2096 elements, with 989 none, 843 crackles, 120 wheezes and 144 both ---
GPUs
['/device:GPU:0']
Initializing weights...
weights = {0: 0.5252779248279513, 1: 1.0012613521695257, 2: 1.6620603015075377, 3: 2.0167682926829267}
Model: "sequential"
_________________________________________________________________
 Layer (type)                Output Shape              Param #   
=================================================================
 resnet50 (Functional)       (None, 3, 16, 2048)       23587712  
                                                                 
 global_average_pooling2d (G  (None, 2048)             0         
 lobalAveragePooling2D)                                          
                                                                 
 dense (Dense)               (None, 100)               204900    
                                                                 
 dropout (Dropout)           (None, 100)               0         
                                                                 
 dense_1 (Dense)             (None, 50)                5050      
                                                                 
 dropout_1 (Dropout)         (None, 50)                0         
                                                                 
 dense_2 (Dense)             (None, 2)                 102       
                                                                 
=================================================================
Total params: 23,797,764
Trainable params: 23,744,644
Non-trainable params: 53,120
_________________________________________________________________
Model: "leaf_model9_model_efnet1"
______________________________________________________________________________________________________________
 Layer (type)                                    Output Shape                                Param #          
==============================================================================================================
 mel_filterbanks (MelFilterbanks)                multiple                                    0                
                                                                                                              
 mel_filterbanks_1 (MelFilterbanks)              multiple                                    0 (unused)       
                                                                                                              
 sincnet (SincNet)                               multiple                                    0 (unused)       
                                                                                                              
 sequential (Sequential)                         (None, 2)                                   23797764         
                                                                                                              
==============================================================================================================
Total params: 23,797,926
Trainable params: 23,744,806
Non-trainable params: 53,120
______________________________________________________________________________________________________________
Target metric is icbhi_score
Epoch 1/110
WARNING:tensorflow:Gradients do not exist for variables ['kernel:0', 'Variable:0', 'Variable:0'] when minimizing the loss. If you're using `model.compile()`, did you forget to provide a `loss`argument?
WARNING:tensorflow:Gradients do not exist for variables ['kernel:0', 'Variable:0', 'Variable:0'] when minimizing the loss. If you're using `model.compile()`, did you forget to provide a `loss`argument?
WARNING:tensorflow:Gradients do not exist for variables ['kernel:0', 'Variable:0', 'Variable:0'] when minimizing the loss. If you're using `model.compile()`, did you forget to provide a `loss`argument?
WARNING:tensorflow:Gradients do not exist for variables ['kernel:0', 'Variable:0', 'Variable:0'] when minimizing the loss. If you're using `model.compile()`, did you forget to provide a `loss`argument?
Validation cm: [[717  24 208  40]
 [488   7 331  17]
 [ 61   3  50   6]
 [109   0  35   0]]
Validation val_loss: 0.6938091768876059
Validation normalized_cm: [[0.725 0.024 0.21  0.04 ]
 [0.579 0.008 0.393 0.02 ]
 [0.508 0.025 0.417 0.05 ]
 [0.757 0.    0.243 0.   ]]
Validation acc: 0.36927480916030536
Validation class_accuracies: [0.7249747219413549, 0.00830367734282325, 0.4166666666666667, 0.0]
Validation sensitivity: 0.051490514905149054
Validation specificity: 0.7249747219413549
Validation icbhi_score: 0.38823261842325196
Validation roc_auc: None
Validation avg_accuracy: 0.2874862664877112
Validation one_indexed_epoch: 1
-- New best results were achieved. --
There is no such attribute
249/249 - 151s - loss: 0.6576 - accuracy: 0.6578 - 151s/epoch - 607ms/step
Epoch 2/110
Validation cm: [[944  12  23  10]
 [810  13  12   8]
 [ 77   1  41   1]
 [123   0  21   0]]
Validation val_loss: 0.5687384342220221
Validation normalized_cm: [[0.954 0.012 0.023 0.01 ]
 [0.961 0.015 0.014 0.009]
 [0.642 0.008 0.342 0.008]
 [0.854 0.    0.146 0.   ]]
Validation acc: 0.4761450381679389
Validation class_accuracies: [0.9544994944388271, 0.01542111506524318, 0.3416666666666667, 0.0]
Validation sensitivity: 0.04878048780487805
Validation specificity: 0.9544994944388271
Validation icbhi_score: 0.5016399911218525
Validation roc_auc: None
Validation avg_accuracy: 0.3278968190426842
Validation one_indexed_epoch: 2
-- New best results were achieved. --
There is no such attribute
249/249 - 146s - loss: 0.5527 - accuracy: 0.7324 - 146s/epoch - 588ms/step
Epoch 3/110
Validation cm: [[799  45  53  92]
 [756  38  20  29]
 [ 49   3  53  15]
 [ 93   9  37   5]]
Validation val_loss: 0.6274136090082408
Validation normalized_cm: [[0.808 0.046 0.054 0.093]
 [0.897 0.045 0.024 0.034]
 [0.408 0.025 0.442 0.125]
 [0.646 0.062 0.257 0.035]]
Validation acc: 0.42700381679389315
Validation class_accuracies: [0.80788675429727, 0.045077105575326216, 0.44166666666666665, 0.034722222222222224]
Validation sensitivity: 0.08672086720867209
Validation specificity: 0.80788675429727
Validation icbhi_score: 0.44730381075297104
Validation roc_auc: None
Validation avg_accuracy: 0.3323381871903713
Validation one_indexed_epoch: 3
There is no such attribute
249/249 - 154s - loss: 0.4921 - accuracy: 0.7737 - 154s/epoch - 620ms/step
Epoch 4/110
Validation cm: [[550 302  47  90]
 [497 305  12  29]
 [ 34  34  40  12]
 [ 54  52  18  20]]
Validation val_loss: 0.575459785855425
Validation normalized_cm: [[0.556 0.305 0.048 0.091]
 [0.59  0.362 0.014 0.034]
 [0.283 0.283 0.333 0.1  ]
 [0.375 0.361 0.125 0.139]]
Validation acc: 0.43654580152671757
Validation class_accuracies: [0.5561172901921132, 0.36180308422301305, 0.3333333333333333, 0.1388888888888889]
Validation sensitivity: 0.3297199638663053
Validation specificity: 0.5561172901921132
Validation icbhi_score: 0.44291862702920926
Validation roc_auc: None
Validation avg_accuracy: 0.3475356491593371
Validation one_indexed_epoch: 4
There is no such attribute
249/249 - 154s - loss: 0.4377 - accuracy: 0.7863 - 154s/epoch - 619ms/step
Epoch 5/110
Validation cm: [[529 150 205 105]
 [463 159 158  63]
 [ 19   4  81  16]
 [ 44  19  53  28]]
Validation val_loss: 0.7781407022359959
Validation normalized_cm: [[0.535 0.152 0.207 0.106]
 [0.549 0.189 0.187 0.075]
 [0.158 0.033 0.675 0.133]
 [0.306 0.132 0.368 0.194]]
Validation acc: 0.38024809160305345
Validation class_accuracies: [0.5348837209302325, 0.18861209964412812, 0.675, 0.19444444444444445]
Validation sensitivity: 0.24209575429087624
Validation specificity: 0.5348837209302325
Validation icbhi_score: 0.3884897376105544
Validation roc_auc: None
Validation avg_accuracy: 0.3982350662547013
Validation one_indexed_epoch: 5
There is no such attribute
249/249 - 149s - loss: 0.3865 - accuracy: 0.8037 - 149s/epoch - 597ms/step
Epoch 6/110
Validation cm: [[451 386  56  96]
 [345 373  28  97]
 [ 15  15  35  55]
 [ 29  48  45  22]]
Validation val_loss: 0.6584149775760006
Validation normalized_cm: [[0.456 0.39  0.057 0.097]
 [0.409 0.442 0.033 0.115]
 [0.125 0.125 0.292 0.458]
 [0.201 0.333 0.312 0.153]]
Validation acc: 0.42032442748091603
Validation class_accuracies: [0.45601617795753285, 0.4424673784104389, 0.2916666666666667, 0.1527777777777778]
Validation sensitivity: 0.3884372177055104
Validation specificity: 0.45601617795753285
Validation icbhi_score: 0.4222266978315216
Validation roc_auc: None
Validation avg_accuracy: 0.3357320002031041
Validation one_indexed_epoch: 6
There is no such attribute
249/249 - 161s - loss: 0.3290 - accuracy: 0.8131 - 161s/epoch - 648ms/step
Epoch 7/110
Validation cm: [[651 189 116  33]
 [518 266  49  10]
 [ 49   6  61   4]
 [ 82  22  40   0]]
Validation val_loss: 0.6993487387000766
Validation normalized_cm: [[0.658 0.191 0.117 0.033]
 [0.614 0.316 0.058 0.012]
 [0.408 0.05  0.508 0.033]
 [0.569 0.153 0.278 0.   ]]
Validation acc: 0.4666030534351145
Validation class_accuracies: [0.6582406471183013, 0.3155397390272835, 0.5083333333333333, 0.0]
Validation sensitivity: 0.2953929539295393
Validation specificity: 0.6582406471183013
Validation icbhi_score: 0.4768168005239203
Validation roc_auc: None
Validation avg_accuracy: 0.37052842986972956
Validation one_indexed_epoch: 7
There is no such attribute
249/249 - 149s - loss: 0.3004 - accuracy: 0.8005 - 149s/epoch - 599ms/step
Epoch 8/110
Validation cm: [[742  94  83  70]
 [640  94  83  26]
 [ 34   0  65  21]
 [ 55  15  56  18]]
Validation val_loss: 0.8399712007998137
Validation normalized_cm: [[0.75  0.095 0.084 0.071]
 [0.759 0.112 0.098 0.031]
 [0.283 0.    0.542 0.175]
 [0.382 0.104 0.389 0.125]]
Validation acc: 0.43845419847328243
Validation class_accuracies: [0.750252780586451, 0.11150652431791222, 0.5416666666666666, 0.125]
Validation sensitivity: 0.15989159891598917
Validation specificity: 0.750252780586451
Validation icbhi_score: 0.45507218975122005
Validation roc_auc: None
Validation avg_accuracy: 0.38210649289275744
Validation one_indexed_epoch: 8
There is no such attribute
249/249 - 143s - loss: 0.2395 - accuracy: 0.8201 - 143s/epoch - 575ms/step
Epoch 9/110
Validation cm: [[353 399  24 213]
 [216 480  12 135]
 [ 12  12  17  79]
 [ 22  47  22  53]]
Validation val_loss: 1.0187303325087633
Validation normalized_cm: [[0.357 0.403 0.024 0.215]
 [0.256 0.569 0.014 0.16 ]
 [0.1   0.1   0.142 0.658]
 [0.153 0.326 0.153 0.368]]
Validation acc: 0.4308206106870229
Validation class_accuracies: [0.3569261880687563, 0.5693950177935944, 0.14166666666666666, 0.3680555555555556]
Validation sensitivity: 0.4968383017163505
Validation specificity: 0.3569261880687563
Validation icbhi_score: 0.42688224489255344
Validation roc_auc: None
Validation avg_accuracy: 0.3590108570211432
Validation one_indexed_epoch: 9
There is no such attribute
249/249 - 149s - loss: 0.2059 - accuracy: 0.8131 - 149s/epoch - 599ms/step
Epoch 10/110
Validation cm: [[604 305  31  49]
 [418 385  13  27]
 [ 45  21  29  25]
 [ 36  59  21  28]]
Validation val_loss: 0.665547972456437
Validation normalized_cm: [[0.611 0.308 0.031 0.05 ]
 [0.496 0.457 0.015 0.032]
 [0.375 0.175 0.242 0.208]
 [0.25  0.41  0.146 0.194]]
Validation acc: 0.49904580152671757
Validation class_accuracies: [0.6107178968655207, 0.45670225385527874, 0.24166666666666667, 0.19444444444444445]
Validation sensitivity: 0.3992773261065944
Validation specificity: 0.6107178968655207
Validation icbhi_score: 0.5049976114860575
Validation roc_auc: None
Validation avg_accuracy: 0.37588281545797764
Validation one_indexed_epoch: 10
-- New best results were achieved. --
There is no such attribute
249/249 - 154s - loss: 0.1925 - accuracy: 0.7959 - 154s/epoch - 618ms/step
Epoch 11/110
Validation cm: [[803  74  74  38]
 [671  43  92  37]
 [ 48   0  54  18]
 [ 82   2  37  23]]
Validation val_loss: 0.7395078916357473
Validation normalized_cm: [[0.812 0.075 0.075 0.038]
 [0.796 0.051 0.109 0.044]
 [0.4   0.    0.45  0.15 ]
 [0.569 0.014 0.257 0.16 ]]
Validation acc: 0.44036259541984735
Validation class_accuracies: [0.8119312436804853, 0.051008303677342826, 0.45, 0.1597222222222222]
Validation sensitivity: 0.10840108401084012
Validation specificity: 0.8119312436804853
Validation icbhi_score: 0.4601661638456627
Validation roc_auc: None
Validation avg_accuracy: 0.3681654423950126
Validation one_indexed_epoch: 11
Mel loss: <tf.Variable 'Variable:0' shape=() dtype=float32, numpy=0.5>
sinc loss: <tf.Variable 'Variable:0' shape=() dtype=float32, numpy=0.5>
There is no such attribute
249/249 - 155s - loss: 0.1465 - accuracy: 0.7861 - 155s/epoch - 623ms/step
Epoch 12/110
Validation cm: [[500  33 390  66]
 [367  31 372  73]
 [ 11   1  97  11]
 [ 28   0 105  11]]
Validation val_loss: 1.8362921463574267
Validation normalized_cm: [[0.506 0.033 0.394 0.067]
 [0.435 0.037 0.441 0.087]
 [0.092 0.008 0.808 0.092]
 [0.194 0.    0.729 0.076]]
Validation acc: 0.30486641221374045
Validation class_accuracies: [0.5055611729019212, 0.036773428232502965, 0.8083333333333333, 0.0763888888888889]
Validation sensitivity: 0.12556458897922312
Validation specificity: 0.5055611729019212
Validation icbhi_score: 0.31556288094057217
Validation roc_auc: None
Validation avg_accuracy: 0.3567642058391616
Validation one_indexed_epoch: 12
There is no such attribute
249/249 - 155s - loss: 0.1328 - accuracy: 0.7848 - 155s/epoch - 624ms/step
Epoch 13/110
Validation cm: [[652 199  29 109]
 [545 216  24  58]
 [ 34  14  13  59]
 [ 40  41  18  45]]
Validation val_loss: 0.9190880971104785
Validation normalized_cm: [[0.659 0.201 0.029 0.11 ]
 [0.647 0.256 0.028 0.069]
 [0.283 0.117 0.108 0.492]
 [0.278 0.285 0.125 0.312]]
Validation acc: 0.44179389312977096
Validation class_accuracies: [0.6592517694641051, 0.25622775800711745, 0.10833333333333334, 0.3125]
Validation sensitivity: 0.24751580849141824
Validation specificity: 0.6592517694641051
Validation icbhi_score: 0.45338378897776166
Validation roc_auc: None
Validation avg_accuracy: 0.334078215201139
Validation one_indexed_epoch: 13
There is no such attribute
249/249 - 161s - loss: 0.1424 - accuracy: 0.7947 - 161s/epoch - 649ms/step
Epoch 14/110
Validation cm: [[645 174  66 104]
 [588 148  48  59]
 [ 29   3  57  31]
 [ 59  21  39  25]]
Validation val_loss: 0.9981720918081135
Validation normalized_cm: [[0.652 0.176 0.067 0.105]
 [0.698 0.176 0.057 0.07 ]
 [0.242 0.025 0.475 0.258]
 [0.41  0.146 0.271 0.174]]
Validation acc: 0.4174618320610687
Validation class_accuracies: [0.6521739130434783, 0.17556346381969157, 0.475, 0.1736111111111111]
Validation sensitivity: 0.20776874435411022
Validation specificity: 0.6521739130434783
Validation icbhi_score: 0.42997132869879423
Validation roc_auc: None
Validation avg_accuracy: 0.36908712199357024
Validation one_indexed_epoch: 14
There is no such attribute
249/249 - 172s - loss: 0.1247 - accuracy: 0.7906 - 172s/epoch - 690ms/step
Epoch 15/110
Validation cm: [[771 142  11  65]
 [741  83   6  13]
 [ 63  11  31  15]
 [ 87  20  12  25]]
Validation val_loss: 1.018352539346884
Validation normalized_cm: [[0.78  0.144 0.011 0.066]
 [0.879 0.098 0.007 0.015]
 [0.525 0.092 0.258 0.125]
 [0.604 0.139 0.083 0.174]]
Validation acc: 0.43416030534351147
Validation class_accuracies: [0.7795753286147624, 0.09845788849347568, 0.25833333333333336, 0.1736111111111111]
Validation sensitivity: 0.12556458897922312
Validation specificity: 0.7795753286147624
Validation icbhi_score: 0.4525699587969928
Validation roc_auc: None
Validation avg_accuracy: 0.32749441538817065
Validation one_indexed_epoch: 15
There is no such attribute
249/249 - 163s - loss: 0.0876 - accuracy: 0.7770 - 163s/epoch - 655ms/step
Epoch 16/110
Validation cm: [[175 670  28 116]
 [ 40 719  14  70]
 [  4  44  20  52]
 [  4  87  12  41]]
Validation val_loss: 1.0616189840377015
Validation normalized_cm: [[0.177 0.677 0.028 0.117]
 [0.047 0.853 0.017 0.083]
 [0.033 0.367 0.167 0.433]
 [0.028 0.604 0.083 0.285]]
Validation acc: 0.4556297709923664
Validation class_accuracies: [0.1769464105156724, 0.8529062870699882, 0.16666666666666666, 0.2847222222222222]
Validation sensitivity: 0.7046070460704607
Validation specificity: 0.1769464105156724
Validation icbhi_score: 0.4407767282930665
Validation roc_auc: None
Validation avg_accuracy: 0.3703103966186374
Validation one_indexed_epoch: 16
There is no such attribute
249/249 - 163s - loss: 0.1648 - accuracy: 0.7521 - 163s/epoch - 653ms/step
Epoch 17/110
Validation cm: [[690 187  68  44]
 [484 288  55  16]
 [ 37  13  55  15]
 [ 54  45  27  18]]
Validation val_loss: 1.0643332113548962
Validation normalized_cm: [[0.698 0.189 0.069 0.044]
 [0.574 0.342 0.065 0.019]
 [0.308 0.108 0.458 0.125]
 [0.375 0.312 0.188 0.125]]
Validation acc: 0.5014312977099237
Validation class_accuracies: [0.6976744186046512, 0.3416370106761566, 0.4583333333333333, 0.125]
Validation sensitivity: 0.3261065943992773
Validation specificity: 0.6976744186046512
Validation icbhi_score: 0.5118905065019642
Validation roc_auc: None
Validation avg_accuracy: 0.4056611906535353
Validation one_indexed_epoch: 17
-- New best results were achieved. --
There is no such attribute
249/249 - 163s - loss: 0.1177 - accuracy: 0.7564 - 163s/epoch - 656ms/step
Epoch 18/110
Validation cm: [[317 590  28  54]
 [116 692  15  20]
 [ 15  50  26  29]
 [ 22  74  19  29]]
Validation val_loss: 0.7980135558783602
Validation normalized_cm: [[0.321 0.597 0.028 0.055]
 [0.138 0.821 0.018 0.024]
 [0.125 0.417 0.217 0.242]
 [0.153 0.514 0.132 0.201]]
Validation acc: 0.5076335877862596
Validation class_accuracies: [0.320525783619818, 0.8208778173190985, 0.21666666666666667, 0.2013888888888889]
Validation sensitivity: 0.6747967479674797
Validation specificity: 0.320525783619818
Validation icbhi_score: 0.49766126579364883
Validation roc_auc: None
Validation avg_accuracy: 0.389864789123618
Validation one_indexed_epoch: 18
There is no such attribute
249/249 - 161s - loss: 0.0887 - accuracy: 0.7755 - 161s/epoch - 646ms/step
Epoch 19/110
Validation cm: [[705 161  50  73]
 [532 261  27  23]
 [ 31  15  42  32]
 [ 54  37  29  24]]
Validation val_loss: 1.1545464552817488
Validation normalized_cm: [[0.713 0.163 0.051 0.074]
 [0.631 0.31  0.032 0.027]
 [0.258 0.125 0.35  0.267]
 [0.375 0.257 0.201 0.167]]
Validation acc: 0.49236641221374045
Validation class_accuracies: [0.7128412537917088, 0.3096085409252669, 0.35, 0.16666666666666666]
Validation sensitivity: 0.2953929539295393
Validation specificity: 0.7128412537917088
Validation icbhi_score: 0.504117103860624
Validation roc_auc: None
Validation avg_accuracy: 0.38477911534591064
Validation one_indexed_epoch: 19
There is no such attribute
249/249 - 165s - loss: 0.0837 - accuracy: 0.7375 - 165s/epoch - 662ms/step
Epoch 20/110
Validation cm: [[839  63  33  54]
 [713  72  25  33]
 [ 63   3  37  17]
 [104   5  23  12]]
Validation val_loss: 0.9193167771188152
Validation normalized_cm: [[0.848 0.064 0.033 0.055]
 [0.846 0.085 0.03  0.039]
 [0.525 0.025 0.308 0.142]
 [0.722 0.035 0.16  0.083]]
Validation acc: 0.4580152671755725
Validation class_accuracies: [0.8483316481294236, 0.08540925266903915, 0.30833333333333335, 0.08333333333333333]
Validation sensitivity: 0.1093044263775971
Validation specificity: 0.8483316481294236
Validation icbhi_score: 0.47881803725351035
Validation roc_auc: None
Validation avg_accuracy: 0.33135189186628233
Validation one_indexed_epoch: 20
There is no such attribute
249/249 - 156s - loss: 0.0652 - accuracy: 0.7816 - 156s/epoch - 627ms/step
Epoch 21/110
Validation cm: [[385 423  74 107]
 [143 562  53  85]
 [ 14  25  34  47]
 [ 16  64  21  43]]
Validation val_loss: 1.185615388612852
Validation normalized_cm: [[0.389 0.428 0.075 0.108]
 [0.17  0.667 0.063 0.101]
 [0.117 0.208 0.283 0.392]
 [0.111 0.444 0.146 0.299]]
Validation acc: 0.48854961832061067
Validation class_accuracies: [0.38928210313447925, 0.6666666666666666, 0.2833333333333333, 0.2986111111111111]
Validation sensitivity: 0.5772357723577236
Validation specificity: 0.38928210313447925
Validation icbhi_score: 0.4832589377461014
Validation roc_auc: None
Validation avg_accuracy: 0.40947330356139755
Validation one_indexed_epoch: 21
Mel loss: <tf.Variable 'Variable:0' shape=() dtype=float32, numpy=0.5>
sinc loss: <tf.Variable 'Variable:0' shape=() dtype=float32, numpy=0.5>
There is no such attribute
249/249 - 164s - loss: 0.0636 - accuracy: 0.7680 - 164s/epoch - 658ms/step
Epoch 22/110
Validation cm: [[415 466   4 104]
 [172 599   3  69]
 [ 19  31  14  56]
 [ 20  80   7  37]]
Validation val_loss: 0.951683002893741
Validation normalized_cm: [[0.42  0.471 0.004 0.105]
 [0.204 0.711 0.004 0.082]
 [0.158 0.258 0.117 0.467]
 [0.139 0.556 0.049 0.257]]
Validation acc: 0.5081106870229007
Validation class_accuracies: [0.4196157735085945, 0.7105575326215896, 0.11666666666666667, 0.2569444444444444]
Validation sensitivity: 0.5871725383920506
Validation specificity: 0.4196157735085945
Validation icbhi_score: 0.5033941559503226
Validation roc_auc: None
Validation avg_accuracy: 0.3759461043103238
Validation one_indexed_epoch: 22
There is no such attribute
249/249 - 164s - loss: 0.0831 - accuracy: 0.7397 - 164s/epoch - 660ms/step
Epoch 23/110
Validation cm: [[816 122  35  16]
 [759  71   9   4]
 [ 67   9  41   3]
 [ 95  14  31   4]]
Validation val_loss: 0.8379516476620986
Validation normalized_cm: [[0.825 0.123 0.035 0.016]
 [0.9   0.084 0.011 0.005]
 [0.558 0.075 0.342 0.025]
 [0.66  0.097 0.215 0.028]]
Validation acc: 0.4446564885496183
Validation class_accuracies: [0.8250758341759353, 0.08422301304863583, 0.3416666666666667, 0.027777777777777776]
Validation sensitivity: 0.10478771454381211
Validation specificity: 0.8250758341759353
Validation icbhi_score: 0.4649317743598737
Validation roc_auc: None
Validation avg_accuracy: 0.3196858229172539
Validation one_indexed_epoch: 23
There is no such attribute
249/249 - 163s - loss: 0.0578 - accuracy: 0.7561 - 163s/epoch - 656ms/step
Epoch 24/110
Validation cm: [[392 410  32 155]
 [232 486  25 100]
 [ 11  18  31  60]
 [ 14  65  17  48]]
Validation val_loss: 1.2533067901051378
Validation normalized_cm: [[0.396 0.415 0.032 0.157]
 [0.275 0.577 0.03  0.119]
 [0.092 0.15  0.258 0.5  ]
 [0.097 0.451 0.118 0.333]]
Validation acc: 0.45658396946564883
Validation class_accuracies: [0.39635995955510617, 0.5765124555160143, 0.25833333333333336, 0.3333333333333333]
Validation sensitivity: 0.5103884372177055
Validation specificity: 0.39635995955510617
Validation icbhi_score: 0.45337419838640586
Validation roc_auc: None
Validation avg_accuracy: 0.3911347704344468
Validation one_indexed_epoch: 24
There is no such attribute
249/249 - 164s - loss: 0.0640 - accuracy: 0.7405 - 164s/epoch - 657ms/step
Epoch 25/110
Validation cm: [[406 480  23  80]
 [264 521   8  50]
 [ 17  33  23  47]
 [ 16  72  14  42]]
Validation val_loss: 1.2536234256863885
Validation normalized_cm: [[0.411 0.485 0.023 0.081]
 [0.313 0.618 0.009 0.059]
 [0.142 0.275 0.192 0.392]
 [0.111 0.5   0.097 0.292]]
Validation acc: 0.4732824427480916
Validation class_accuracies: [0.41051567239635994, 0.6180308422301305, 0.19166666666666668, 0.2916666666666667]
Validation sensitivity: 0.5293586269196026
Validation specificity: 0.41051567239635994
Validation icbhi_score: 0.4699371496579813
Validation roc_auc: None
Validation avg_accuracy: 0.37796996198995597
Validation one_indexed_epoch: 25
There is no such attribute
249/249 - 165s - loss: 0.0463 - accuracy: 0.7385 - 165s/epoch - 664ms/step
Epoch 26/110
Validation cm: [[453 204  65 267]
 [221 296  45 281]
 [ 10   3  39  68]
 [ 17  31  26  70]]
Validation val_loss: 1.6988150951124021
Validation normalized_cm: [[0.458 0.206 0.066 0.27 ]
 [0.262 0.351 0.053 0.333]
 [0.083 0.025 0.325 0.567]
 [0.118 0.215 0.181 0.486]]
Validation acc: 0.40935114503816794
Validation class_accuracies: [0.4580384226491405, 0.35112692763938314, 0.325, 0.4861111111111111]
Validation sensitivity: 0.36585365853658536
Validation specificity: 0.4580384226491405
Validation icbhi_score: 0.41194604059286294
Validation roc_auc: None
Validation avg_accuracy: 0.4050691153499087
Validation one_indexed_epoch: 26
There is no such attribute
249/249 - 165s - loss: 0.0409 - accuracy: 0.7566 - 165s/epoch - 662ms/step
Epoch 27/110
Validation cm: [[306 624   8  51]
 [139 676   2  26]
 [ 18  41   9  52]
 [  8  99   5  32]]
Validation val_loss: 1.0251111139622135
Validation normalized_cm: [[0.309 0.631 0.008 0.052]
 [0.165 0.802 0.002 0.031]
 [0.15  0.342 0.075 0.433]
 [0.056 0.688 0.035 0.222]]
Validation acc: 0.4880725190839695
Validation class_accuracies: [0.30940343781597573, 0.8018979833926453, 0.075, 0.2222222222222222]
Validation sensitivity: 0.6476964769647696
Validation specificity: 0.30940343781597573
Validation icbhi_score: 0.47854995739037265
Validation roc_auc: None
Validation avg_accuracy: 0.35213091085771075
Validation one_indexed_epoch: 27
There is no such attribute
249/249 - 161s - loss: 0.0370 - accuracy: 0.7443 - 161s/epoch - 647ms/step
Epoch 28/110
Validation cm: [[460 365  63 101]
 [389 341  36  77]
 [ 18  12  42  48]
 [ 27  48  24  45]]
Validation val_loss: 1.3453515950474635
Validation normalized_cm: [[0.465 0.369 0.064 0.102]
 [0.461 0.405 0.043 0.091]
 [0.15  0.1   0.35  0.4  ]
 [0.188 0.333 0.167 0.312]]
Validation acc: 0.42366412213740456
Validation class_accuracies: [0.46511627906976744, 0.4045077105575326, 0.35, 0.3125]
Validation sensitivity: 0.3866305329719964
Validation specificity: 0.46511627906976744
Validation icbhi_score: 0.4258734060208819
Validation roc_auc: None
Validation avg_accuracy: 0.383030997406825
Validation one_indexed_epoch: 28
There is no such attribute
249/249 - 162s - loss: 0.0663 - accuracy: 0.7705 - 162s/epoch - 651ms/step
Epoch 29/110
Validation cm: [[297 661  12  19]
 [138 684   3  18]
 [ 23  47  18  32]
 [  9 105   6  24]]
Validation val_loss: 0.9801984997856977
Validation normalized_cm: [[0.3   0.668 0.012 0.019]
 [0.164 0.811 0.004 0.021]
 [0.192 0.392 0.15  0.267]
 [0.062 0.729 0.042 0.167]]
Validation acc: 0.4880725190839695
Validation class_accuracies: [0.30030333670374115, 0.8113879003558719, 0.15, 0.16666666666666666]
Validation sensitivity: 0.6558265582655827
Validation specificity: 0.30030333670374115
Validation icbhi_score: 0.4780649474846619
Validation roc_auc: None
Validation avg_accuracy: 0.3570894759315699
Validation one_indexed_epoch: 29
There is no such attribute
249/249 - 166s - loss: 0.0437 - accuracy: 0.7813 - 166s/epoch - 666ms/step
Epoch 30/110
Validation cm: [[619 110 219  41]
 [448 177 181  37]
 [ 17   3  76  24]
 [ 41  19  42  42]]
Validation val_loss: 1.5360154203724965
Validation normalized_cm: [[0.626 0.111 0.221 0.041]
 [0.531 0.21  0.215 0.044]
 [0.142 0.025 0.633 0.2  ]
 [0.285 0.132 0.292 0.292]]
Validation acc: 0.4360687022900763
Validation class_accuracies: [0.6258847320525783, 0.2099644128113879, 0.6333333333333333, 0.2916666666666667]
Validation sensitivity: 0.26648599819331525
Validation specificity: 0.6258847320525783
Validation icbhi_score: 0.4461853651229468
Validation roc_auc: None
Validation avg_accuracy: 0.44021228621599157
Validation one_indexed_epoch: 30
There is no such attribute
249/249 - 164s - loss: 0.0383 - accuracy: 0.7415 - 164s/epoch - 660ms/step
Epoch 31/110
Validation cm: [[478 431  25  55]
 [347 451   9  36]
 [ 24  28  24  44]
 [ 29  59  15  41]]
Validation val_loss: 1.167170186387045
Validation normalized_cm: [[0.483 0.436 0.025 0.056]
 [0.412 0.535 0.011 0.043]
 [0.2   0.233 0.2   0.367]
 [0.201 0.41  0.104 0.285]]
Validation acc: 0.47423664122137404
Validation class_accuracies: [0.4833164812942366, 0.534994068801898, 0.2, 0.2847222222222222]
Validation sensitivity: 0.46612466124661245
Validation specificity: 0.4833164812942366
Validation icbhi_score: 0.47472057127042455
Validation roc_auc: None
Validation avg_accuracy: 0.37575819307958924
Validation one_indexed_epoch: 31
Mel loss: <tf.Variable 'Variable:0' shape=() dtype=float32, numpy=0.5>
sinc loss: <tf.Variable 'Variable:0' shape=() dtype=float32, numpy=0.5>
There is no such attribute
249/249 - 166s - loss: 0.0345 - accuracy: 0.7458 - 166s/epoch - 667ms/step
Epoch 32/110
Validation cm: [[431 448  42  68]
 [202 575  16  50]
 [ 17  26  26  51]
 [ 26  69  25  24]]
Validation val_loss: 1.3130219064747308
Validation normalized_cm: [[0.436 0.453 0.042 0.069]
 [0.24  0.682 0.019 0.059]
 [0.142 0.217 0.217 0.425]
 [0.181 0.479 0.174 0.167]]
Validation acc: 0.5038167938931297
Validation class_accuracies: [0.435793731041456, 0.6820877817319099, 0.21666666666666667, 0.16666666666666666]
Validation sensitivity: 0.5645889792231256
Validation specificity: 0.435793731041456
Validation icbhi_score: 0.5001913551322907
Validation roc_auc: None
Validation avg_accuracy: 0.3753037115266748
Validation one_indexed_epoch: 32
There is no such attribute
249/249 - 164s - loss: 0.0265 - accuracy: 0.7896 - 164s/epoch - 658ms/step
Epoch 33/110
Validation cm: [[812  71  60  46]
 [690  94  35  24]
 [ 40   3  47  30]
 [ 81  10  21  32]]
Validation val_loss: 1.5170882598439117
Validation normalized_cm: [[0.821 0.072 0.061 0.047]
 [0.819 0.112 0.042 0.028]
 [0.333 0.025 0.392 0.25 ]
 [0.562 0.069 0.146 0.222]]
Validation acc: 0.4699427480916031
Validation class_accuracies: [0.8210313447927199, 0.11150652431791222, 0.39166666666666666, 0.2222222222222222]
Validation sensitivity: 0.15627822944896116
Validation specificity: 0.8210313447927199
Validation icbhi_score: 0.48865478712084054
Validation roc_auc: None
Validation avg_accuracy: 0.3866066894998802
Validation one_indexed_epoch: 33
There is no such attribute
249/249 - 159s - loss: 0.0294 - accuracy: 0.7617 - 159s/epoch - 638ms/step
Epoch 34/110
Validation cm: [[222 708  24  35]
 [ 75 746   5  17]
 [ 14  46  11  49]
 [  5  99  10  30]]
Validation val_loss: 1.6414596098176883
Validation normalized_cm: [[0.224 0.716 0.024 0.035]
 [0.089 0.885 0.006 0.02 ]
 [0.117 0.383 0.092 0.408]
 [0.035 0.688 0.069 0.208]]
Validation acc: 0.48139312977099236
Validation class_accuracies: [0.224469160768453, 0.8849347568208779, 0.09166666666666666, 0.20833333333333334]
Validation sensitivity: 0.7109304426377597
Validation specificity: 0.224469160768453
Validation icbhi_score: 0.4676998017031064
Validation roc_auc: None
Validation avg_accuracy: 0.3523509793973327
Validation one_indexed_epoch: 34
There is no such attribute
249/249 - 164s - loss: 0.0335 - accuracy: 0.7594 - 164s/epoch - 659ms/step
Epoch 35/110
Validation cm: [[546 330  32  81]
 [464 302  15  62]
 [ 23  18  22  57]
 [ 49  43  14  38]]
Validation val_loss: 1.3051608692452772
Validation normalized_cm: [[0.552 0.334 0.032 0.082]
 [0.55  0.358 0.018 0.074]
 [0.192 0.15  0.183 0.475]
 [0.34  0.299 0.097 0.264]]
Validation acc: 0.43320610687022904
Validation class_accuracies: [0.5520728008088979, 0.3582443653618031, 0.18333333333333332, 0.2638888888888889]
Validation sensitivity: 0.32700993676603435
Validation specificity: 0.5520728008088979
Validation icbhi_score: 0.4395413687874661
Validation roc_auc: None
Validation avg_accuracy: 0.3393848470982308
Validation one_indexed_epoch: 35
There is no such attribute
249/249 - 166s - loss: 0.0257 - accuracy: 0.7486 - 166s/epoch - 668ms/step
Epoch 36/110
Validation cm: [[657 240  27  65]
 [569 208  20  46]
 [ 34   9  37  40]
 [ 51  39  23  31]]
Validation val_loss: 1.758905857492745
Validation normalized_cm: [[0.664 0.243 0.027 0.066]
 [0.675 0.247 0.024 0.055]
 [0.283 0.075 0.308 0.333]
 [0.354 0.271 0.16  0.215]]
Validation acc: 0.44513358778625955
Validation class_accuracies: [0.6643073811931244, 0.24673784104389088, 0.30833333333333335, 0.2152777777777778]
Validation sensitivity: 0.24932249322493225
Validation specificity: 0.6643073811931244
Validation icbhi_score: 0.4568149372090283
Validation roc_auc: None
Validation avg_accuracy: 0.3586640833370316
Validation one_indexed_epoch: 36
There is no such attribute
249/249 - 161s - loss: 0.0243 - accuracy: 0.7470 - 161s/epoch - 645ms/step
Epoch 37/110
Validation cm: [[506 323  59 101]
 [296 443  30  74]
 [ 19  13  35  53]
 [ 26  52  27  39]]
Validation val_loss: 1.461050927315194
Validation normalized_cm: [[0.512 0.327 0.06  0.102]
 [0.351 0.526 0.036 0.088]
 [0.158 0.108 0.292 0.442]
 [0.181 0.361 0.188 0.271]]
Validation acc: 0.4880725190839695
Validation class_accuracies: [0.5116279069767442, 0.5255041518386714, 0.2916666666666667, 0.2708333333333333]
Validation sensitivity: 0.4670280036133695
Validation specificity: 0.5116279069767442
Validation icbhi_score: 0.48932795529505685
Validation roc_auc: None
Validation avg_accuracy: 0.3999080147038539
Validation one_indexed_epoch: 37
There is no such attribute
249/249 - 165s - loss: 0.0177 - accuracy: 0.7385 - 165s/epoch - 661ms/step
Epoch 38/110
Validation cm: [[815  61  34  79]
 [738  50  15  40]
 [ 49   6  35  30]
 [ 87   8  22  27]]
Validation val_loss: 1.8256158558088207
Validation normalized_cm: [[0.824 0.062 0.034 0.08 ]
 [0.875 0.059 0.018 0.047]
 [0.408 0.05  0.292 0.25 ]
 [0.604 0.056 0.153 0.188]]
Validation acc: 0.4422709923664122
Validation class_accuracies: [0.8240647118301314, 0.05931198102016608, 0.2916666666666667, 0.1875]
Validation sensitivity: 0.1011743450767841
Validation specificity: 0.8240647118301314
Validation icbhi_score: 0.4626195284534578
Validation roc_auc: None
Validation avg_accuracy: 0.34063583987924106
Validation one_indexed_epoch: 38
There is no such attribute
249/249 - 163s - loss: 0.0410 - accuracy: 0.7259 - 163s/epoch - 653ms/step
Epoch 39/110
Validation cm: [[469 354  69  97]
 [261 462  33  87]
 [ 13  16  52  39]
 [ 24  50  28  42]]
Validation val_loss: 1.6446407157548562
Validation normalized_cm: [[0.474 0.358 0.07  0.098]
 [0.31  0.548 0.039 0.103]
 [0.108 0.133 0.433 0.325]
 [0.167 0.347 0.194 0.292]]
Validation acc: 0.4890267175572519
Validation class_accuracies: [0.474216380182002, 0.5480427046263345, 0.43333333333333335, 0.2916666666666667]
Validation sensitivity: 0.5022583559168925
Validation specificity: 0.474216380182002
Validation icbhi_score: 0.4882373680494473
Validation roc_auc: None
Validation avg_accuracy: 0.4368147712020842
Validation one_indexed_epoch: 39
There is no such attribute
249/249 - 162s - loss: 0.0197 - accuracy: 0.7428 - 162s/epoch - 652ms/step
Epoch 40/110
Validation cm: [[677 220  30  62]
 [580 176  13  74]
 [ 35   9  28  48]
 [ 55  24  19  46]]
Validation val_loss: 1.3551762216474377
Validation normalized_cm: [[0.685 0.222 0.03  0.063]
 [0.688 0.209 0.015 0.088]
 [0.292 0.075 0.233 0.4  ]
 [0.382 0.167 0.132 0.319]]
Validation acc: 0.4422709923664122
Validation class_accuracies: [0.6845298281092013, 0.20877817319098457, 0.23333333333333334, 0.3194444444444444]
Validation sensitivity: 0.22583559168925021
Validation specificity: 0.6845298281092013
Validation icbhi_score: 0.4551827098992257
Validation roc_auc: None
Validation avg_accuracy: 0.3615214447694909
Validation one_indexed_epoch: 40
There is no such attribute
249/249 - 166s - loss: 0.0190 - accuracy: 0.7455 - 166s/epoch - 666ms/step
Epoch 41/110
Validation cm: [[509 363  53  64]
 [328 440  16  59]
 [ 26  13  48  33]
 [ 36  54  21  33]]
Validation val_loss: 1.1463120472945234
Validation normalized_cm: [[0.515 0.367 0.054 0.065]
 [0.389 0.522 0.019 0.07 ]
 [0.217 0.108 0.4   0.275]
 [0.25  0.375 0.146 0.229]]
Validation acc: 0.491412213740458
Validation class_accuracies: [0.5146612740141557, 0.5219454329774614, 0.4, 0.22916666666666666]
Validation sensitivity: 0.4706413730803975
Validation specificity: 0.5146612740141557
Validation icbhi_score: 0.4926513235472766
Validation roc_auc: None
Validation avg_accuracy: 0.41644334341457095
Validation one_indexed_epoch: 41
There is no such attribute
249/249 - 167s - loss: 0.0360 - accuracy: 0.7470 - 167s/epoch - 671ms/step
Epoch 42/110
Validation cm: [[220 694  16  59]
 [ 61 753   7  22]
 [ 13  67   7  33]
 [ 12  99   6  27]]
Validation val_loss: 1.6753596561844435
Validation normalized_cm: [[0.222 0.702 0.016 0.06 ]
 [0.072 0.893 0.008 0.026]
 [0.108 0.558 0.058 0.275]
 [0.083 0.688 0.042 0.188]]
Validation acc: 0.4804389312977099
Validation class_accuracies: [0.2224469160768453, 0.8932384341637011, 0.058333333333333334, 0.1875]
Validation sensitivity: 0.7109304426377597
Validation specificity: 0.2224469160768453
Validation icbhi_score: 0.4666886793573025
Validation roc_auc: None
Validation avg_accuracy: 0.34037967089346993
Validation one_indexed_epoch: 42
There is no such attribute
249/249 - 167s - loss: 0.0297 - accuracy: 0.7145 - 167s/epoch - 669ms/step
Epoch 43/110
Validation cm: [[603 218  30 138]
 [459 245  23 116]
 [ 26   8  22  64]
 [ 36  29  12  67]]
Validation val_loss: 1.343793285865501
Validation normalized_cm: [[0.61  0.22  0.03  0.14 ]
 [0.544 0.291 0.027 0.138]
 [0.217 0.067 0.183 0.533]
 [0.25  0.201 0.083 0.465]]
Validation acc: 0.4470419847328244
Validation class_accuracies: [0.6097067745197169, 0.29062870699881377, 0.18333333333333332, 0.4652777777777778]
Validation sensitivity: 0.3017163504968383
Validation specificity: 0.6097067745197169
Validation icbhi_score: 0.4557115625082776
Validation roc_auc: None
Validation avg_accuracy: 0.38723664815741043
Validation one_indexed_epoch: 43
There is no such attribute
249/249 - 164s - loss: 0.0317 - accuracy: 0.7433 - 164s/epoch - 658ms/step
Epoch 44/110
Validation cm: [[720  77  92 100]
 [560 121  86  76]
 [ 24   2  46  48]
 [ 50  12  40  42]]
Validation val_loss: 1.9027325118221756
Validation normalized_cm: [[0.728 0.078 0.093 0.101]
 [0.664 0.144 0.102 0.09 ]
 [0.2   0.017 0.383 0.4  ]
 [0.347 0.083 0.278 0.292]]
Validation acc: 0.44322519083969464
Validation class_accuracies: [0.7280080889787665, 0.1435349940688019, 0.38333333333333336, 0.2916666666666667]
Validation sensitivity: 0.18879855465221318
Validation specificity: 0.7280080889787665
Validation icbhi_score: 0.4584033218154898
Validation roc_auc: None
