Tensorflow Version: 2.8.0
Num GPUs Available:  1
Collecting Variables...
All variables have been collected.
../cache/
cw
train174
Description:  effnet: kfold, mel, no normalizing, 1 optimizer w adaptive lr, overlap threshold = 0.3,
-----------------------
training parameters
[('cache_root', '../cache/'), ('data_root', '../data/'), ('jordan_root', '../data/jwyy9np4gv-3/'), ('icbhi_root', '../data/raw_audios/icbhi_preprocessed_v2_cleaned_8000/'), ('bd_root', '../data/PCV_SEGMENTED_Processed_Files/'), ('excel_path', '../data/Bangladesh_PCV_onlyStudyPatients.xlsx'), ('perch_root', '../data/raw_audios/perch_8000_10seconds'), ('ant_root', '../data/raw_audios/Antwerp_Clinical_Complete'), ('description', ' effnet: kfold, mel, no normalizing, 1 optimizer w adaptive lr, overlap threshold = 0.3,'), ('job_id', 0), ('mode', 'cw'), ('n_classes', 2), ('shape', (80, 500, 3)), ('n_epochs', 80), ('lr', 0.001), ('batch_size', 16), ('ll2_reg', 0), ('weight_decay', 0.01), ('label_smoothing', 0), ('epsilon', 1e-07), ('es_patience', 25), ('min_delta', 0), ('train_test_ratio', 0.8), ('kfold', False), ('clause', 0), ('epoch_start', 0), ('testing', 0), ('adaptive_lr', False), ('cuberooting', 1), ('normalizing', 1), ('class_weights', True), ('early_stopping', True), ('initial_channels', 1), ('factor', 0.5), ('lr_patience', 8), ('min_lr', 1e-05), ('sr', 4000), ('audio_length', 5), ('step_size', 2.5), ('n_fft', 1024), ('hop_length', 254), ('n_mels', 128), ('overlap_threshold', 0.3), ('trainable_fb', False), ('to_decibel', True), ('train_nn', False), ('train_mel', False), ('file_dir', '../cache/cw/train174'), ('n_sequences', 9), ('activate_spectral_loss', False), ('normalize', False), ('stacking', False), ('oversample', False), ('one_hot_encoding', False), ('activation', 'sigmoid'), ('n_filters', 80)]
Job id is 1.
Job dir: ../cache/cw/train174/1
- Loading Icbhi.
725 Icbhi audios have been loaded.
- Preparing Icbhi.
112 Icbhi groups of audio chunks (by filename or patients) have been prepared.
--- Samples are being split into training/val groups and de-grouped by patient ---
Job id is 2.
turning the kfold from 90/10 to 80/20
100
12
to
90
22
-----------------------
--- Final training dataset went from 0 to 3969 elements, with 1889 none's, 991 crakles, 597 wheezes and 492 both ---
--- Final Validation dataset contains 2096 elements, with 989 none, 843 crackles, 120 wheezes and 144 both ---
GPUs
['/device:GPU:0']
Initializing weights...
weights = {0: 0.5252779248279513, 1: 1.0012613521695257, 2: 1.6620603015075377, 3: 2.0167682926829267}
Model: "sequential"
_________________________________________________________________
 Layer (type)                Output Shape              Param #   
=================================================================
 resnet50 (Functional)       (None, 3, 16, 2048)       23587712  
                                                                 
 global_average_pooling2d (G  (None, 2048)             0         
 lobalAveragePooling2D)                                          
                                                                 
 dense (Dense)               (None, 1024)              2098176   
                                                                 
 dropout (Dropout)           (None, 1024)              0         
                                                                 
 dense_1 (Dense)             (None, 512)               524800    
                                                                 
 dropout_1 (Dropout)         (None, 512)               0         
                                                                 
 dense_2 (Dense)             (None, 2)                 1026      
                                                                 
=================================================================
Total params: 26,211,714
Trainable params: 26,158,594
Non-trainable params: 53,120
_________________________________________________________________
Model: "leaf_model9_model_efnet1_174_1"
______________________________________________________________________________________________________________
 Layer (type)                                    Output Shape                                Param #          
==============================================================================================================
 mel_filterbanks (MelFilterbanks)                multiple                                    0                
                                                                                                              
 mel_filterbanks_1 (MelFilterbanks)              multiple                                    0 (unused)       
                                                                                                              
 sincnet (SincNet)                               multiple                                    0 (unused)       
                                                                                                              
 sequential (Sequential)                         (None, 2)                                   26211714         
                                                                                                              
==============================================================================================================
Total params: 26,211,876
Trainable params: 26,158,756
Non-trainable params: 53,120
______________________________________________________________________________________________________________
Target metric is icbhi_score
Epoch 1/80
WARNING:tensorflow:Gradients do not exist for variables ['kernel:0', 'Variable:0', 'Variable:0'] when minimizing the loss. If you're using `model.compile()`, did you forget to provide a `loss`argument?
WARNING:tensorflow:Gradients do not exist for variables ['kernel:0', 'Variable:0', 'Variable:0'] when minimizing the loss. If you're using `model.compile()`, did you forget to provide a `loss`argument?
WARNING:tensorflow:Gradients do not exist for variables ['kernel:0', 'Variable:0', 'Variable:0'] when minimizing the loss. If you're using `model.compile()`, did you forget to provide a `loss`argument?
WARNING:tensorflow:Gradients do not exist for variables ['kernel:0', 'Variable:0', 'Variable:0'] when minimizing the loss. If you're using `model.compile()`, did you forget to provide a `loss`argument?
Validation cm: [[  0 960   0  29]
 [  0 826   0  17]
 [  0 116   0   4]
 [  0 141   0   3]]
Validation val_loss: 0.6614466049914597
Validation normalized_cm: [[0.    0.971 0.    0.029]
 [0.    0.98  0.    0.02 ]
 [0.    0.967 0.    0.033]
 [0.    0.979 0.    0.021]]
Validation acc: 0.3955152671755725
Validation class_accuracies: [0.0, 0.9798339264531435, 0.0, 0.020833333333333332]
Validation sensitivity: 0.7488708220415538
Validation specificity: 0.0
Validation icbhi_score: 0.3744354110207769
Validation roc_auc: None
Validation avg_accuracy: 0.2501668149466192
Validation one_indexed_epoch: 1
-- New best results were achieved. --
There is no such attribute
249/249 - 172s - loss: 0.6376 - accuracy: 0.6178 - 172s/epoch - 690ms/step
Epoch 2/80
Validation cm: [[ 40 868  29  52]
 [  6 807  10  20]
 [  1  89  11  19]
 [  0 107  17  20]]
Validation val_loss: 0.5975677591130024
Validation normalized_cm: [[0.04  0.878 0.029 0.053]
 [0.007 0.957 0.012 0.024]
 [0.008 0.742 0.092 0.158]
 [0.    0.743 0.118 0.139]]
Validation acc: 0.41889312977099236
Validation class_accuracies: [0.04044489383215369, 0.9572953736654805, 0.09166666666666666, 0.1388888888888889]
Validation sensitivity: 0.7570009033423668
Validation specificity: 0.04044489383215369
Validation icbhi_score: 0.39872289858726023
Validation roc_auc: None
Validation avg_accuracy: 0.3070739557632974
Validation one_indexed_epoch: 2
-- New best results were achieved. --
There is no such attribute
249/249 - 160s - loss: 0.5010 - accuracy: 0.7508 - 160s/epoch - 641ms/step
Epoch 3/80
Validation cm: [[111 842   1  35]
 [ 30 803   6   4]
 [  5  95   3  17]
 [  2 113   1  28]]
Validation val_loss: 0.618545159829944
Validation normalized_cm: [[0.112 0.851 0.001 0.035]
 [0.036 0.953 0.007 0.005]
 [0.042 0.792 0.025 0.142]
 [0.014 0.785 0.007 0.194]]
Validation acc: 0.4508587786259542
Validation class_accuracies: [0.1122345803842265, 0.9525504151838672, 0.025, 0.19444444444444445]
Validation sensitivity: 0.7533875338753387
Validation specificity: 0.1122345803842265
Validation icbhi_score: 0.43281105712978263
Validation roc_auc: None
Validation avg_accuracy: 0.3210573600031345
Validation one_indexed_epoch: 3
-- New best results were achieved. --
There is no such attribute
249/249 - 161s - loss: 0.4209 - accuracy: 0.7591 - 161s/epoch - 646ms/step
Epoch 4/80
Validation cm: [[ 58 862  28  41]
 [ 21 791   8  23]
 [  0  78   5  37]
 [  1 127   0  16]]
Validation val_loss: 0.6162470512657305
Validation normalized_cm: [[0.059 0.872 0.028 0.041]
 [0.025 0.938 0.009 0.027]
 [0.    0.65  0.042 0.308]
 [0.007 0.882 0.    0.111]]
Validation acc: 0.4150763358778626
Validation class_accuracies: [0.05864509605662285, 0.9383155397390273, 0.041666666666666664, 0.1111111111111111]
Validation sensitivity: 0.7335140018066847
Validation specificity: 0.05864509605662285
Validation icbhi_score: 0.39607954893165376
Validation roc_auc: None
Validation avg_accuracy: 0.28743460339335697
Validation one_indexed_epoch: 4
The validation tracker metric at 0.43281105712978263 hasn't increased by 0 in 1 epochs
There is no such attribute
249/249 - 159s - loss: 0.3377 - accuracy: 0.7816 - 159s/epoch - 637ms/step
Epoch 5/80
Validation cm: [[551 199 137 102]
 [489 174  83  97]
 [ 18   7  62  33]
 [ 51  25  34  34]]
Validation val_loss: 0.7284775637259053
Validation normalized_cm: [[0.557 0.201 0.139 0.103]
 [0.58  0.206 0.098 0.115]
 [0.15  0.058 0.517 0.275]
 [0.354 0.174 0.236 0.236]]
Validation acc: 0.3916984732824427
Validation class_accuracies: [0.5571284125379171, 0.20640569395017794, 0.5166666666666667, 0.2361111111111111]
Validation sensitivity: 0.24390243902439024
Validation specificity: 0.5571284125379171
Validation icbhi_score: 0.4005154257811537
Validation roc_auc: None
Validation avg_accuracy: 0.37907797106646823
Validation one_indexed_epoch: 5
The validation tracker metric at 0.43281105712978263 hasn't increased by 0 in 2 epochs
There is no such attribute
249/249 - 161s - loss: 0.2805 - accuracy: 0.7753 - 161s/epoch - 648ms/step
Epoch 6/80
Validation cm: [[287 578  42  82]
 [256 519  10  58]
 [ 27  26  33  34]
 [ 35  57  33  19]]
Validation val_loss: 0.6450552187645844
Validation normalized_cm: [[0.29  0.584 0.042 0.083]
 [0.304 0.616 0.012 0.069]
 [0.225 0.217 0.275 0.283]
 [0.243 0.396 0.229 0.132]]
Validation acc: 0.40935114503816794
Validation class_accuracies: [0.2901921132457027, 0.6156583629893239, 0.275, 0.13194444444444445]
Validation sensitivity: 0.5158084914182475
Validation specificity: 0.2901921132457027
Validation icbhi_score: 0.4030003023319751
Validation roc_auc: None
Validation avg_accuracy: 0.3281987301698677
Validation one_indexed_epoch: 6
The validation tracker metric at 0.43281105712978263 hasn't increased by 0 in 3 epochs
There is no such attribute
249/249 - 156s - loss: 0.2177 - accuracy: 0.7826 - 156s/epoch - 626ms/step
Epoch 7/80
Validation cm: [[677 143  96  73]
 [513 242  52  36]
 [ 33   4  72  11]
 [ 63  22  52   7]]
Validation val_loss: 0.9604309774931677
Validation normalized_cm: [[0.685 0.145 0.097 0.074]
 [0.609 0.287 0.062 0.043]
 [0.275 0.033 0.6   0.092]
 [0.438 0.153 0.361 0.049]]
Validation acc: 0.4761450381679389
Validation class_accuracies: [0.6845298281092013, 0.2870699881376038, 0.6, 0.04861111111111111]
Validation sensitivity: 0.2899728997289973
Validation specificity: 0.6845298281092013
Validation icbhi_score: 0.4872513639190993
Validation roc_auc: None
Validation avg_accuracy: 0.4050527318394791
Validation one_indexed_epoch: 7
-- New best results were achieved. --
There is no such attribute
249/249 - 157s - loss: 0.1968 - accuracy: 0.7617 - 157s/epoch - 630ms/step
Epoch 8/80
Validation cm: [[749  56 168  16]
 [699  36 103   5]
 [ 47   3  69   1]
 [ 91   1  44   8]]
Validation val_loss: 1.7252694863788278
Validation normalized_cm: [[0.757 0.057 0.17  0.016]
 [0.829 0.043 0.122 0.006]
 [0.392 0.025 0.575 0.008]
 [0.632 0.007 0.306 0.056]]
Validation acc: 0.4112595419847328
Validation class_accuracies: [0.7573306370070778, 0.042704626334519574, 0.575, 0.05555555555555555]
Validation sensitivity: 0.1020776874435411
Validation specificity: 0.7573306370070778
Validation icbhi_score: 0.42970416222530944
Validation roc_auc: None
Validation avg_accuracy: 0.35764770472428825
Validation one_indexed_epoch: 8
The validation tracker metric at 0.4872513639190993 hasn't increased by 0 in 1 epochs
There is no such attribute
249/249 - 152s - loss: 0.1449 - accuracy: 0.7790 - 152s/epoch - 611ms/step
Epoch 9/80
Validation cm: [[650 226  65  48]
 [570 209  34  30]
 [ 35  13  48  24]
 [ 45  27  34  38]]
Validation val_loss: 0.68969813472614
Validation normalized_cm: [[0.657 0.229 0.066 0.049]
 [0.676 0.248 0.04  0.036]
 [0.292 0.108 0.4   0.2  ]
 [0.312 0.188 0.236 0.264]]
Validation acc: 0.4508587786259542
Validation class_accuracies: [0.6572295247724975, 0.2479240806642942, 0.4, 0.2638888888888889]
Validation sensitivity: 0.26648599819331525
Validation specificity: 0.6572295247724975
Validation icbhi_score: 0.46185776148290636
Validation roc_auc: None
Validation avg_accuracy: 0.3922606235814201
Validation one_indexed_epoch: 9
The validation tracker metric at 0.4872513639190993 hasn't increased by 0 in 2 epochs
There is no such attribute
249/249 - 161s - loss: 0.1306 - accuracy: 0.7672 - 161s/epoch - 645ms/step
Epoch 10/80
Validation cm: [[397 458  35  99]
 [347 437  17  42]
 [ 18  45  15  42]
 [ 24  88   5  27]]
Validation val_loss: 1.0352715381004078
Validation normalized_cm: [[0.401 0.463 0.035 0.1  ]
 [0.412 0.518 0.02  0.05 ]
 [0.15  0.375 0.125 0.35 ]
 [0.167 0.611 0.035 0.188]]
Validation acc: 0.4179389312977099
Validation class_accuracies: [0.40141557128412536, 0.5183867141162515, 0.125, 0.1875]
Validation sensitivity: 0.4327009936766034
Validation specificity: 0.40141557128412536
Validation icbhi_score: 0.41705828248036436
Validation roc_auc: None
Validation avg_accuracy: 0.3080755713500942
Validation one_indexed_epoch: 10
The validation tracker metric at 0.4872513639190993 hasn't increased by 0 in 3 epochs
There is no such attribute
249/249 - 161s - loss: 0.1108 - accuracy: 0.7564 - 161s/epoch - 647ms/step
Epoch 11/80
Validation cm: [[531 358  30  70]
 [362 441   8  32]
 [ 47  29  25  19]
 [ 45  66  11  22]]
Validation val_loss: 0.8180407307971375
Validation normalized_cm: [[0.537 0.362 0.03  0.071]
 [0.429 0.523 0.009 0.038]
 [0.392 0.242 0.208 0.158]
 [0.312 0.458 0.076 0.153]]
Validation acc: 0.48616412213740456
Validation class_accuracies: [0.5369059656218402, 0.5231316725978647, 0.20833333333333334, 0.1527777777777778]
Validation sensitivity: 0.4408310749774164
Validation specificity: 0.5369059656218402
Validation icbhi_score: 0.48886852029962835
Validation roc_auc: None
Validation avg_accuracy: 0.35528718733270404
Validation one_indexed_epoch: 11
-- New best results were achieved. --
Mel loss: <tf.Variable 'Variable:0' shape=() dtype=float32, numpy=0.5>
sinc loss: <tf.Variable 'Variable:0' shape=() dtype=float32, numpy=0.5>
There is no such attribute
249/249 - 162s - loss: 0.0709 - accuracy: 0.7561 - 162s/epoch - 651ms/step
Epoch 12/80
Validation cm: [[335 522  28 104]
 [258 497   4  84]
 [ 21  44  17  38]
 [ 15  75   3  51]]
Validation val_loss: 0.7375740331978309
Validation normalized_cm: [[0.339 0.528 0.028 0.105]
 [0.306 0.59  0.005 0.1  ]
 [0.175 0.367 0.142 0.317]
 [0.104 0.521 0.021 0.354]]
Validation acc: 0.42938931297709926
Validation class_accuracies: [0.33872598584428715, 0.5895610913404508, 0.14166666666666666, 0.3541666666666667]
Validation sensitivity: 0.5103884372177055
Validation specificity: 0.33872598584428715
Validation icbhi_score: 0.42455721153099635
Validation roc_auc: None
Validation avg_accuracy: 0.35603010262951784
Validation one_indexed_epoch: 12
The validation tracker metric at 0.48886852029962835 hasn't increased by 0 in 1 epochs
There is no such attribute
249/249 - 163s - loss: 0.0724 - accuracy: 0.7493 - 163s/epoch - 656ms/step
Epoch 13/80
Validation cm: [[510 423  17  39]
 [513 306   2  22]
 [ 39  39  10  32]
 [ 59  51   6  28]]
Validation val_loss: 0.7522462361188209
Validation normalized_cm: [[0.516 0.428 0.017 0.039]
 [0.609 0.363 0.002 0.026]
 [0.325 0.325 0.083 0.267]
 [0.41  0.354 0.042 0.194]]
Validation acc: 0.4074427480916031
Validation class_accuracies: [0.5156723963599595, 0.36298932384341637, 0.08333333333333333, 0.19444444444444445]
Validation sensitivity: 0.3107497741644083
Validation specificity: 0.5156723963599595
Validation icbhi_score: 0.4132110852621839
Validation roc_auc: None
Validation avg_accuracy: 0.28910987449528847
Validation one_indexed_epoch: 13
The validation tracker metric at 0.48886852029962835 hasn't increased by 0 in 2 epochs
There is no such attribute
249/249 - 163s - loss: 0.0751 - accuracy: 0.7591 - 163s/epoch - 653ms/step
Epoch 14/80
Validation cm: [[676 230  41  42]
 [495 292  22  34]
 [ 47  12  43  18]
 [ 66  38  15  25]]
Validation val_loss: 1.025592608690673
Validation normalized_cm: [[0.684 0.233 0.041 0.042]
 [0.587 0.346 0.026 0.04 ]
 [0.392 0.1   0.358 0.15 ]
 [0.458 0.264 0.104 0.174]]
Validation acc: 0.49427480916030536
Validation class_accuracies: [0.6835187057633973, 0.34638196915776986, 0.35833333333333334, 0.1736111111111111]
Validation sensitivity: 0.3252032520325203
Validation specificity: 0.6835187057633973
Validation icbhi_score: 0.5043609788979588
Validation roc_auc: None
Validation avg_accuracy: 0.39046127984140294
Validation one_indexed_epoch: 14
-- New best results were achieved. --
There is no such attribute
249/249 - 163s - loss: 0.0658 - accuracy: 0.7357 - 163s/epoch - 654ms/step
Epoch 15/80
Validation cm: [[656 259  29  45]
 [521 294   4  24]
 [ 48  25  11  36]
 [ 66  44  11  23]]
Validation val_loss: 0.8663065695626392
Validation normalized_cm: [[0.663 0.262 0.029 0.046]
 [0.618 0.349 0.005 0.028]
 [0.4   0.208 0.092 0.3  ]
 [0.458 0.306 0.076 0.16 ]]
Validation acc: 0.46946564885496184
Validation class_accuracies: [0.6632962588473206, 0.3487544483985765, 0.09166666666666666, 0.1597222222222222]
Validation sensitivity: 0.2962962962962963
Validation specificity: 0.6632962588473206
Validation icbhi_score: 0.4797962775718084
Validation roc_auc: None
Validation avg_accuracy: 0.3158598990336965
Validation one_indexed_epoch: 15
The validation tracker metric at 0.5043609788979588 hasn't increased by 0 in 1 epochs
There is no such attribute
249/249 - 160s - loss: 0.0458 - accuracy: 0.7417 - 160s/epoch - 642ms/step
Epoch 16/80
Validation cm: [[ 49 845  10  85]
 [  8 778   6  51]
 [  0  54   6  60]
 [  0  97   4  43]]
Validation val_loss: 2.0368356280798627
Validation normalized_cm: [[0.05  0.854 0.01  0.086]
 [0.009 0.923 0.007 0.06 ]
 [0.    0.45  0.05  0.5  ]
 [0.    0.674 0.028 0.299]]
Validation acc: 0.4179389312977099
Validation class_accuracies: [0.04954499494438827, 0.9228944246737841, 0.05, 0.2986111111111111]
Validation sensitivity: 0.7470641373080398
Validation specificity: 0.04954499494438827
Validation icbhi_score: 0.398304566126214
Validation roc_auc: None
Validation avg_accuracy: 0.33026263268232087
Validation one_indexed_epoch: 16
The validation tracker metric at 0.5043609788979588 hasn't increased by 0 in 2 epochs
There is no such attribute
249/249 - 156s - loss: 0.0772 - accuracy: 0.7395 - 156s/epoch - 627ms/step
Epoch 17/80
Validation cm: [[175 442 105 267]
 [ 50 471  35 287]
 [  7  16  12  85]
 [  6  39   9  90]]
Validation val_loss: 1.2934530366883823
Validation normalized_cm: [[0.177 0.447 0.106 0.27 ]
 [0.059 0.559 0.042 0.34 ]
 [0.058 0.133 0.1   0.708]
 [0.042 0.271 0.062 0.625]]
Validation acc: 0.3568702290076336
Validation class_accuracies: [0.1769464105156724, 0.5587188612099644, 0.1, 0.625]
Validation sensitivity: 0.5176151761517616
Validation specificity: 0.1769464105156724
Validation icbhi_score: 0.347280793333717
Validation roc_auc: None
Validation avg_accuracy: 0.3651663179314092
Validation one_indexed_epoch: 17
The validation tracker metric at 0.5043609788979588 hasn't increased by 0 in 3 epochs
There is no such attribute
249/249 - 162s - loss: 0.0912 - accuracy: 0.7234 - 162s/epoch - 652ms/step
Epoch 18/80
Validation cm: [[493 380  51  65]
 [344 434  27  38]
 [ 26  21  40  33]
 [ 39  45  18  42]]
Validation val_loss: 0.8125775268360914
Validation normalized_cm: [[0.498 0.384 0.052 0.066]
 [0.408 0.515 0.032 0.045]
 [0.217 0.175 0.333 0.275]
 [0.271 0.312 0.125 0.292]]
Validation acc: 0.48139312977099236
Validation class_accuracies: [0.49848331648129424, 0.5148279952550415, 0.3333333333333333, 0.2916666666666667]
Validation sensitivity: 0.46612466124661245
Validation specificity: 0.49848331648129424
Validation icbhi_score: 0.4823039888639533
Validation roc_auc: None
Validation avg_accuracy: 0.4095778279340839
Validation one_indexed_epoch: 18
The validation tracker metric at 0.5043609788979588 hasn't increased by 0 in 4 epochs
There is no such attribute
249/249 - 163s - loss: 0.0586 - accuracy: 0.7372 - 163s/epoch - 653ms/step
Epoch 19/80
Validation cm: [[797  67  83  42]
 [747  38  45  13]
 [ 54   0  58   8]
 [ 94   2  41   7]]
Validation val_loss: 1.3682969195501051
Validation normalized_cm: [[0.806 0.068 0.084 0.042]
 [0.886 0.045 0.053 0.015]
 [0.45  0.    0.483 0.067]
 [0.653 0.014 0.285 0.049]]
Validation acc: 0.42938931297709926
Validation class_accuracies: [0.8058645096056622, 0.045077105575326216, 0.48333333333333334, 0.04861111111111111]
Validation sensitivity: 0.0930442637759711
Validation specificity: 0.8058645096056622
Validation icbhi_score: 0.44945438669081667
Validation roc_auc: None
Validation avg_accuracy: 0.3457215149063582
Validation one_indexed_epoch: 19
The validation tracker metric at 0.5043609788979588 hasn't increased by 0 in 5 epochs
There is no such attribute
249/249 - 160s - loss: 0.0466 - accuracy: 0.7201 - 160s/epoch - 642ms/step
Epoch 20/80
Validation cm: [[682 174  71  62]
 [655 126  39  23]
 [ 44   9  54  13]
 [ 78  19  33  14]]
Validation val_loss: 1.6994089041524878
Validation normalized_cm: [[0.69  0.176 0.072 0.063]
 [0.777 0.149 0.046 0.027]
 [0.367 0.075 0.45  0.108]
 [0.542 0.132 0.229 0.097]]
Validation acc: 0.4179389312977099
Validation class_accuracies: [0.6895854398382204, 0.1494661921708185, 0.45, 0.09722222222222222]
Validation sensitivity: 0.17524841915085818
Validation specificity: 0.6895854398382204
Validation icbhi_score: 0.4324169294945393
Validation roc_auc: None
Validation avg_accuracy: 0.3465684635578153
Validation one_indexed_epoch: 20
The validation tracker metric at 0.5043609788979588 hasn't increased by 0 in 6 epochs
There is no such attribute
249/249 - 162s - loss: 0.0307 - accuracy: 0.7531 - 162s/epoch - 649ms/step
Epoch 21/80
Validation cm: [[425 413  24 127]
 [265 508  11  59]
 [ 31  31  20  38]
 [ 35  68   9  32]]
Validation val_loss: 1.4747316501142054
Validation normalized_cm: [[0.43  0.418 0.024 0.128]
 [0.314 0.603 0.013 0.07 ]
 [0.258 0.258 0.167 0.317]
 [0.243 0.472 0.062 0.222]]
Validation acc: 0.4699427480916031
Validation class_accuracies: [0.42972699696663297, 0.6026097271648873, 0.16666666666666666, 0.2222222222222222]
Validation sensitivity: 0.5058717253839206
Validation specificity: 0.42972699696663297
Validation icbhi_score: 0.46779936117527676
Validation roc_auc: None
Validation avg_accuracy: 0.3553064032551023
Validation one_indexed_epoch: 21
The validation tracker metric at 0.5043609788979588 hasn't increased by 0 in 7 epochs
Mel loss: <tf.Variable 'Variable:0' shape=() dtype=float32, numpy=0.5>
sinc loss: <tf.Variable 'Variable:0' shape=() dtype=float32, numpy=0.5>
There is no such attribute
249/249 - 162s - loss: 0.0217 - accuracy: 0.7155 - 162s/epoch - 650ms/step
Epoch 22/80
Validation cm: [[383 525  20  61]
 [518 289  11  25]
 [ 30  27  25  38]
 [ 44  55   9  36]]
Validation val_loss: 0.8994299042002974
Validation normalized_cm: [[0.387 0.531 0.02  0.062]
 [0.614 0.343 0.013 0.03 ]
 [0.25  0.225 0.208 0.317]
 [0.306 0.382 0.062 0.25 ]]
Validation acc: 0.3497137404580153
Validation class_accuracies: [0.3872598584428716, 0.3428232502965599, 0.20833333333333334, 0.25]
Validation sensitivity: 0.31616982836495033
Validation specificity: 0.3872598584428716
Validation icbhi_score: 0.35171484340391096
Validation roc_auc: None
Validation avg_accuracy: 0.2971041105181912
Validation one_indexed_epoch: 22
The validation tracker metric at 0.5043609788979588 hasn't increased by 0 in 8 epochs
There is no such attribute
249/249 - 158s - loss: 0.0914 - accuracy: 0.7072 - 158s/epoch - 634ms/step
Epoch 23/80
Validation cm: [[586 256  90  57]
 [469 311  39  24]
 [ 35   6  68  11]
 [ 59  24  54   7]]
Validation val_loss: 1.0887788854131881
Validation normalized_cm: [[0.593 0.259 0.091 0.058]
 [0.556 0.369 0.046 0.028]
 [0.292 0.05  0.567 0.092]
 [0.41  0.167 0.375 0.049]]
Validation acc: 0.4637404580152672
Validation class_accuracies: [0.5925176946410515, 0.36892052194543296, 0.5666666666666667, 0.04861111111111111]
Validation sensitivity: 0.3486901535682023
Validation specificity: 0.5925176946410515
Validation icbhi_score: 0.4706039241046269
Validation roc_auc: None
Validation avg_accuracy: 0.3941789985910656
Validation one_indexed_epoch: 23
The validation tracker metric at 0.5043609788979588 hasn't increased by 0 in 9 epochs
There is no such attribute
249/249 - 163s - loss: 0.0335 - accuracy: 0.7382 - 163s/epoch - 654ms/step
Epoch 24/80
Validation cm: [[878  22  64  25]
 [777  22  21  23]
 [ 58   2  53   7]
 [104   1  27  12]]
Validation val_loss: 1.7759937288565293
Validation normalized_cm: [[0.888 0.022 0.065 0.025]
 [0.922 0.026 0.025 0.027]
 [0.483 0.017 0.442 0.058]
 [0.722 0.007 0.188 0.083]]
Validation acc: 0.4604007633587786
Validation class_accuracies: [0.8877654196157735, 0.02609727164887307, 0.44166666666666665, 0.08333333333333333]
Validation sensitivity: 0.07859078590785908
Validation specificity: 0.8877654196157735
Validation icbhi_score: 0.4831781027618163
Validation roc_auc: None
Validation avg_accuracy: 0.3597156728161616
Validation one_indexed_epoch: 24
The validation tracker metric at 0.5043609788979588 hasn't increased by 0 in 10 epochs
There is no such attribute
249/249 - 164s - loss: 0.0320 - accuracy: 0.6989 - 164s/epoch - 657ms/step
Epoch 25/80
Validation cm: [[138 743  13  95]
 [ 53 743   9  38]
 [  6  51  18  45]
 [  3 100   8  33]]
Validation val_loss: 1.712007981535404
Validation normalized_cm: [[0.14  0.751 0.013 0.096]
 [0.063 0.881 0.011 0.045]
 [0.05  0.425 0.15  0.375]
 [0.021 0.694 0.056 0.229]]
Validation acc: 0.4446564885496183
Validation class_accuracies: [0.13953488372093023, 0.8813760379596679, 0.15, 0.22916666666666666]
Validation sensitivity: 0.7172538392050587
Validation specificity: 0.13953488372093023
Validation icbhi_score: 0.4283943614629945
Validation roc_auc: None
Validation avg_accuracy: 0.3500193970868162
Validation one_indexed_epoch: 25
The validation tracker metric at 0.5043609788979588 hasn't increased by 0 in 11 epochs
There is no such attribute
249/249 - 164s - loss: 0.0359 - accuracy: 0.7098 - 164s/epoch - 657ms/step
Epoch 26/80
Validation cm: [[689 194  58  48]
 [630 156  40  17]
 [ 48   5  53  14]
 [ 58  27  42  17]]
Validation val_loss: 1.450218643704987
Validation normalized_cm: [[0.697 0.196 0.059 0.049]
 [0.747 0.185 0.047 0.02 ]
 [0.4   0.042 0.442 0.117]
 [0.403 0.188 0.292 0.118]]
Validation acc: 0.43654580152671757
Validation class_accuracies: [0.6966632962588474, 0.18505338078291814, 0.44166666666666665, 0.11805555555555555]
Validation sensitivity: 0.2041553748870822
Validation specificity: 0.6966632962588474
Validation icbhi_score: 0.4504093355729648
Validation roc_auc: None
Validation avg_accuracy: 0.36035972481599693
Validation one_indexed_epoch: 26
The validation tracker metric at 0.5043609788979588 hasn't increased by 0 in 12 epochs
There is no such attribute
249/249 - 164s - loss: 0.0304 - accuracy: 0.6951 - 164s/epoch - 659ms/step
Epoch 27/80
Validation cm: [[420 483  45  41]
 [187 611  12  33]
 [ 32  26  45  17]
 [ 31  67  13  33]]
Validation val_loss: 1.179609826729478
Validation normalized_cm: [[0.425 0.488 0.046 0.041]
 [0.222 0.725 0.014 0.039]
 [0.267 0.217 0.375 0.142]
 [0.215 0.465 0.09  0.229]]
Validation acc: 0.5291030534351145
Validation class_accuracies: [0.4246713852376138, 0.7247924080664294, 0.375, 0.22916666666666666]
Validation sensitivity: 0.6224028906955736
Validation specificity: 0.4246713852376138
Validation icbhi_score: 0.5235371379665937
Validation roc_auc: None
Validation avg_accuracy: 0.4384076149926775
Validation one_indexed_epoch: 27
-- New best results were achieved. --
There is no such attribute
249/249 - 156s - loss: 0.0215 - accuracy: 0.7327 - 156s/epoch - 625ms/step
Epoch 28/80
Validation cm: [[544 240  72 133]
 [466 197  58 122]
 [ 18  13  49  40]
 [ 37  19  34  54]]
Validation val_loss: 1.5822950824565922
Validation normalized_cm: [[0.55  0.243 0.073 0.134]
 [0.553 0.234 0.069 0.145]
 [0.15  0.108 0.408 0.333]
 [0.257 0.132 0.236 0.375]]
Validation acc: 0.4026717557251908
Validation class_accuracies: [0.5500505561172901, 0.23368920521945433, 0.4083333333333333, 0.375]
Validation sensitivity: 0.27100271002710025
Validation specificity: 0.5500505561172901
Validation icbhi_score: 0.41052663307219517
Validation roc_auc: None
Validation avg_accuracy: 0.39176827366751943
Validation one_indexed_epoch: 28
The validation tracker metric at 0.5235371379665937 hasn't increased by 0 in 1 epochs
There is no such attribute
249/249 - 160s - loss: 0.0244 - accuracy: 0.7430 - 160s/epoch - 644ms/step
Epoch 29/80
Validation cm: [[779  64  99  47]
 [722  38  60  23]
 [ 40   1  70   9]
 [ 70   2  63   9]]
Validation val_loss: 2.1314380228112535
Validation normalized_cm: [[0.788 0.065 0.1   0.048]
 [0.856 0.045 0.071 0.027]
 [0.333 0.008 0.583 0.075]
 [0.486 0.014 0.438 0.062]]
Validation acc: 0.42748091603053434
Validation class_accuracies: [0.7876643073811931, 0.045077105575326216, 0.5833333333333334, 0.0625]
Validation sensitivity: 0.10569105691056911
Validation specificity: 0.7876643073811931
Validation icbhi_score: 0.4466776821458811
Validation roc_auc: None
Validation avg_accuracy: 0.36964368657246316
Validation one_indexed_epoch: 29
The validation tracker metric at 0.5235371379665937 hasn't increased by 0 in 2 epochs
There is no such attribute
249/249 - 165s - loss: 0.0228 - accuracy: 0.7347 - 165s/epoch - 663ms/step
Epoch 30/80
Validation cm: [[713  78 163  35]
 [584 133 103  23]
 [ 27   4  80   9]
 [ 72   5  49  18]]
Validation val_loss: 1.3608587578094207
Validation normalized_cm: [[0.721 0.079 0.165 0.035]
 [0.693 0.158 0.122 0.027]
 [0.225 0.033 0.667 0.075]
 [0.5   0.035 0.34  0.125]]
Validation acc: 0.45038167938931295
Validation class_accuracies: [0.7209302325581395, 0.15776986951364175, 0.6666666666666666, 0.125]
Validation sensitivity: 0.2086720867208672
Validation specificity: 0.7209302325581395
Validation icbhi_score: 0.46480115963950336
Validation roc_auc: None
Validation avg_accuracy: 0.417591692184612
Validation one_indexed_epoch: 30
The validation tracker metric at 0.5235371379665937 hasn't increased by 0 in 3 epochs
There is no such attribute
249/249 - 164s - loss: 0.0181 - accuracy: 0.7397 - 164s/epoch - 657ms/step
Epoch 31/80
Validation cm: [[397 486  45  61]
 [292 514  13  24]
 [ 29  36  34  21]
 [ 31  70  15  28]]
Validation val_loss: 1.5893615386795574
Validation normalized_cm: [[0.401 0.491 0.046 0.062]
 [0.346 0.61  0.015 0.028]
 [0.242 0.3   0.283 0.175]
 [0.215 0.486 0.104 0.194]]
Validation acc: 0.4642175572519084
Validation class_accuracies: [0.40141557128412536, 0.6097271648873073, 0.2833333333333333, 0.19444444444444445]
Validation sensitivity: 0.5203252032520326
Validation specificity: 0.40141557128412536
Validation icbhi_score: 0.46087038726807894
Validation roc_auc: None
Validation avg_accuracy: 0.3722301284873026
Validation one_indexed_epoch: 31
The validation tracker metric at 0.5235371379665937 hasn't increased by 0 in 4 epochs
Mel loss: <tf.Variable 'Variable:0' shape=() dtype=float32, numpy=0.5>
sinc loss: <tf.Variable 'Variable:0' shape=() dtype=float32, numpy=0.5>
There is no such attribute
249/249 - 162s - loss: 0.0152 - accuracy: 0.6926 - 162s/epoch - 652ms/step
Epoch 32/80
Validation cm: [[610 241  64  74]
 [485 299  24  35]
 [ 37  27  15  41]
 [ 43  51  24  26]]
Validation val_loss: 1.05813187848087
Validation normalized_cm: [[0.617 0.244 0.065 0.075]
 [0.575 0.355 0.028 0.042]
 [0.308 0.225 0.125 0.342]
 [0.299 0.354 0.167 0.181]]
Validation acc: 0.4532442748091603
Validation class_accuracies: [0.6167846309403437, 0.35468564650059314, 0.125, 0.18055555555555555]
Validation sensitivity: 0.3071364046973803
Validation specificity: 0.6167846309403437
Validation icbhi_score: 0.46196051781886205
Validation roc_auc: None
Validation avg_accuracy: 0.31925645824912313
Validation one_indexed_epoch: 32
The validation tracker metric at 0.5235371379665937 hasn't increased by 0 in 5 epochs
There is no such attribute
249/249 - 164s - loss: 0.0205 - accuracy: 0.7304 - 164s/epoch - 659ms/step
Epoch 33/80
Validation cm: [[620 298  41  30]
 [479 328  14  22]
 [ 43  26  32  19]
 [ 72  39  14  19]]
Validation val_loss: 1.3560490107128749
Validation normalized_cm: [[0.627 0.301 0.041 0.03 ]
 [0.568 0.389 0.017 0.026]
 [0.358 0.217 0.267 0.158]
 [0.5   0.271 0.097 0.132]]
Validation acc: 0.47662213740458015
Validation class_accuracies: [0.6268958543983822, 0.38908659549228947, 0.26666666666666666, 0.13194444444444445]
Validation sensitivity: 0.34236675700090335
Validation specificity: 0.6268958543983822
Validation icbhi_score: 0.4846313056996428
Validation roc_auc: None
Validation avg_accuracy: 0.3536483902504457
Validation one_indexed_epoch: 33
The validation tracker metric at 0.5235371379665937 hasn't increased by 0 in 6 epochs
There is no such attribute
249/249 - 163s - loss: 0.0177 - accuracy: 0.7375 - 163s/epoch - 657ms/step
Epoch 34/80
Validation cm: [[202 680  13  94]
 [ 96 705  13  29]
 [  8  43  19  50]
 [  6  93   4  41]]
Validation val_loss: 1.7066708972977553
Validation normalized_cm: [[0.204 0.688 0.013 0.095]
 [0.114 0.836 0.015 0.034]
 [0.067 0.358 0.158 0.417]
 [0.042 0.646 0.028 0.285]]
Validation acc: 0.4613549618320611
Validation class_accuracies: [0.20424671385237614, 0.8362989323843416, 0.15833333333333333, 0.2847222222222222]
Validation sensitivity: 0.6910569105691057
Validation specificity: 0.20424671385237614
Validation icbhi_score: 0.4476518122107409
Validation roc_auc: None
Validation avg_accuracy: 0.3709003004480683
Validation one_indexed_epoch: 34
The validation tracker metric at 0.5235371379665937 hasn't increased by 0 in 7 epochs
There is no such attribute
249/249 - 164s - loss: 0.0123 - accuracy: 0.7163 - 164s/epoch - 660ms/step
Epoch 35/80
Validation cm: [[273 619  10  87]
 [118 677   7  41]
 [ 20  49  16  35]
 [ 19  92   8  25]]
Validation val_loss: 1.6340550302994732
Validation normalized_cm: [[0.276 0.626 0.01  0.088]
 [0.14  0.803 0.008 0.049]
 [0.167 0.408 0.133 0.292]
 [0.132 0.639 0.056 0.174]]
Validation acc: 0.47280534351145037
Validation class_accuracies: [0.27603640040444893, 0.8030842230130486, 0.13333333333333333, 0.1736111111111111]
Validation sensitivity: 0.6485998193315267
Validation specificity: 0.27603640040444893
Validation icbhi_score: 0.4623181098679878
Validation roc_auc: None
Validation avg_accuracy: 0.3465162669654855
Validation one_indexed_epoch: 35
The validation tracker metric at 0.5235371379665937 hasn't increased by 0 in 8 epochs
There is no such attribute
249/249 - 162s - loss: 0.0270 - accuracy: 0.7211 - 162s/epoch - 651ms/step
Epoch 36/80
Validation cm: [[333 518  15 123]
 [261 527  14  41]
 [ 18  27  28  47]
 [ 25  63  11  45]]
Validation val_loss: 1.4620290107833467
Validation normalized_cm: [[0.337 0.524 0.015 0.124]
 [0.31  0.625 0.017 0.049]
 [0.15  0.225 0.233 0.392]
 [0.174 0.438 0.076 0.312]]
Validation acc: 0.44513358778625955
Validation class_accuracies: [0.3367037411526795, 0.6251482799525504, 0.23333333333333334, 0.3125]
Validation sensitivity: 0.5420054200542005
Validation specificity: 0.3367037411526795
Validation icbhi_score: 0.43935458060344
Validation roc_auc: None
Validation avg_accuracy: 0.37692133860964083
Validation one_indexed_epoch: 36
The validation tracker metric at 0.5235371379665937 hasn't increased by 0 in 9 epochs
There is no such attribute
249/249 - 163s - loss: 0.0167 - accuracy: 0.7216 - 163s/epoch - 653ms/step
Epoch 37/80
Validation cm: [[655 232  57  45]
 [509 295  23  16]
 [ 45  13  45  17]
 [ 58  38  38  10]]
Validation val_loss: 1.2560896168496387
Validation normalized_cm: [[0.662 0.235 0.058 0.046]
 [0.604 0.35  0.027 0.019]
 [0.375 0.108 0.375 0.142]
 [0.403 0.264 0.264 0.069]]
Validation acc: 0.4794847328244275
Validation class_accuracies: [0.6622851365015167, 0.3499406880189798, 0.375, 0.06944444444444445]
Validation sensitivity: 0.31616982836495033
Validation specificity: 0.6622851365015167
Validation icbhi_score: 0.4892274824332335
Validation roc_auc: None
Validation avg_accuracy: 0.3641675672412352
Validation one_indexed_epoch: 37
The validation tracker metric at 0.5235371379665937 hasn't increased by 0 in 10 epochs
There is no such attribute
249/249 - 163s - loss: 0.0109 - accuracy: 0.6838 - 163s/epoch - 653ms/step
Epoch 38/80
Validation cm: [[746 116  46  81]
 [668 114  27  34]
 [ 49   9  43  19]
 [ 73  22  30  19]]
Validation val_loss: 1.6694656255870846
Validation normalized_cm: [[0.754 0.117 0.047 0.082]
 [0.792 0.135 0.032 0.04 ]
 [0.408 0.075 0.358 0.158]
 [0.507 0.153 0.208 0.132]]
Validation acc: 0.4398854961832061
Validation class_accuracies: [0.7542972699696663, 0.13523131672597866, 0.35833333333333334, 0.13194444444444445]
Validation sensitivity: 0.15898825654923215
Validation specificity: 0.7542972699696663
Validation icbhi_score: 0.4566427632594492
Validation roc_auc: None
Validation avg_accuracy: 0.34495159111835566
Validation one_indexed_epoch: 38
The validation tracker metric at 0.5235371379665937 hasn't increased by 0 in 11 epochs
There is no such attribute
249/249 - 164s - loss: 0.0137 - accuracy: 0.6805 - 164s/epoch - 657ms/step
Epoch 39/80
Validation cm: [[713 155  70  51]
 [622 171  34  16]
 [ 50   7  50  13]
 [ 70  24  32  18]]
Validation val_loss: 1.743347939652162
Validation normalized_cm: [[0.721 0.157 0.071 0.052]
 [0.738 0.203 0.04  0.019]
 [0.417 0.058 0.417 0.108]
 [0.486 0.167 0.222 0.125]]
Validation acc: 0.4541984732824427
Validation class_accuracies: [0.7209302325581395, 0.20284697508896798, 0.4166666666666667, 0.125]
Validation sensitivity: 0.21589882565492322
Validation specificity: 0.7209302325581395
Validation icbhi_score: 0.46841452910653136
Validation roc_auc: None
Validation avg_accuracy: 0.3663609685784435
Validation one_indexed_epoch: 39
The validation tracker metric at 0.5235371379665937 hasn't increased by 0 in 12 epochs
There is no such attribute
249/249 - 164s - loss: 0.0060 - accuracy: 0.6835 - 164s/epoch - 658ms/step
Epoch 40/80
Validation cm: [[761 104  72  52]
 [689 102  37  15]
 [ 53   5  49  13]
 [ 87  10  28  19]]
Validation val_loss: 1.9196224198622354
Validation normalized_cm: [[0.769 0.105 0.073 0.053]
 [0.817 0.121 0.044 0.018]
 [0.442 0.042 0.408 0.108]
 [0.604 0.069 0.194 0.132]]
Validation acc: 0.4441793893129771
Validation class_accuracies: [0.7694641051567239, 0.12099644128113879, 0.4083333333333333, 0.13194444444444445]
Validation sensitivity: 0.15356820234869015
Validation specificity: 0.7694641051567239
Validation icbhi_score: 0.46151615375270705
Validation roc_auc: None
Validation avg_accuracy: 0.35768458105391016
Validation one_indexed_epoch: 40
The validation tracker metric at 0.5235371379665937 hasn't increased by 0 in 13 epochs
There is no such attribute
249/249 - 163s - loss: 0.0069 - accuracy: 0.6931 - 163s/epoch - 657ms/step
Epoch 41/80
