Tensorflow Version: 2.8.0
Num GPUs Available:  1
Collecting Variables...
All variables have been collected.
../cache/
cw
train176
Description:  effnet: kfold, mel, no normalizing, 1 optimizer w adaptive lr, overlap threshold = 0.3,
-----------------------
training parameters
[('cache_root', '../cache/'), ('data_root', '../data/'), ('jordan_root', '../data/jwyy9np4gv-3/'), ('icbhi_root', '../data/raw_audios/icbhi_preprocessed_v2_cleaned_8000/'), ('bd_root', '../data/PCV_SEGMENTED_Processed_Files/'), ('excel_path', '../data/Bangladesh_PCV_onlyStudyPatients.xlsx'), ('perch_root', '../data/raw_audios/perch_8000_10seconds'), ('ant_root', '../data/raw_audios/Antwerp_Clinical_Complete'), ('description', ' effnet: kfold, mel, no normalizing, 1 optimizer w adaptive lr, overlap threshold = 0.3,'), ('job_id', 0), ('mode', 'cw'), ('n_classes', 2), ('shape', (80, 500, 3)), ('n_epochs', 110), ('lr', 0.001), ('batch_size', 16), ('ll2_reg', 0), ('weight_decay', 0.01), ('label_smoothing', 0), ('epsilon', 1e-07), ('es_patience', 25), ('min_delta', 0), ('train_test_ratio', 0.8), ('kfold', False), ('clause', 0), ('epoch_start', 0), ('testing', 0), ('adaptive_lr', False), ('cuberooting', 1), ('normalizing', 1), ('class_weights', True), ('early_stopping', False), ('initial_channels', 1), ('factor', 0.5), ('lr_patience', 5), ('min_lr', 1e-05), ('sr', 4000), ('audio_length', 5), ('step_size', 2.5), ('n_fft', 1024), ('hop_length', 254), ('n_mels', 128), ('overlap_threshold', 0.3), ('trainable_fb', False), ('to_decibel', True), ('train_nn', False), ('train_mel', False), ('file_dir', '../cache/cw/train176'), ('n_sequences', 9), ('activate_spectral_loss', False), ('normalize', False), ('stacking', False), ('oversample', False), ('one_hot_encoding', False), ('activation', 'sigmoid'), ('n_filters', 80)]
Job id is 1.
Job dir: ../cache/cw/train176/1
- Loading Icbhi.
725 Icbhi audios have been loaded.
- Preparing Icbhi.
112 Icbhi groups of audio chunks (by filename or patients) have been prepared.
--- Samples are being split into training/val groups and de-grouped by patient ---
Job id is 2.
turning the kfold from 90/10 to 80/20
100
12
to
90
22
-----------------------
--- Final training dataset went from 0 to 3969 elements, with 1889 none's, 991 crakles, 597 wheezes and 492 both ---
--- Final Validation dataset contains 2096 elements, with 989 none, 843 crackles, 120 wheezes and 144 both ---
GPUs
['/device:GPU:0']
Initializing weights...
weights = {0: 0.5252779248279513, 1: 1.0012613521695257, 2: 1.6620603015075377, 3: 2.0167682926829267}
Model: "sequential"
_________________________________________________________________
 Layer (type)                Output Shape              Param #   
=================================================================
 resnet50 (Functional)       (None, 3, 16, 2048)       23587712  
                                                                 
 global_average_pooling2d (G  (None, 2048)             0         
 lobalAveragePooling2D)                                          
                                                                 
 dense (Dense)               (None, 100)               204900    
                                                                 
 dropout (Dropout)           (None, 100)               0         
                                                                 
 dense_1 (Dense)             (None, 50)                5050      
                                                                 
 dropout_1 (Dropout)         (None, 50)                0         
                                                                 
 dense_2 (Dense)             (None, 2)                 102       
                                                                 
=================================================================
Total params: 23,797,764
Trainable params: 23,744,644
Non-trainable params: 53,120
_________________________________________________________________
Model: "leaf_model9_model_efnet1"
______________________________________________________________________________________________________________
 Layer (type)                                    Output Shape                                Param #          
==============================================================================================================
 mel_filterbanks (MelFilterbanks)                multiple                                    0                
                                                                                                              
 mel_filterbanks_1 (MelFilterbanks)              multiple                                    0 (unused)       
                                                                                                              
 sincnet (SincNet)                               multiple                                    0 (unused)       
                                                                                                              
 sequential (Sequential)                         (None, 2)                                   23797764         
                                                                                                              
==============================================================================================================
Total params: 23,797,926
Trainable params: 210,214
Non-trainable params: 23,587,712
______________________________________________________________________________________________________________
Target metric is icbhi_score
Epoch 1/110
WARNING:tensorflow:Gradients do not exist for variables ['kernel:0', 'Variable:0', 'Variable:0'] when minimizing the loss. If you're using `model.compile()`, did you forget to provide a `loss`argument?
WARNING:tensorflow:Gradients do not exist for variables ['kernel:0', 'Variable:0', 'Variable:0'] when minimizing the loss. If you're using `model.compile()`, did you forget to provide a `loss`argument?
WARNING:tensorflow:Gradients do not exist for variables ['kernel:0', 'Variable:0', 'Variable:0'] when minimizing the loss. If you're using `model.compile()`, did you forget to provide a `loss`argument?
WARNING:tensorflow:Gradients do not exist for variables ['kernel:0', 'Variable:0', 'Variable:0'] when minimizing the loss. If you're using `model.compile()`, did you forget to provide a `loss`argument?
Validation cm: [[544 236 132  77]
 [384 343  89  27]
 [ 53  25  28  14]
 [ 82  57   5   0]]
Validation val_loss: 0.6649823141433583
Validation normalized_cm: [[0.55  0.239 0.133 0.078]
 [0.456 0.407 0.106 0.032]
 [0.442 0.208 0.233 0.117]
 [0.569 0.396 0.035 0.   ]]
Validation acc: 0.43654580152671757
Validation class_accuracies: [0.5500505561172901, 0.4068801897983393, 0.23333333333333334, 0.0]
Validation sensitivity: 0.33514001806684734
Validation specificity: 0.5500505561172901
Validation icbhi_score: 0.44259528709206875
Validation roc_auc: None
Validation avg_accuracy: 0.2975660198122407
Validation one_indexed_epoch: 1
-- New best results were achieved. --
There is no such attribute
249/249 - 144s - loss: 0.7023 - accuracy: 0.5903 - 144s/epoch - 580ms/step
Epoch 2/110
Validation cm: [[207 205 213 364]
 [ 92 361 126 264]
 [ 10  24  21  65]
 [ 12  49  24  59]]
Validation val_loss: 0.7092157226084298
Validation normalized_cm: [[0.209 0.207 0.215 0.368]
 [0.109 0.428 0.149 0.313]
 [0.083 0.2   0.175 0.542]
 [0.083 0.34  0.167 0.41 ]]
Validation acc: 0.30916030534351147
Validation class_accuracies: [0.20930232558139536, 0.42823250296559906, 0.175, 0.4097222222222222]
Validation sensitivity: 0.3983739837398374
Validation specificity: 0.20930232558139536
Validation icbhi_score: 0.30383815466061637
Validation roc_auc: None
Validation avg_accuracy: 0.3055642626923042
Validation one_indexed_epoch: 2
There is no such attribute
249/249 - 144s - loss: 0.6813 - accuracy: 0.5488 - 144s/epoch - 580ms/step
Epoch 3/110
Validation cm: [[309 287 153 240]
 [161 447  72 163]
 [ 12  39  18  51]
 [ 32  65  19  28]]
Validation val_loss: 0.6792507118026492
Validation normalized_cm: [[0.312 0.29  0.155 0.243]
 [0.191 0.53  0.085 0.193]
 [0.1   0.325 0.15  0.425]
 [0.222 0.451 0.132 0.194]]
Validation acc: 0.38263358778625955
Validation class_accuracies: [0.31243680485338726, 0.5302491103202847, 0.15, 0.19444444444444445]
Validation sensitivity: 0.44534778681120146
Validation specificity: 0.31243680485338726
Validation icbhi_score: 0.37889229583229433
Validation roc_auc: None
Validation avg_accuracy: 0.2967825899045291
Validation one_indexed_epoch: 3
There is no such attribute
249/249 - 148s - loss: 0.6709 - accuracy: 0.5800 - 148s/epoch - 596ms/step
Epoch 4/110
Validation cm: [[334 241 215 199]
 [169 399 115 160]
 [ 13  33  37  37]
 [ 26  59  26  33]]
Validation val_loss: 0.6845075225329581
Validation normalized_cm: [[0.338 0.244 0.217 0.201]
 [0.2   0.473 0.136 0.19 ]
 [0.108 0.275 0.308 0.308]
 [0.181 0.41  0.181 0.229]]
Validation acc: 0.38311068702290074
Validation class_accuracies: [0.33771486349848334, 0.47330960854092524, 0.30833333333333335, 0.22916666666666666]
Validation sensitivity: 0.42366757000903343
Validation specificity: 0.33771486349848334
Validation icbhi_score: 0.3806912167537584
Validation roc_auc: None
Validation avg_accuracy: 0.3371311180098522
Validation one_indexed_epoch: 4
There is no such attribute
249/249 - 139s - loss: 0.6672 - accuracy: 0.5815 - 139s/epoch - 560ms/step
Epoch 5/110
Validation cm: [[311 161 296 221]
 [165 339 139 200]
 [ 16  21  35  48]
 [ 31  42  36  35]]
Validation val_loss: 0.6948311899198603
Validation normalized_cm: [[0.314 0.163 0.299 0.223]
 [0.196 0.402 0.165 0.237]
 [0.133 0.175 0.292 0.4  ]
 [0.215 0.292 0.25  0.243]]
Validation acc: 0.3435114503816794
Validation class_accuracies: [0.31445904954499493, 0.40213523131672596, 0.2916666666666667, 0.24305555555555555]
Validation sensitivity: 0.36946702800361336
Validation specificity: 0.31445904954499493
Validation icbhi_score: 0.3419630387743041
Validation roc_auc: None
Validation avg_accuracy: 0.3128291257709858
Validation one_indexed_epoch: 5
There is no such attribute
249/249 - 147s - loss: 0.6596 - accuracy: 0.5634 - 147s/epoch - 589ms/step
Epoch 6/110
Validation cm: [[450 107 280 152]
 [310 196 186 151]
 [ 31   7  51  31]
 [ 48  26  45  25]]
Validation val_loss: 0.6919105079252529
Validation normalized_cm: [[0.455 0.108 0.283 0.154]
 [0.368 0.233 0.221 0.179]
 [0.258 0.058 0.425 0.258]
 [0.333 0.181 0.312 0.174]]
Validation acc: 0.34446564885496184
Validation class_accuracies: [0.455005055611729, 0.232502965599051, 0.425, 0.1736111111111111]
Validation sensitivity: 0.24570912375790424
Validation specificity: 0.455005055611729
Validation icbhi_score: 0.3503570896848166
Validation roc_auc: None
Validation avg_accuracy: 0.3215297830804728
Validation one_indexed_epoch: 6
There is no such attribute
249/249 - 146s - loss: 0.6540 - accuracy: 0.5712 - 146s/epoch - 588ms/step
Epoch 7/110
Validation cm: [[562 146 161 120]
 [382 281 108  72]
 [ 46  14  33  27]
 [ 66  36  29  13]]
Validation val_loss: 0.6471978400101643
Validation normalized_cm: [[0.568 0.148 0.163 0.121]
 [0.453 0.333 0.128 0.085]
 [0.383 0.117 0.275 0.225]
 [0.458 0.25  0.201 0.09 ]]
Validation acc: 0.4241412213740458
Validation class_accuracies: [0.5682507583417593, 0.3333333333333333, 0.275, 0.09027777777777778]
Validation sensitivity: 0.2953929539295393
Validation specificity: 0.5682507583417593
Validation icbhi_score: 0.4318218561356493
Validation roc_auc: None
Validation avg_accuracy: 0.31671546736321754
Validation one_indexed_epoch: 7
There is no such attribute
249/249 - 134s - loss: 0.6433 - accuracy: 0.5510 - 134s/epoch - 540ms/step
Epoch 8/110
Validation cm: [[245 291 151 302]
 [ 82 441  59 261]
 [  8  24  13  75]
 [ 12  59  16  57]]
Validation val_loss: 0.6863709600812947
Validation normalized_cm: [[0.248 0.294 0.153 0.305]
 [0.097 0.523 0.07  0.31 ]
 [0.067 0.2   0.108 0.625]
 [0.083 0.41  0.111 0.396]]
Validation acc: 0.3606870229007634
Validation class_accuracies: [0.24772497472194135, 0.5231316725978647, 0.10833333333333334, 0.3958333333333333]
Validation sensitivity: 0.46160794941282746
Validation specificity: 0.24772497472194135
Validation icbhi_score: 0.3546664620673844
Validation roc_auc: None
Validation avg_accuracy: 0.31875582849661815
Validation one_indexed_epoch: 8
There is no such attribute
249/249 - 139s - loss: 0.6389 - accuracy: 0.5654 - 139s/epoch - 558ms/step
Epoch 9/110
Validation cm: [[265 183 236 305]
 [ 91 348  84 320]
 [ 10  17  35  58]
 [ 10  41  28  65]]
Validation val_loss: 0.7116090621628607
Validation normalized_cm: [[0.268 0.185 0.239 0.308]
 [0.108 0.413 0.1   0.38 ]
 [0.083 0.142 0.292 0.483]
 [0.069 0.285 0.194 0.451]]
Validation acc: 0.3401717557251908
Validation class_accuracies: [0.2679474216380182, 0.4128113879003559, 0.2916666666666667, 0.4513888888888889]
Validation sensitivity: 0.4046973803071364
Validation specificity: 0.2679474216380182
Validation icbhi_score: 0.3363224009725773
Validation roc_auc: None
Validation avg_accuracy: 0.3559535912734824
Validation one_indexed_epoch: 9
There is no such attribute
249/249 - 146s - loss: 0.6327 - accuracy: 0.5709 - 146s/epoch - 584ms/step
Epoch 10/110
Validation cm: [[505 264  88 132]
 [194 502  45 102]
 [ 40  32  19  29]
 [ 44  70  11  19]]
Validation val_loss: 0.6031338319623174
Validation normalized_cm: [[0.511 0.267 0.089 0.133]
 [0.23  0.595 0.053 0.121]
 [0.333 0.267 0.158 0.242]
 [0.306 0.486 0.076 0.132]]
Validation acc: 0.4985687022900763
Validation class_accuracies: [0.5106167846309403, 0.5954922894424673, 0.15833333333333333, 0.13194444444444445]
Validation sensitivity: 0.4878048780487805
Validation specificity: 0.5106167846309403
Validation icbhi_score: 0.4992108313398604
Validation roc_auc: None
Validation avg_accuracy: 0.3490967129627964
Validation one_indexed_epoch: 10
-- New best results were achieved. --
There is no such attribute
249/249 - 147s - loss: 0.6229 - accuracy: 0.5742 - 147s/epoch - 592ms/step
Epoch 11/110
Validation cm: [[358 268 240 123]
 [131 468 116 128]
 [ 18  27  49  26]
 [ 20  67  36  21]]
Validation val_loss: 0.6467899799858796
Validation normalized_cm: [[0.362 0.271 0.243 0.124]
 [0.155 0.555 0.138 0.152]
 [0.15  0.225 0.408 0.217]
 [0.139 0.465 0.25  0.146]]
Validation acc: 0.42748091603053434
Validation class_accuracies: [0.3619817997977755, 0.5551601423487544, 0.4083333333333333, 0.14583333333333334]
Validation sensitivity: 0.4859981933152665
Validation specificity: 0.3619817997977755
Validation icbhi_score: 0.42398999655652103
Validation roc_auc: None
Validation avg_accuracy: 0.36782715220329915
Validation one_indexed_epoch: 11
Mel loss: <tf.Variable 'Variable:0' shape=() dtype=float32, numpy=0.5>
sinc loss: <tf.Variable 'Variable:0' shape=() dtype=float32, numpy=0.5>
There is no such attribute
249/249 - 151s - loss: 0.6231 - accuracy: 0.5908 - 151s/epoch - 608ms/step
Epoch 12/110
Validation cm: [[481 285 110 113]
 [184 519  44  96]
 [ 31  38  25  26]
 [ 42  72  18  12]]
Validation val_loss: 0.6143786693916066
Validation normalized_cm: [[0.486 0.288 0.111 0.114]
 [0.218 0.616 0.052 0.114]
 [0.258 0.317 0.208 0.217]
 [0.292 0.5   0.125 0.083]]
Validation acc: 0.49475190839694655
Validation class_accuracies: [0.4863498483316481, 0.6156583629893239, 0.20833333333333334, 0.08333333333333333]
Validation sensitivity: 0.5022583559168925
Validation specificity: 0.4863498483316481
Validation icbhi_score: 0.49430410212427034
Validation roc_auc: None
Validation avg_accuracy: 0.3484187194969096
Validation one_indexed_epoch: 12
There is no such attribute
249/249 - 154s - loss: 0.6198 - accuracy: 0.5787 - 154s/epoch - 617ms/step
Epoch 13/110
Validation cm: [[242 396 110 241]
 [ 78 557  35 173]
 [  7  40  12  61]
 [  9  84  10  41]]
Validation val_loss: 0.6481442556695174
Validation normalized_cm: [[0.245 0.4   0.111 0.244]
 [0.093 0.661 0.042 0.205]
 [0.058 0.333 0.1   0.508]
 [0.062 0.583 0.069 0.285]]
Validation acc: 0.4064885496183206
Validation class_accuracies: [0.24469160768452983, 0.66073546856465, 0.1, 0.2847222222222222]
Validation sensitivity: 0.5510388437217706
Validation specificity: 0.24469160768452983
Validation icbhi_score: 0.3978652257031502
Validation roc_auc: None
Validation avg_accuracy: 0.32253732461785056
Validation one_indexed_epoch: 13
There is no such attribute
249/249 - 153s - loss: 0.6200 - accuracy: 0.5964 - 153s/epoch - 614ms/step
Epoch 14/110
Validation cm: [[395 297 146 151]
 [150 501  55 137]
 [ 18  37  28  37]
 [ 27  70  24  23]]
Validation val_loss: 0.6361366147459805
Validation normalized_cm: [[0.399 0.3   0.148 0.153]
 [0.178 0.594 0.065 0.163]
 [0.15  0.308 0.233 0.308]
 [0.188 0.486 0.167 0.16 ]]
Validation acc: 0.4518129770992366
Validation class_accuracies: [0.3993933265925177, 0.594306049822064, 0.23333333333333334, 0.1597222222222222]
Validation sensitivity: 0.4986449864498645
Validation specificity: 0.3993933265925177
Validation icbhi_score: 0.44901915652119107
Validation roc_auc: None
Validation avg_accuracy: 0.34668873299253433
Validation one_indexed_epoch: 14
There is no such attribute
249/249 - 155s - loss: 0.6153 - accuracy: 0.6072 - 155s/epoch - 622ms/step
Epoch 15/110
Validation cm: [[309 338 170 172]
 [101 537  55 150]
 [ 16  35  32  37]
 [ 16  74  26  28]]
Validation val_loss: 0.6395868174056345
Validation normalized_cm: [[0.312 0.342 0.172 0.174]
 [0.12  0.637 0.065 0.178]
 [0.133 0.292 0.267 0.308]
 [0.111 0.514 0.181 0.194]]
Validation acc: 0.43225190839694655
Validation class_accuracies: [0.31243680485338726, 0.6370106761565836, 0.26666666666666666, 0.19444444444444445]
Validation sensitivity: 0.5392953929539296
Validation specificity: 0.31243680485338726
Validation icbhi_score: 0.42586609890365845
Validation roc_auc: None
Validation avg_accuracy: 0.3526396480302705
Validation one_indexed_epoch: 15
There is no such attribute
249/249 - 163s - loss: 0.6100 - accuracy: 0.5959 - 163s/epoch - 656ms/step
Epoch 16/110
Validation cm: [[336 384  87 182]
 [106 581  30 126]
 [ 16  45  17  42]
 [ 15  89   6  34]]
Validation val_loss: 0.6145351204971378
Validation normalized_cm: [[0.34  0.388 0.088 0.184]
 [0.126 0.689 0.036 0.149]
 [0.133 0.375 0.142 0.35 ]
 [0.104 0.618 0.042 0.236]]
Validation acc: 0.4618320610687023
Validation class_accuracies: [0.339737108190091, 0.6892052194543298, 0.14166666666666666, 0.2361111111111111]
Validation sensitivity: 0.5709123757904245
Validation specificity: 0.339737108190091
Validation icbhi_score: 0.45532474199025774
Validation roc_auc: None
Validation avg_accuracy: 0.3516800263555496
Validation one_indexed_epoch: 16
There is no such attribute
249/249 - 154s - loss: 0.6037 - accuracy: 0.5828 - 154s/epoch - 619ms/step
Epoch 17/110
Validation cm: [[437 194 200 158]
 [189 407  86 161]
 [ 20  20  37  43]
 [ 38  49  31  26]]
Validation val_loss: 0.6497653186648288
Validation normalized_cm: [[0.442 0.196 0.202 0.16 ]
 [0.224 0.483 0.102 0.191]
 [0.167 0.167 0.308 0.358]
 [0.264 0.34  0.215 0.181]]
Validation acc: 0.4327290076335878
Validation class_accuracies: [0.4418604651162791, 0.48279952550415184, 0.30833333333333335, 0.18055555555555555]
Validation sensitivity: 0.4245709123757904
Validation specificity: 0.4418604651162791
Validation icbhi_score: 0.4332156887460348
Validation roc_auc: None
Validation avg_accuracy: 0.35338721987732996
Validation one_indexed_epoch: 17
There is no such attribute
249/249 - 155s - loss: 0.5993 - accuracy: 0.6271 - 155s/epoch - 623ms/step
Epoch 18/110
Validation cm: [[218 319 172 280]
 [ 65 457  71 250]
 [  6  28  25  61]
 [  7  61  23  53]]
Validation val_loss: 0.6803865489187358
Validation normalized_cm: [[0.22  0.323 0.174 0.283]
 [0.077 0.542 0.084 0.297]
 [0.05  0.233 0.208 0.508]
 [0.049 0.424 0.16  0.368]]
Validation acc: 0.3592557251908397
Validation class_accuracies: [0.2204246713852376, 0.5421115065243179, 0.20833333333333334, 0.3680555555555556]
Validation sensitivity: 0.4832881662149955
Validation specificity: 0.2204246713852376
Validation icbhi_score: 0.35185641880011653
Validation roc_auc: None
Validation avg_accuracy: 0.3347312666996111
Validation one_indexed_epoch: 18
There is no such attribute
249/249 - 154s - loss: 0.6036 - accuracy: 0.6180 - 154s/epoch - 618ms/step
Epoch 19/110
Validation cm: [[447 340  58 144]
 [174 548  19 102]
 [ 28  39  16  37]
 [ 34  75  17  18]]
Validation val_loss: 0.5889514405280352
Validation normalized_cm: [[0.452 0.344 0.059 0.146]
 [0.206 0.65  0.023 0.121]
 [0.233 0.325 0.133 0.308]
 [0.236 0.521 0.118 0.125]]
Validation acc: 0.49093511450381677
Validation class_accuracies: [0.45197168857431747, 0.6500593119810202, 0.13333333333333333, 0.125]
Validation sensitivity: 0.5257452574525745
Validation specificity: 0.45197168857431747
Validation icbhi_score: 0.488858473013446
Validation roc_auc: None
Validation avg_accuracy: 0.34009108347216777
Validation one_indexed_epoch: 19
There is no such attribute
249/249 - 147s - loss: 0.6049 - accuracy: 0.5883 - 147s/epoch - 592ms/step
Epoch 20/110
Validation cm: [[350 262 288  89]
 [131 447 187  78]
 [ 20  23  63  14]
 [ 20  64  49  11]]
Validation val_loss: 0.6613165455273147
Validation normalized_cm: [[0.354 0.265 0.291 0.09 ]
 [0.155 0.53  0.222 0.093]
 [0.167 0.192 0.525 0.117]
 [0.139 0.444 0.34  0.076]]
Validation acc: 0.4155534351145038
Validation class_accuracies: [0.3538928210313448, 0.5302491103202847, 0.525, 0.0763888888888889]
Validation sensitivity: 0.4706413730803975
Validation specificity: 0.3538928210313448
Validation icbhi_score: 0.41226709705587117
Validation roc_auc: None
Validation avg_accuracy: 0.3713827050601296
Validation one_indexed_epoch: 20
There is no such attribute
249/249 - 151s - loss: 0.5890 - accuracy: 0.6231 - 151s/epoch - 608ms/step
Epoch 21/110
Validation cm: [[192 292 232 273]
 [ 72 477  75 219]
 [  6  22  31  61]
 [ 10  60  29  45]]
Validation val_loss: 0.6962450159969562
Validation normalized_cm: [[0.194 0.295 0.235 0.276]
 [0.085 0.566 0.089 0.26 ]
 [0.05  0.183 0.258 0.508]
 [0.069 0.417 0.201 0.312]]
Validation acc: 0.3554389312977099
Validation class_accuracies: [0.19413549039433772, 0.5658362989323843, 0.25833333333333336, 0.3125]
Validation sensitivity: 0.4995483288166215
Validation specificity: 0.19413549039433772
Validation icbhi_score: 0.3468419096054796
Validation roc_auc: None
Validation avg_accuracy: 0.33270128066501387
Validation one_indexed_epoch: 21
Mel loss: <tf.Variable 'Variable:0' shape=() dtype=float32, numpy=0.5>
sinc loss: <tf.Variable 'Variable:0' shape=() dtype=float32, numpy=0.5>
There is no such attribute
249/249 - 155s - loss: 0.5921 - accuracy: 0.6019 - 155s/epoch - 623ms/step
Epoch 22/110
Validation cm: [[294 383 139 173]
 [ 93 549  47 154]
 [  8  41  30  41]
 [ 12  79  21  32]]
Validation val_loss: 0.6271105267334985
Validation normalized_cm: [[0.297 0.387 0.141 0.175]
 [0.11  0.651 0.056 0.183]
 [0.067 0.342 0.25  0.342]
 [0.083 0.549 0.146 0.222]]
Validation acc: 0.43177480916030536
Validation class_accuracies: [0.2972699696663296, 0.6512455516014235, 0.25, 0.2222222222222222]
Validation sensitivity: 0.5519421860885275
Validation specificity: 0.2972699696663296
Validation icbhi_score: 0.42460607787742854
Validation roc_auc: None
Validation avg_accuracy: 0.3551844358724938
Validation one_indexed_epoch: 22
There is no such attribute
249/249 - 155s - loss: 0.5878 - accuracy: 0.6024 - 155s/epoch - 623ms/step
Epoch 23/110
Validation cm: [[431 169 222 167]
 [216 347 100 180]
 [ 22  16  45  37]
 [ 41  46  37  20]]
Validation val_loss: 0.6595944368515079
Validation normalized_cm: [[0.436 0.171 0.224 0.169]
 [0.256 0.412 0.119 0.214]
 [0.183 0.133 0.375 0.308]
 [0.285 0.319 0.257 0.139]]
Validation acc: 0.40219465648854963
Validation class_accuracies: [0.435793731041456, 0.41162514827995256, 0.375, 0.1388888888888889]
Validation sensitivity: 0.3721770551038844
Validation specificity: 0.435793731041456
Validation icbhi_score: 0.40398539307267023
Validation roc_auc: None
Validation avg_accuracy: 0.34032694205257435
Validation one_indexed_epoch: 23
There is no such attribute
249/249 - 156s - loss: 0.5863 - accuracy: 0.6306 - 156s/epoch - 628ms/step
Epoch 24/110
Validation cm: [[282 254 296 157]
 [118 413 125 187]
 [  9  20  54  37]
 [ 16  51  54  23]]
Validation val_loss: 0.6987955560303428
Validation normalized_cm: [[0.285 0.257 0.299 0.159]
 [0.14  0.49  0.148 0.222]
 [0.075 0.167 0.45  0.308]
 [0.111 0.354 0.375 0.16 ]]
Validation acc: 0.3683206106870229
Validation class_accuracies: [0.2851365015166835, 0.48991696322657174, 0.45, 0.1597222222222222]
Validation sensitivity: 0.44263775971093045
Validation specificity: 0.2851365015166835
Validation icbhi_score: 0.36388713061380695
Validation roc_auc: None
Validation avg_accuracy: 0.3461939217413693
Validation one_indexed_epoch: 24
There is no such attribute
249/249 - 155s - loss: 0.5907 - accuracy: 0.6221 - 155s/epoch - 622ms/step
Epoch 25/110
Validation cm: [[270 269 305 145]
 [ 99 454 113 177]
 [ 11  22  58  29]
 [ 12  59  57  16]]
Validation val_loss: 0.6767512909492179
Validation normalized_cm: [[0.273 0.272 0.308 0.147]
 [0.117 0.539 0.134 0.21 ]
 [0.092 0.183 0.483 0.242]
 [0.083 0.41  0.396 0.111]]
Validation acc: 0.38072519083969464
Validation class_accuracies: [0.2730030333670374, 0.538552787663108, 0.48333333333333334, 0.1111111111111111]
Validation sensitivity: 0.47696476964769646
Validation specificity: 0.2730030333670374
Validation icbhi_score: 0.37498390150736693
Validation roc_auc: None
Validation avg_accuracy: 0.3515000663686475
Validation one_indexed_epoch: 25
There is no such attribute
249/249 - 155s - loss: 0.5865 - accuracy: 0.6304 - 155s/epoch - 622ms/step
Epoch 26/110
Validation cm: [[258 264 274 193]
 [ 90 418 100 235]
 [  8  23  63  26]
 [ 10  58  38  38]]
Validation val_loss: 0.7022712885309722
Validation normalized_cm: [[0.261 0.267 0.277 0.195]
 [0.107 0.496 0.119 0.279]
 [0.067 0.192 0.525 0.217]
 [0.069 0.403 0.264 0.264]]
Validation acc: 0.37070610687022904
Validation class_accuracies: [0.2608695652173913, 0.4958481613285884, 0.525, 0.2638888888888889]
Validation sensitivity: 0.46883468834688347
Validation specificity: 0.2608695652173913
Validation icbhi_score: 0.3648521267821374
Validation roc_auc: None
Validation avg_accuracy: 0.38640165385871716
Validation one_indexed_epoch: 26
There is no such attribute
249/249 - 153s - loss: 0.5817 - accuracy: 0.6233 - 153s/epoch - 614ms/step
Epoch 27/110
Validation cm: [[301 307 189 192]
 [ 98 527  49 169]
 [  9  29  32  50]
 [ 21  72  30  21]]
Validation val_loss: 0.6402935029526475
Validation normalized_cm: [[0.304 0.31  0.191 0.194]
 [0.116 0.625 0.058 0.2  ]
 [0.075 0.242 0.267 0.417]
 [0.146 0.5   0.208 0.146]]
Validation acc: 0.42032442748091603
Validation class_accuracies: [0.30434782608695654, 0.6251482799525504, 0.26666666666666666, 0.14583333333333334]
Validation sensitivity: 0.5239385727190605
Validation specificity: 0.30434782608695654
Validation icbhi_score: 0.41414319940300853
Validation roc_auc: None
Validation avg_accuracy: 0.33549902650987673
Validation one_indexed_epoch: 27
There is no such attribute
249/249 - 151s - loss: 0.5817 - accuracy: 0.6092 - 151s/epoch - 608ms/step
Epoch 28/110
Validation cm: [[396 206 247 140]
 [193 383 110 157]
 [ 22  17  51  30]
 [ 33  45  50  16]]
Validation val_loss: 0.659517309687079
Validation normalized_cm: [[0.4   0.208 0.25  0.142]
 [0.229 0.454 0.13  0.186]
 [0.183 0.142 0.425 0.25 ]
 [0.229 0.312 0.347 0.111]]
Validation acc: 0.4036259541984733
Validation class_accuracies: [0.40040444893832156, 0.4543297746144721, 0.425, 0.1111111111111111]
Validation sensitivity: 0.4065040650406504
Validation specificity: 0.40040444893832156
Validation icbhi_score: 0.403454256989486
Validation roc_auc: None
Validation avg_accuracy: 0.34771133366597623
Validation one_indexed_epoch: 28
There is no such attribute
249/249 - 154s - loss: 0.5781 - accuracy: 0.6344 - 154s/epoch - 617ms/step
Epoch 29/110
Validation cm: [[323 380  87 199]
 [107 541  33 162]
 [ 13  39  14  54]
 [ 20  75  12  37]]
Validation val_loss: 0.6239563193605886
Validation normalized_cm: [[0.327 0.384 0.088 0.201]
 [0.127 0.642 0.039 0.192]
 [0.108 0.325 0.117 0.45 ]
 [0.139 0.521 0.083 0.257]]
Validation acc: 0.43654580152671757
Validation class_accuracies: [0.32659251769464104, 0.641755634638197, 0.11666666666666667, 0.2569444444444444]
Validation sensitivity: 0.5347786811201445
Validation specificity: 0.32659251769464104
Validation icbhi_score: 0.43068559940739276
Validation roc_auc: None
Validation avg_accuracy: 0.33548981586098725
Validation one_indexed_epoch: 29
There is no such attribute
249/249 - 155s - loss: 0.5913 - accuracy: 0.6236 - 155s/epoch - 622ms/step
Epoch 30/110
Validation cm: [[298 232 327 132]
 [127 422 146 148]
 [ 13  20  62  25]
 [ 13  58  58  15]]
Validation val_loss: 0.6631666638298344
Validation normalized_cm: [[0.301 0.235 0.331 0.133]
 [0.151 0.501 0.173 0.176]
 [0.108 0.167 0.517 0.208]
 [0.09  0.403 0.403 0.104]]
Validation acc: 0.38024809160305345
Validation class_accuracies: [0.301314459049545, 0.5005931198102017, 0.5166666666666667, 0.10416666666666667]
Validation sensitivity: 0.45076784101174344
Validation specificity: 0.301314459049545
Validation icbhi_score: 0.3760411500306442
Validation roc_auc: None
Validation avg_accuracy: 0.35568522804827
Validation one_indexed_epoch: 30
There is no such attribute
249/249 - 155s - loss: 0.5898 - accuracy: 0.6100 - 155s/epoch - 622ms/step
Epoch 31/110
Validation cm: [[270 271 275 173]
 [111 460 104 168]
 [ 11  23  46  40]
 [ 20  61  38  25]]
Validation val_loss: 0.6553029506467283
Validation normalized_cm: [[0.273 0.274 0.278 0.175]
 [0.132 0.546 0.123 0.199]
 [0.092 0.192 0.383 0.333]
 [0.139 0.424 0.264 0.174]]
Validation acc: 0.3821564885496183
Validation class_accuracies: [0.2730030333670374, 0.5456702253855279, 0.38333333333333336, 0.1736111111111111]
Validation sensitivity: 0.4796747967479675
Validation specificity: 0.2730030333670374
Validation icbhi_score: 0.37633891505750244
Validation roc_auc: None
Validation avg_accuracy: 0.34390442579925246
Validation one_indexed_epoch: 31
Mel loss: <tf.Variable 'Variable:0' shape=() dtype=float32, numpy=0.5>
sinc loss: <tf.Variable 'Variable:0' shape=() dtype=float32, numpy=0.5>
There is no such attribute
249/249 - 152s - loss: 0.5798 - accuracy: 0.6150 - 152s/epoch - 610ms/step
Epoch 32/110
Validation cm: [[303 268 224 194]
 [102 452 101 188]
 [ 11  23  41  45]
 [ 18  58  44  24]]
Validation val_loss: 0.673112036208871
Validation normalized_cm: [[0.306 0.271 0.226 0.196]
 [0.121 0.536 0.12  0.223]
 [0.092 0.192 0.342 0.375]
 [0.125 0.403 0.306 0.167]]
Validation acc: 0.39122137404580154
Validation class_accuracies: [0.3063700707785642, 0.5361803084223014, 0.3416666666666667, 0.16666666666666666]
Validation sensitivity: 0.4670280036133695
Validation specificity: 0.3063700707785642
Validation icbhi_score: 0.3866990371959669
Validation roc_auc: None
Validation avg_accuracy: 0.33772092813354976
Validation one_indexed_epoch: 32
There is no such attribute
249/249 - 163s - loss: 0.5811 - accuracy: 0.6007 - 163s/epoch - 656ms/step
Epoch 33/110
Validation cm: [[235 312 192 250]
 [ 75 485  59 224]
 [  7  28  40  45]
 [  7  70  31  36]]
Validation val_loss: 0.6655202741745347
Validation normalized_cm: [[0.238 0.315 0.194 0.253]
 [0.089 0.575 0.07  0.266]
 [0.058 0.233 0.333 0.375]
 [0.049 0.486 0.215 0.25 ]]
Validation acc: 0.3797709923664122
Validation class_accuracies: [0.23761375126390294, 0.575326215895611, 0.3333333333333333, 0.25]
Validation sensitivity: 0.5067750677506775
Validation specificity: 0.23761375126390294
Validation icbhi_score: 0.3721944095072902
Validation roc_auc: None
Validation avg_accuracy: 0.3490683251232118
Validation one_indexed_epoch: 33
There is no such attribute
249/249 - 157s - loss: 0.5739 - accuracy: 0.6190 - 157s/epoch - 630ms/step
Epoch 34/110
Validation cm: [[244 308 178 259]
 [ 75 477  60 231]
 [  9  26  38  47]
 [ 14  63  27  40]]
Validation val_loss: 0.6827085654123309
Validation normalized_cm: [[0.247 0.311 0.18  0.262]
 [0.089 0.566 0.071 0.274]
 [0.075 0.217 0.317 0.392]
 [0.097 0.438 0.188 0.278]]
Validation acc: 0.3812022900763359
Validation class_accuracies: [0.24671385237613752, 0.5658362989323843, 0.31666666666666665, 0.2777777777777778]
Validation sensitivity: 0.5013550135501355
Validation specificity: 0.24671385237613752
Validation icbhi_score: 0.3740344329631365
Validation roc_auc: None
Validation avg_accuracy: 0.35174864893824154
Validation one_indexed_epoch: 34
There is no such attribute
249/249 - 155s - loss: 0.5754 - accuracy: 0.6115 - 155s/epoch - 622ms/step
Epoch 35/110
Validation cm: [[332 205 264 188]
 [136 354 114 239]
 [ 13  17  60  30]
 [ 13  44  51  36]]
Validation val_loss: 0.71210342673727
Validation normalized_cm: [[0.336 0.207 0.267 0.19 ]
 [0.161 0.42  0.135 0.284]
 [0.108 0.142 0.5   0.25 ]
 [0.09  0.306 0.354 0.25 ]]
Validation acc: 0.37309160305343514
Validation class_accuracies: [0.3356926188068756, 0.4199288256227758, 0.5, 0.25]
Validation sensitivity: 0.4065040650406504
Validation specificity: 0.3356926188068756
Validation icbhi_score: 0.371098341923763
Validation roc_auc: None
Validation avg_accuracy: 0.37640536110741285
Validation one_indexed_epoch: 35
There is no such attribute
249/249 - 155s - loss: 0.5695 - accuracy: 0.6170 - 155s/epoch - 623ms/step
Epoch 36/110
Validation cm: [[404 165 310 110]
 [206 371 141 125]
 [ 15  14  76  15]
 [ 28  39  64  13]]
Validation val_loss: 0.6742141170636928
Validation normalized_cm: [[0.408 0.167 0.313 0.111]
 [0.244 0.44  0.167 0.148]
 [0.125 0.117 0.633 0.125]
 [0.194 0.271 0.444 0.09 ]]
Validation acc: 0.4122137404580153
Validation class_accuracies: [0.4084934277047523, 0.4400948991696323, 0.6333333333333333, 0.09027777777777778]
Validation sensitivity: 0.41553748870822044
Validation specificity: 0.4084934277047523
Validation icbhi_score: 0.41201545820648633
Validation roc_auc: None
Validation avg_accuracy: 0.3930498594963739
Validation one_indexed_epoch: 36
There is no such attribute
249/249 - 152s - loss: 0.5614 - accuracy: 0.6349 - 152s/epoch - 611ms/step
Epoch 37/110
Validation cm: [[346 326 130 187]
 [120 500  44 179]
 [ 14  31  44  31]
 [ 21  67  29  27]]
Validation val_loss: 0.6418023482782639
Validation normalized_cm: [[0.35  0.33  0.131 0.189]
 [0.142 0.593 0.052 0.212]
 [0.117 0.258 0.367 0.258]
 [0.146 0.465 0.201 0.188]]
Validation acc: 0.4375
Validation class_accuracies: [0.34984833164812945, 0.5931198102016607, 0.36666666666666664, 0.1875]
Validation sensitivity: 0.5158084914182475
Validation specificity: 0.34984833164812945
Validation icbhi_score: 0.43282841153318846
Validation roc_auc: None
Validation avg_accuracy: 0.3742837021291142
Validation one_indexed_epoch: 37
There is no such attribute
249/249 - 157s - loss: 0.5624 - accuracy: 0.6440 - 157s/epoch - 629ms/step
Epoch 38/110
Validation cm: [[403 270 219  97]
 [178 481  88  96]
 [ 22  25  52  21]
 [ 35  57  42  10]]
Validation val_loss: 0.6326703603027516
Validation normalized_cm: [[0.407 0.273 0.221 0.098]
 [0.211 0.571 0.104 0.114]
 [0.183 0.208 0.433 0.175]
 [0.243 0.396 0.292 0.069]]
Validation acc: 0.45133587786259544
Validation class_accuracies: [0.4074823053589484, 0.5705812574139977, 0.43333333333333335, 0.06944444444444445]
Validation sensitivity: 0.4905149051490515
Validation specificity: 0.4074823053589484
Validation icbhi_score: 0.4489986052539999
Validation roc_auc: None
Validation avg_accuracy: 0.370210335137681
Validation one_indexed_epoch: 38
There is no such attribute
249/249 - 157s - loss: 0.5684 - accuracy: 0.6518 - 157s/epoch - 631ms/step
Epoch 39/110
Validation cm: [[294 469  67 159]
 [ 89 612  24 118]
 [ 19  45  12  44]
 [ 20  83  17  24]]
Validation val_loss: 0.6139543833822467
Validation normalized_cm: [[0.297 0.474 0.068 0.161]
 [0.106 0.726 0.028 0.14 ]
 [0.158 0.375 0.1   0.367]
 [0.139 0.576 0.118 0.167]]
Validation acc: 0.4494274809160305
Validation class_accuracies: [0.2972699696663296, 0.7259786476868327, 0.1, 0.16666666666666666]
Validation sensitivity: 0.5853658536585366
Validation specificity: 0.2972699696663296
Validation icbhi_score: 0.44131791166243306
Validation roc_auc: None
Validation avg_accuracy: 0.3224788210049573
Validation one_indexed_epoch: 39
There is no such attribute
249/249 - 149s - loss: 0.5659 - accuracy: 0.6425 - 149s/epoch - 598ms/step
Epoch 40/110
Validation cm: [[327 375 127 160]
 [109 569  46 119]
 [ 13  33  40  34]
 [ 18  74  23  29]]
Validation val_loss: 0.6260451363410289
Validation normalized_cm: [[0.331 0.379 0.128 0.162]
 [0.129 0.675 0.055 0.141]
 [0.108 0.275 0.333 0.283]
 [0.125 0.514 0.16  0.201]]
Validation acc: 0.4604007633587786
Validation class_accuracies: [0.3306370070778564, 0.67497034400949, 0.3333333333333333, 0.2013888888888889]
Validation sensitivity: 0.5763324299909666
Validation specificity: 0.3306370070778564
Validation icbhi_score: 0.4534847185344115
Validation roc_auc: None
Validation avg_accuracy: 0.38508239332739214
Validation one_indexed_epoch: 40
There is no such attribute
249/249 - 156s - loss: 0.5496 - accuracy: 0.6636 - 156s/epoch - 626ms/step
Epoch 41/110
Validation cm: [[448 296 104 141]
 [171 511  44 117]
 [ 25  26  40  29]
 [ 34  66  25  19]]
Validation val_loss: 0.6228590248444096
Validation normalized_cm: [[0.453 0.299 0.105 0.143]
 [0.203 0.606 0.052 0.139]
 [0.208 0.217 0.333 0.242]
 [0.236 0.458 0.174 0.132]]
Validation acc: 0.4856870229007634
Validation class_accuracies: [0.4529828109201213, 0.6061684460260973, 0.3333333333333333, 0.13194444444444445]
Validation sensitivity: 0.5149051490514905
Validation specificity: 0.4529828109201213
Validation icbhi_score: 0.48394397998580596
Validation roc_auc: None
Validation avg_accuracy: 0.3811072586809991
Validation one_indexed_epoch: 41
There is no such attribute
249/249 - 158s - loss: 0.5551 - accuracy: 0.6604 - 158s/epoch - 635ms/step
Epoch 42/110
Validation cm: [[358 195 328 108]
 [180 414 153  96]
 [ 17  11  76  16]
 [ 25  48  64   7]]
Validation val_loss: 0.6733328208632995
Validation normalized_cm: [[0.362 0.197 0.332 0.109]
 [0.214 0.491 0.181 0.114]
 [0.142 0.092 0.633 0.133]
 [0.174 0.333 0.444 0.049]]
Validation acc: 0.40791984732824427
Validation class_accuracies: [0.3619817997977755, 0.49110320284697506, 0.6333333333333333, 0.04861111111111111]
Validation sensitivity: 0.44896115627822947
Validation specificity: 0.3619817997977755
Validation icbhi_score: 0.4054714780380025
Validation roc_auc: None
Validation avg_accuracy: 0.38375736177229874
Validation one_indexed_epoch: 42
There is no such attribute
249/249 - 158s - loss: 0.5567 - accuracy: 0.6503 - 158s/epoch - 635ms/step
Epoch 43/110
Validation cm: [[328 351  73 237]
 [112 501  37 193]
 [ 13  31  21  55]
 [ 11  69  29  35]]
Validation val_loss: 0.6422592546072796
Validation normalized_cm: [[0.332 0.355 0.074 0.24 ]
 [0.133 0.594 0.044 0.229]
 [0.108 0.258 0.175 0.458]
 [0.076 0.479 0.201 0.243]]
Validation acc: 0.4222328244274809
Validation class_accuracies: [0.3316481294236603, 0.594306049822064, 0.175, 0.24305555555555555]
Validation sensitivity: 0.5031616982836495
Validation specificity: 0.3316481294236603
Validation icbhi_score: 0.4174049138536549
Validation roc_auc: None
Validation avg_accuracy: 0.33600243370031996
Validation one_indexed_epoch: 43
There is no such attribute
249/249 - 154s - loss: 0.5507 - accuracy: 0.6500 - 154s/epoch - 618ms/step
Epoch 44/110
Validation cm: [[451 279  98 161]
 [175 488  43 137]
 [ 25  24  34  37]
 [ 30  60  28  26]]
Validation val_loss: 0.6208742728122716
Validation normalized_cm: [[0.456 0.282 0.099 0.163]
 [0.208 0.579 0.051 0.163]
 [0.208 0.2   0.283 0.308]
 [0.208 0.417 0.194 0.181]]
Validation acc: 0.47662213740458015
Validation class_accuracies: [0.45601617795753285, 0.5788849347568209, 0.2833333333333333, 0.18055555555555555]
Validation sensitivity: 0.4950316169828365
Validation specificity: 0.45601617795753285
Validation icbhi_score: 0.47552389747018464
Validation roc_auc: None
Validation avg_accuracy: 0.3746975004008107
Validation one_indexed_epoch: 44
There is no such attribute
