Validation cm: [[740   0   0   0]
 [ 92   0   0   0]
 [ 77   0   0   0]
 [130   0   0   0]]
Validation normalized_cm: [[1. 0. 0. 0.]
 [1. 0. 0. 0.]
 [1. 0. 0. 0.]
 [1. 0. 0. 0.]]
Validation acc: 0.7122232916265641
Validation class_accuracies: [1.0, 0.0, 0.0, 0.0]
Validation precision: None
Validation recall: None
Validation f1: None
Validation roc_auc: None
Validation avg_accuracy: 0.25
Validation one_indexed_epoch: 1
Tensorflow Version: 2.7.1
Num GPUs Available:  1
Collecting Variables...
All variables have been collected.
../cache/
cw
train18
-----------------------
Job id is 1.
- Loading Perch.
3278 Perch audios have been loaded.
- Loading Icbhi.
725 Icbhi audios have been loaded.
- Loading Antwerp.
131 Antwerp audios have been loaded.
- Preparing Perch.
862 Perch groups of audio chunks (by filename or patients) have been prepared.
- Preparing Icbhi.
112 Icbhi groups of audio chunks (by filename or patients) have been prepared.
- Preparing Antwerp.
15 Antwerp groups of audio chunks (by filename or patients) have been prepared.
--- Samples are being split into training/val groups and de-grouped by patient ---
--- Perch training dataset went from 0 to 2649 elements, with 2346 none's, 61 crakles, 186 wheezes and 56 both ---
--- Perch Validation dataset contains 629 elements, with 551 none, 12 crackles, 54 wheezes and 12 both ---
--- Icbhi training dataset went from 0 to 2040 elements, with 707 none's, 720 crakles, 285 wheezes and 327 both ---
--- Icbhi Validation dataset contains 299 elements, with 172 none, 70 crackles, 18 wheezes and 39 both ---
--- Antwerp training dataset went from 0 to 580 elements, with 82 none's, 16 crakles, 448 wheezes and 34 both ---
--- Antwerp Validation dataset contains 111 elements, with 17 none, 10 crackles, 5 wheezes and 79 both ---
-----------------------
--- Final training dataset went from 0 to 5269 elements, with 3135 none's, 797 crakles, 919 wheezes and 417 both ---
--- Final Validation dataset contains 1039 elements, with 740 none, 92 crackles, 77 wheezes and 130 both ---
Model: "leaf_model"
______________________________________________________________________________________________________________
 Layer (type)                                    Output Shape                                Param #          
==============================================================================================================
 sincnet (SincNet)                               multiple                                    320              
                                                                                                              
 sequential (Sequential)                         (None, 128)                                 105694           
                                                                                                              
 dense (Dense)                                   multiple                                    258              
                                                                                                              
==============================================================================================================
Total params: 106,272
Trainable params: 105,456
Non-trainable params: 816
______________________________________________________________________________________________________________
Target metric is avg_accuracy
Epoch 1/17
[[0. 0.]]
-- New best results were achieved. --
Saving model...
330/330 - 173s - loss: 0.4464 - accuracy: 0.5902 - 173s/epoch - 523ms/step
Validation cm: [[594 113  25   8]
 [ 18  51   8  15]
 [ 30   7  27  13]
 [ 21  29  62  18]]
Validation normalized_cm: [[0.803 0.153 0.034 0.011]
 [0.196 0.554 0.087 0.163]
 [0.39  0.091 0.351 0.169]
 [0.162 0.223 0.477 0.138]]
Validation acc: 0.6641000962463908
Validation class_accuracies: [0.8027027027027027, 0.5543478260869565, 0.35064935064935066, 0.13846153846153847]
Validation precision: None
Validation recall: None
Validation f1: None
Validation roc_auc: None
Validation avg_accuracy: 0.4615403544751371
Validation one_indexed_epoch: 2
Epoch 2/17
[[0. 0.]]
-- New best results were achieved. --
Saving model...
330/330 - 168s - loss: 0.3749 - accuracy: 0.6075 - 168s/epoch - 509ms/step
Validation cm: [[652  29  44  15]
 [ 54   6  18  14]
 [ 36   2  33   6]
 [ 22   1  98   9]]
Validation normalized_cm: [[0.881 0.039 0.059 0.02 ]
 [0.587 0.065 0.196 0.152]
 [0.468 0.026 0.429 0.078]
 [0.169 0.008 0.754 0.069]]
Validation acc: 0.6737247353224254
Validation class_accuracies: [0.8810810810810811, 0.06521739130434782, 0.42857142857142855, 0.06923076923076923]
Validation precision: None
Validation recall: None
Validation f1: None
Validation roc_auc: None
Validation avg_accuracy: 0.36102516754690667
Validation one_indexed_epoch: 3
Epoch 3/17
[[0. 0.]]
The validation tracker metric at 0.4615403544751371 hasn't increased by 0 in 1 epochs
330/330 - 169s - loss: 0.3462 - accuracy: 0.6341 - 169s/epoch - 511ms/step
Validation cm: [[556  91  51  42]
 [ 22  33   9  28]
 [ 28   3  25  21]
 [ 10   3  64  53]]
Validation normalized_cm: [[0.751 0.123 0.069 0.057]
 [0.239 0.359 0.098 0.304]
 [0.364 0.039 0.325 0.273]
 [0.077 0.023 0.492 0.408]]
Validation acc: 0.641963426371511
Validation class_accuracies: [0.7513513513513513, 0.358695652173913, 0.3246753246753247, 0.4076923076923077]
Validation precision: None
Validation recall: None
Validation f1: None
Validation roc_auc: None
Validation avg_accuracy: 0.4606036589732242
Validation one_indexed_epoch: 4
Epoch 4/17
[[0. 0.]]
The validation tracker metric at 0.4615403544751371 hasn't increased by 0 in 2 epochs
330/330 - 169s - loss: 0.3254 - accuracy: 0.6339 - 169s/epoch - 511ms/step
Validation cm: [[659  72   2   7]
 [ 49  25   5  13]
 [ 57   3   8   9]
 [ 54  24  41  11]]
Validation normalized_cm: [[0.891 0.097 0.003 0.009]
 [0.533 0.272 0.054 0.141]
 [0.74  0.039 0.104 0.117]
 [0.415 0.185 0.315 0.085]]
Validation acc: 0.6766121270452358
Validation class_accuracies: [0.8905405405405405, 0.2717391304347826, 0.1038961038961039, 0.08461538461538462]
Validation precision: None
Validation recall: None
Validation f1: None
Validation roc_auc: None
Validation avg_accuracy: 0.3376977898717029
Validation one_indexed_epoch: 5
Epoch 5/17
[[0. 0.]]
The validation tracker metric at 0.4615403544751371 hasn't increased by 0 in 3 epochs
Lr has been adjusted to 0.0005000000237487257
330/330 - 168s - loss: 0.3015 - accuracy: 0.6252 - 168s/epoch - 511ms/step
Validation cm: [[627  82  16  15]
 [ 25  40  10  17]
 [ 41   4  21  11]
 [ 41  17  44  28]]
Validation normalized_cm: [[0.847 0.111 0.022 0.02 ]
 [0.272 0.435 0.109 0.185]
 [0.532 0.052 0.273 0.143]
 [0.315 0.131 0.338 0.215]]
Validation acc: 0.6891241578440809
Validation class_accuracies: [0.8472972972972973, 0.43478260869565216, 0.2727272727272727, 0.2153846153846154]
Validation precision: None
Validation recall: None
Validation f1: None
Validation roc_auc: None
Validation avg_accuracy: 0.4425479485262094
Validation one_indexed_epoch: 6
Epoch 6/17
[[0. 0.]]
The validation tracker metric at 0.4615403544751371 hasn't increased by 0 in 4 epochs
330/330 - 172s - loss: 0.2626 - accuracy: 0.6553 - 172s/epoch - 520ms/step
Validation cm: [[626  84  21   9]
 [ 35  34  10  13]
 [ 43   1  25   8]
 [ 44  11  54  21]]
Validation normalized_cm: [[0.846 0.114 0.028 0.012]
 [0.38  0.37  0.109 0.141]
 [0.558 0.013 0.325 0.104]
 [0.338 0.085 0.415 0.162]]
Validation acc: 0.6794995187680462
Validation class_accuracies: [0.845945945945946, 0.3695652173913043, 0.3246753246753247, 0.16153846153846155]
Validation precision: None
Validation recall: None
Validation f1: None
Validation roc_auc: None
Validation avg_accuracy: 0.4254312373877591
Validation one_indexed_epoch: 7
Epoch 7/17
[[0. 0.]]
The validation tracker metric at 0.4615403544751371 hasn't increased by 0 in 5 epochs
330/330 - 175s - loss: 0.2457 - accuracy: 0.6781 - 175s/epoch - 530ms/step
Validation cm: [[645  59  28   8]
 [ 44  27   8  13]
 [ 37   2  31   7]
 [ 52  21  43  14]]
Validation normalized_cm: [[0.872 0.08  0.038 0.011]
 [0.478 0.293 0.087 0.141]
 [0.481 0.026 0.403 0.091]
 [0.4   0.162 0.331 0.108]]
Validation acc: 0.6900866217516843
Validation class_accuracies: [0.8716216216216216, 0.29347826086956524, 0.4025974025974026, 0.1076923076923077]
Validation precision: None
Validation recall: None
Validation f1: None
Validation roc_auc: None
Validation avg_accuracy: 0.4188473981952243
Validation one_indexed_epoch: 8
Epoch 8/17
[[0. 0.]]
The number of epochs since last 1% equals the patience
Lr has been adjusted to 0.0002500000118743628
330/330 - 176s - loss: 0.2247 - accuracy: 0.6757 - 176s/epoch - 533ms/step
----------------------------------
The best metrics for this job are: 

Best avg_accuracy: 0.4615403544751371
Best cm: [[594 113  25   8]
 [ 18  51   8  15]
 [ 30   7  27  13]
 [ 21  29  62  18]]
Best normalized_cm: [[0.803 0.153 0.034 0.011]
 [0.196 0.554 0.087 0.163]
 [0.39  0.091 0.351 0.169]
 [0.162 0.223 0.477 0.138]]
Best acc: 0.6641000962463908
Best class_accuracies: [0.8027027027027027, 0.5543478260869565, 0.35064935064935066, 0.13846153846153847]
Best precision: None
Best recall: None
Best f1: None
Best roc_auc: None
Best one_indexed_epoch: 2
Validation cm: [[636  66  30   8]
 [ 40  28  10  14]
 [ 37   2  31   7]
 [ 43  19  50  18]]
Validation normalized_cm: [[0.859 0.089 0.041 0.011]
 [0.435 0.304 0.109 0.152]
 [0.481 0.026 0.403 0.091]
 [0.331 0.146 0.385 0.138]]
Validation acc: 0.6862367661212705
Validation class_accuracies: [0.8594594594594595, 0.30434782608695654, 0.4025974025974026, 0.13846153846153847]
Validation precision: None
Validation recall: None
Validation f1: None
Validation roc_auc: None
Validation avg_accuracy: 0.4262165566513393
Validation one_indexed_epoch: 1
avg_accuracy
model
cm
normalized_cm
acc
class_accuracies
precision
recall
f1
roc_auc
one_indexed_epoch
Target metric is avg_accuracy
Epoch 1/17
[[0. 0.]]
The validation tracker metric at 0.4615403544751371 hasn't increased by 0 in 7 epochs
330/330 - 118s - loss: 0.1824 - accuracy: 0.5959 - 118s/epoch - 359ms/step
Validation cm: [[640  63  29   8]
 [ 39  29  10  14]
 [ 37   2  31   7]
 [ 46  23  43  18]]
Validation normalized_cm: [[0.865 0.085 0.039 0.011]
 [0.424 0.315 0.109 0.152]
 [0.481 0.026 0.403 0.091]
 [0.354 0.177 0.331 0.138]]
Validation acc: 0.6910490856592878
Validation class_accuracies: [0.8648648648648649, 0.31521739130434784, 0.4025974025974026, 0.13846153846153847]
Validation precision: None
Validation recall: None
Validation f1: None
Validation roc_auc: None
Validation avg_accuracy: 0.43028529930703846
Validation one_indexed_epoch: 2
Epoch 2/17
[[0. 0.]]
The validation tracker metric at 0.4615403544751371 hasn't increased by 0 in 8 epochs
330/330 - 117s - loss: 0.1792 - accuracy: 0.6185 - 117s/epoch - 356ms/step
Validation cm: [[630  73  29   8]
 [ 31  37  11  13]
 [ 36   3  31   7]
 [ 42  22  45  21]]
Validation normalized_cm: [[0.851 0.099 0.039 0.011]
 [0.337 0.402 0.12  0.141]
 [0.468 0.039 0.403 0.091]
 [0.323 0.169 0.346 0.162]]
Validation acc: 0.6920115495668913
Validation class_accuracies: [0.8513513513513513, 0.40217391304347827, 0.4025974025974026, 0.16153846153846155]
Validation precision: None
Validation recall: None
Validation f1: None
Validation roc_auc: None
Validation avg_accuracy: 0.45441528213267346
Validation one_indexed_epoch: 3
Epoch 3/17
[[0. 0.]]
The validation tracker metric at 0.4615403544751371 hasn't increased by 0 in 9 epochs
Lr has been adjusted to 0.0001250000059371814
330/330 - 117s - loss: 0.1780 - accuracy: 0.6284 - 117s/epoch - 356ms/step
Validation cm: [[633  70  29   8]
 [ 35  32  11  14]
 [ 36   3  31   7]
 [ 45  20  43  22]]
Validation normalized_cm: [[0.855 0.095 0.039 0.011]
 [0.38  0.348 0.12  0.152]
 [0.468 0.039 0.403 0.091]
 [0.346 0.154 0.331 0.169]]
Validation acc: 0.6910490856592878
Validation class_accuracies: [0.8554054054054054, 0.34782608695652173, 0.4025974025974026, 0.16923076923076924]
Validation precision: None
Validation recall: None
Validation f1: None
Validation roc_auc: None
Validation avg_accuracy: 0.44376491604752477
Validation one_indexed_epoch: 4
Epoch 4/17
[[0. 0.]]
The validation tracker metric at 0.4615403544751371 hasn't increased by 0 in 10 epochs
330/330 - 115s - loss: 0.1771 - accuracy: 0.6269 - 115s/epoch - 350ms/step
Validation cm: [[632  72  28   8]
 [ 36  32  10  14]
 [ 36   3  31   7]
 [ 46  21  43  20]]
Validation normalized_cm: [[0.854 0.097 0.038 0.011]
 [0.391 0.348 0.109 0.152]
 [0.468 0.039 0.403 0.091]
 [0.354 0.162 0.331 0.154]]
Validation acc: 0.6881616939364774
Validation class_accuracies: [0.8540540540540541, 0.34782608695652173, 0.4025974025974026, 0.15384615384615385]
Validation precision: None
Validation recall: None
Validation f1: None
Validation roc_auc: None
Validation avg_accuracy: 0.439580924363533
Validation one_indexed_epoch: 5
Epoch 5/17
[[0. 0.]]
The validation tracker metric at 0.4615403544751371 hasn't increased by 0 in 11 epochs
330/330 - 116s - loss: 0.1767 - accuracy: 0.6265 - 116s/epoch - 351ms/step
Validation cm: [[636  67  29   8]
 [ 37  31  10  14]
 [ 36   3  31   7]
 [ 45  21  43  21]]
Validation normalized_cm: [[0.859 0.091 0.039 0.011]
 [0.402 0.337 0.109 0.152]
 [0.468 0.039 0.403 0.091]
 [0.346 0.162 0.331 0.162]]
Validation acc: 0.6920115495668913
Validation class_accuracies: [0.8594594594594595, 0.33695652173913043, 0.4025974025974026, 0.16153846153846155]
Validation precision: None
Validation recall: None
Validation f1: None
Validation roc_auc: None
Validation avg_accuracy: 0.44013796133361355
Validation one_indexed_epoch: 6
Epoch 6/17
[[0. 0.]]
The validation tracker metric at 0.4615403544751371 hasn't increased by 0 in 12 epochs
Lr has been adjusted to 6.25000029685907e-05
330/330 - 117s - loss: 0.1766 - accuracy: 0.6301 - 117s/epoch - 353ms/step
Validation cm: [[635  69  28   8]
 [ 35  32  11  14]
 [ 36   3  31   7]
 [ 45  20  43  22]]
Validation normalized_cm: [[0.858 0.093 0.038 0.011]
 [0.38  0.348 0.12  0.152]
 [0.468 0.039 0.403 0.091]
 [0.346 0.154 0.331 0.169]]
Validation acc: 0.6929740134744947
Validation class_accuracies: [0.8581081081081081, 0.34782608695652173, 0.4025974025974026, 0.16923076923076924]
Validation precision: None
Validation recall: None
Validation f1: None
Validation roc_auc: None
Validation avg_accuracy: 0.44444059172320044
Validation one_indexed_epoch: 7
Epoch 7/17
[[0. 0.]]
The validation tracker metric at 0.4615403544751371 hasn't increased by 0 in 13 epochs
330/330 - 116s - loss: 0.1762 - accuracy: 0.6254 - 116s/epoch - 352ms/step
Validation cm: [[637  67  28   8]
 [ 37  31  10  14]
 [ 36   3  31   7]
 [ 46  21  42  21]]
Validation normalized_cm: [[0.861 0.091 0.038 0.011]
 [0.402 0.337 0.109 0.152]
 [0.468 0.039 0.403 0.091]
 [0.354 0.162 0.323 0.162]]
Validation acc: 0.6929740134744947
Validation class_accuracies: [0.8608108108108108, 0.33695652173913043, 0.4025974025974026, 0.16153846153846155]
Validation precision: None
Validation recall: None
Validation f1: None
Validation roc_auc: None
Validation avg_accuracy: 0.44047579917145135
Validation one_indexed_epoch: 8
Epoch 8/17
[[0. 0.]]
The validation tracker metric at 0.4615403544751371 hasn't increased by 0 in 14 epochs
330/330 - 115s - loss: 0.1761 - accuracy: 0.6329 - 115s/epoch - 349ms/step
Validation cm: [[636  67  29   8]
 [ 38  30  10  14]
 [ 36   3  31   7]
 [ 45  21  43  21]]
Validation normalized_cm: [[0.859 0.091 0.039 0.011]
 [0.413 0.326 0.109 0.152]
 [0.468 0.039 0.403 0.091]
 [0.346 0.162 0.331 0.162]]
Validation acc: 0.6910490856592878
Validation class_accuracies: [0.8594594594594595, 0.32608695652173914, 0.4025974025974026, 0.16153846153846155]
Validation precision: None
Validation recall: None
Validation f1: None
Validation roc_auc: None
Validation avg_accuracy: 0.4374205700292657
Validation one_indexed_epoch: 9
Epoch 9/17
[[0. 0.]]
The validation tracker metric at 0.4615403544751371 hasn't increased by 0 in 15 epochs
Lr has been adjusted to 3.125000148429535e-05
330/330 - 117s - loss: 0.1760 - accuracy: 0.6310 - 117s/epoch - 355ms/step
Validation cm: [[636  68  28   8]
 [ 37  31  10  14]
 [ 36   3  31   7]
 [ 46  21  42  21]]
Validation normalized_cm: [[0.859 0.092 0.038 0.011]
 [0.402 0.337 0.109 0.152]
 [0.468 0.039 0.403 0.091]
 [0.354 0.162 0.323 0.162]]
Validation acc: 0.6920115495668913
Validation class_accuracies: [0.8594594594594595, 0.33695652173913043, 0.4025974025974026, 0.16153846153846155]
Validation precision: None
Validation recall: None
Validation f1: None
Validation roc_auc: None
Validation avg_accuracy: 0.44013796133361355
Validation one_indexed_epoch: 10
Epoch 10/17
[[0. 0.]]
The validation tracker metric at 0.4615403544751371 hasn't increased by 0 in 16 epochs
330/330 - 117s - loss: 0.1759 - accuracy: 0.6301 - 117s/epoch - 355ms/step
Validation cm: [[635  69  28   8]
 [ 37  31  10  14]
 [ 36   3  31   7]
 [ 46  21  42  21]]
Validation normalized_cm: [[0.858 0.093 0.038 0.011]
 [0.402 0.337 0.109 0.152]
 [0.468 0.039 0.403 0.091]
 [0.354 0.162 0.323 0.162]]
Validation acc: 0.6910490856592878
Validation class_accuracies: [0.8581081081081081, 0.33695652173913043, 0.4025974025974026, 0.16153846153846155]
Validation precision: None
Validation recall: None
Validation f1: None
Validation roc_auc: None
Validation avg_accuracy: 0.4398001234957757
Validation one_indexed_epoch: 11
Epoch 11/17
[[0. 0.]]
The validation tracker metric at 0.4615403544751371 hasn't increased by 0 in 17 epochs
330/330 - 116s - loss: 0.1759 - accuracy: 0.6301 - 116s/epoch - 350ms/step
Validation cm: [[637  66  29   8]
 [ 37  31  10  14]
 [ 36   3  31   7]
 [ 46  21  42  21]]
Validation normalized_cm: [[0.861 0.089 0.039 0.011]
 [0.402 0.337 0.109 0.152]
 [0.468 0.039 0.403 0.091]
 [0.354 0.162 0.323 0.162]]
Validation acc: 0.6929740134744947
Validation class_accuracies: [0.8608108108108108, 0.33695652173913043, 0.4025974025974026, 0.16153846153846155]
Validation precision: None
Validation recall: None
Validation f1: None
Validation roc_auc: None
Validation avg_accuracy: 0.44047579917145135
Validation one_indexed_epoch: 12
Epoch 12/17
[[0. 0.]]
The validation tracker metric at 0.4615403544751371 hasn't increased by 0 in 18 epochs
Lr has been adjusted to 1.5625000742147677e-05
330/330 - 116s - loss: 0.1759 - accuracy: 0.6322 - 116s/epoch - 350ms/step
Validation cm: [[635  68  29   8]
 [ 37  31  10  14]
 [ 36   3  31   7]
 [ 46  21  42  21]]
Validation normalized_cm: [[0.858 0.092 0.039 0.011]
 [0.402 0.337 0.109 0.152]
 [0.468 0.039 0.403 0.091]
 [0.354 0.162 0.323 0.162]]
Validation acc: 0.6910490856592878
Validation class_accuracies: [0.8581081081081081, 0.33695652173913043, 0.4025974025974026, 0.16153846153846155]
Validation precision: None
Validation recall: None
Validation f1: None
Validation roc_auc: None
Validation avg_accuracy: 0.4398001234957757
Validation one_indexed_epoch: 13
Epoch 13/17
[[0. 0.]]
The validation tracker metric at 0.4615403544751371 hasn't increased by 0 in 19 epochs
330/330 - 117s - loss: 0.1757 - accuracy: 0.6310 - 117s/epoch - 356ms/step
Validation cm: [[635  68  29   8]
 [ 37  31  10  14]
 [ 36   3  31   7]
 [ 46  21  42  21]]
Validation normalized_cm: [[0.858 0.092 0.039 0.011]
 [0.402 0.337 0.109 0.152]
 [0.468 0.039 0.403 0.091]
 [0.354 0.162 0.323 0.162]]
Validation acc: 0.6910490856592878
Validation class_accuracies: [0.8581081081081081, 0.33695652173913043, 0.4025974025974026, 0.16153846153846155]
Validation precision: None
Validation recall: None
Validation f1: None
Validation roc_auc: None
Validation avg_accuracy: 0.4398001234957757
Validation one_indexed_epoch: 14
Epoch 14/17
[[0. 0.]]
The validation tracker metric at 0.4615403544751371 hasn't increased by 0 in 20 epochs
330/330 - 117s - loss: 0.1757 - accuracy: 0.6314 - 117s/epoch - 355ms/step
Validation cm: [[636  68  28   8]
 [ 37  31  10  14]
 [ 36   3  31   7]
 [ 46  21  42  21]]
Validation normalized_cm: [[0.859 0.092 0.038 0.011]
 [0.402 0.337 0.109 0.152]
 [0.468 0.039 0.403 0.091]
 [0.354 0.162 0.323 0.162]]
Validation acc: 0.6920115495668913
Validation class_accuracies: [0.8594594594594595, 0.33695652173913043, 0.4025974025974026, 0.16153846153846155]
Validation precision: None
Validation recall: None
Validation f1: None
Validation roc_auc: None
Validation avg_accuracy: 0.44013796133361355
Validation one_indexed_epoch: 15
Epoch 15/17
[[0. 0.]]
The validation tracker metric at 0.4615403544751371 hasn't increased by 0 in 21 epochs
Lr has been adjusted to 7.812500371073838e-06
330/330 - 116s - loss: 0.1757 - accuracy: 0.6286 - 116s/epoch - 351ms/step
Validation cm: [[635  68  29   8]
 [ 37  31  10  14]
 [ 36   3  31   7]
 [ 46  21  42  21]]
Validation normalized_cm: [[0.858 0.092 0.039 0.011]
 [0.402 0.337 0.109 0.152]
 [0.468 0.039 0.403 0.091]
 [0.354 0.162 0.323 0.162]]
Validation acc: 0.6910490856592878
Validation class_accuracies: [0.8581081081081081, 0.33695652173913043, 0.4025974025974026, 0.16153846153846155]
Validation precision: None
Validation recall: None
Validation f1: None
Validation roc_auc: None
Validation avg_accuracy: 0.4398001234957757
Validation one_indexed_epoch: 16
Epoch 16/17
[[0. 0.]]
The validation tracker metric at 0.4615403544751371 hasn't increased by 0 in 22 epochs
330/330 - 117s - loss: 0.1757 - accuracy: 0.6307 - 117s/epoch - 356ms/step
Validation cm: [[636  68  28   8]
 [ 37  31  10  14]
 [ 36   3  31   7]
 [ 46  21  42  21]]
Validation normalized_cm: [[0.859 0.092 0.038 0.011]
 [0.402 0.337 0.109 0.152]
 [0.468 0.039 0.403 0.091]
 [0.354 0.162 0.323 0.162]]
Validation acc: 0.6920115495668913
Validation class_accuracies: [0.8594594594594595, 0.33695652173913043, 0.4025974025974026, 0.16153846153846155]
Validation precision: None
Validation recall: None
Validation f1: None
Validation roc_auc: None
Validation avg_accuracy: 0.44013796133361355
Validation one_indexed_epoch: 17
Epoch 17/17
[[0. 0.]]
The validation tracker metric at 0.4615403544751371 hasn't increased by 0 in 23 epochs
330/330 - 118s - loss: 0.1757 - accuracy: 0.6316 - 118s/epoch - 357ms/step
----------------------------------
The best metrics for this job are: 

Best avg_accuracy: 0.4615403544751371
Best cm: [[594 113  25   8]
 [ 18  51   8  15]
 [ 30   7  27  13]
 [ 21  29  62  18]]
Best normalized_cm: [[0.803 0.153 0.034 0.011]
 [0.196 0.554 0.087 0.163]
 [0.39  0.091 0.351 0.169]
 [0.162 0.223 0.477 0.138]]
Best acc: 0.6641000962463908
Best class_accuracies: [0.8027027027027027, 0.5543478260869565, 0.35064935064935066, 0.13846153846153847]
Best precision: None
Best recall: None
Best f1: None
Best roc_auc: None
Best one_indexed_epoch: 2
/home/alirachidi/anaconda3/envs/LungSoundClass/lib/python3.7/site-packages/keras/optimizer_v2/adam.py:105: UserWarning: The `lr` argument is deprecated, use `learning_rate` instead.
  super(Adam, self).__init__(name, **kwargs)
/home/alirachidi/classification_algorithm/trainers/modules/main/global_helpers.py:48: UserWarning: Matplotlib is currently using agg, which is a non-GUI backend, so cannot show the figure.
  plt.show()
avg_accuracy
model
cm
normalized_cm
acc
class_accuracies
precision
recall
f1
roc_auc
one_indexed_epoch
