Tensorflow Version: 2.8.0
Num GPUs Available:  1
Collecting Variables...
All variables have been collected.
../cache/
cw
train188
Description:  effnet: kfold, mel, no normalizing, 1 optimizer w adaptive lr, overlap threshold = 0.3,
-----------------------
training parameters
[('cache_root', '../cache/'), ('data_root', '../data/'), ('jordan_root', '../data/jwyy9np4gv-3/'), ('icbhi_root', '../data/raw_audios/icbhi_preprocessed_v2_cleaned_8000/'), ('bd_root', '../data/PCV_SEGMENTED_Processed_Files/'), ('excel_path', '../data/Bangladesh_PCV_onlyStudyPatients.xlsx'), ('perch_root', '../data/raw_audios/perch_8000_10seconds'), ('ant_root', '../data/raw_audios/Antwerp_Clinical_Complete'), ('description', ' effnet: kfold, mel, no normalizing, 1 optimizer w adaptive lr, overlap threshold = 0.3,'), ('job_id', 0), ('mode', 'cw'), ('n_classes', 2), ('shape', (80, 500, 3)), ('n_epochs', 110), ('lr', 0.005), ('batch_size', 16), ('ll2_reg', 0), ('weight_decay', 0.01), ('label_smoothing', 0), ('epsilon', 1e-07), ('es_patience', 15), ('min_delta', 0), ('train_test_ratio', 0.8), ('kfold', False), ('clause', 0), ('epoch_start', 0), ('testing', 0), ('adaptive_lr', True), ('cuberooting', 1), ('normalizing', 1), ('class_weights', True), ('early_stopping', True), ('initial_channels', 1), ('factor', 0.5), ('lr_patience', 10), ('min_lr', 1e-05), ('sr', 4000), ('audio_length', 5), ('step_size', 2.5), ('n_fft', 1024), ('hop_length', 254), ('n_mels', 128), ('overlap_threshold', 0.3), ('trainable_fb', False), ('to_decibel', True), ('train_nn', False), ('train_mel', False), ('file_dir', '../cache/cw/train188'), ('n_sequences', 9), ('activate_spectral_loss', False), ('normalize', False), ('stacking', False), ('oversample', False), ('one_hot_encoding', False), ('activation', 'sigmoid'), ('n_filters', 80)]
Job id is 1.
Job dir: ../cache/cw/train188/1
- Loading Icbhi.
725 Icbhi audios have been loaded.
- Preparing Icbhi.
112 Icbhi groups of audio chunks (by filename or patients) have been prepared.
--- Samples are being split into training/val groups and de-grouped by patient ---
Job id is 2.
turning the kfold from 90/10 to 80/20
100
12
to
90
22
-----------------------
--- Final training dataset went from 0 to 3969 elements, with 1889 none's, 991 crakles, 597 wheezes and 492 both ---
--- Final Validation dataset contains 2096 elements, with 989 none, 843 crackles, 120 wheezes and 144 both ---
GPUs
['/device:GPU:0']
Initializing weights...
weights = {0: 0.5252779248279513, 1: 1.0012613521695257, 2: 1.6620603015075377, 3: 2.0167682926829267}
Model: "sequential"
_________________________________________________________________
 Layer (type)                Output Shape              Param #   
=================================================================
 resnet50 (Functional)       (None, 3, 16, 2048)       23587712  
                                                                 
 global_average_pooling2d (G  (None, 2048)             0         
 lobalAveragePooling2D)                                          
                                                                 
 dense (Dense)               (None, 100)               204900    
                                                                 
 dropout (Dropout)           (None, 100)               0         
                                                                 
 dense_1 (Dense)             (None, 50)                5050      
                                                                 
 dropout_1 (Dropout)         (None, 50)                0         
                                                                 
 dense_2 (Dense)             (None, 2)                 102       
                                                                 
=================================================================
Total params: 23,797,764
Trainable params: 23,744,644
Non-trainable params: 53,120
_________________________________________________________________
There is no such attribute
Model: "leaf_model9_model_efnet1"
______________________________________________________________________________________________________________
 Layer (type)                                    Output Shape                                Param #          
==============================================================================================================
 mel_filterbanks_1 (MelFilterbanks)              multiple                                    0 (unused)       
                                                                                                              
 sincnet (SincNet)                               multiple                                    0 (unused)       
                                                                                                              
 sequential (Sequential)                         (None, 2)                                   23797764         
                                                                                                              
 sincnet (SincNet)                               multiple                                    320              
                                                                                                              
==============================================================================================================
Total params: 23,798,246
Trainable params: 4,676,198
Non-trainable params: 19,122,048
______________________________________________________________________________________________________________
Target metric is icbhi_score
Epoch 1/110
WARNING:tensorflow:Gradients do not exist for variables ['kernel:0', 'Variable:0', 'Variable:0'] when minimizing the loss. If you're using `model.compile()`, did you forget to provide a `loss`argument?
WARNING:tensorflow:Gradients do not exist for variables ['kernel:0', 'Variable:0', 'Variable:0'] when minimizing the loss. If you're using `model.compile()`, did you forget to provide a `loss`argument?
WARNING:tensorflow:Gradients do not exist for variables ['kernel:0', 'Variable:0', 'Variable:0'] when minimizing the loss. If you're using `model.compile()`, did you forget to provide a `loss`argument?
WARNING:tensorflow:Gradients do not exist for variables ['kernel:0', 'Variable:0', 'Variable:0'] when minimizing the loss. If you're using `model.compile()`, did you forget to provide a `loss`argument?
Validation cm: [[  8 891  11  79]
 [  5 806   4  28]
 [  0  97  12  11]
 [  0 137   3   4]]
Validation val_loss: 0.6773824464273817
Validation normalized_cm: [[0.008 0.901 0.011 0.08 ]
 [0.006 0.956 0.005 0.033]
 [0.    0.808 0.1   0.092]
 [0.    0.951 0.021 0.028]]
Validation acc: 0.39599236641221375
Validation class_accuracies: [0.008088978766430738, 0.9561091340450771, 0.1, 0.027777777777777776]
Validation sensitivity: 0.7425474254742548
Validation specificity: 0.008088978766430738
Validation icbhi_score: 0.3753182021203428
Validation roc_auc: None
Validation avg_accuracy: 0.2729939726473214
Validation one_indexed_epoch: 1
-- New best results were achieved. --
249/249 - 163s - loss: 0.7085 - accuracy: 0.6707 - 163s/epoch - 655ms/step
Epoch 2/110
Validation cm: [[373 402  25 189]
 [383 356  26  78]
 [ 36  35  23  26]
 [ 67  55  14   8]]
Validation val_loss: 0.7073962732843827
Validation normalized_cm: [[0.377 0.406 0.025 0.191]
 [0.454 0.422 0.031 0.093]
 [0.3   0.292 0.192 0.217]
 [0.465 0.382 0.097 0.056]]
Validation acc: 0.36259541984732824
Validation class_accuracies: [0.37714863498483314, 0.4223013048635824, 0.19166666666666668, 0.05555555555555555]
Validation sensitivity: 0.34959349593495936
Validation specificity: 0.37714863498483314
Validation icbhi_score: 0.3633710654598963
Validation roc_auc: None
Validation avg_accuracy: 0.26166804051765946
Validation one_indexed_epoch: 2
The validation tracker metric at 0.3753182021203428 hasn't increased by 0 in 1 epochs
249/249 - 155s - loss: 0.6688 - accuracy: 0.7370 - 155s/epoch - 624ms/step
Epoch 3/110
Validation cm: [[893  17   4  75]
 [817   4   2  20]
 [ 96   3  11  10]
 [135   2   4   3]]
Validation val_loss: 0.6440780902786166
Validation normalized_cm: [[0.903 0.017 0.004 0.076]
 [0.969 0.005 0.002 0.024]
 [0.8   0.025 0.092 0.083]
 [0.938 0.014 0.028 0.021]]
Validation acc: 0.43463740458015265
Validation class_accuracies: [0.9029322548028311, 0.004744958481613286, 0.09166666666666666, 0.020833333333333332]
Validation sensitivity: 0.016260162601626018
Validation specificity: 0.9029322548028311
Validation icbhi_score: 0.45959620870222856
Validation roc_auc: None
Validation avg_accuracy: 0.2550443033211111
Validation one_indexed_epoch: 3
-- New best results were achieved. --
249/249 - 154s - loss: 0.6555 - accuracy: 0.7823 - 154s/epoch - 617ms/step
Epoch 4/110
Validation cm: [[610   3 330  46]
 [566   1 256  20]
 [ 38   0  80   2]
 [ 72   0  72   0]]
Validation val_loss: 0.722575631461867
Validation normalized_cm: [[0.617 0.003 0.334 0.047]
 [0.671 0.001 0.304 0.024]
 [0.317 0.    0.667 0.017]
 [0.5   0.    0.5   0.   ]]
Validation acc: 0.32967557251908397
Validation class_accuracies: [0.6167846309403437, 0.0011862396204033216, 0.6666666666666666, 0.0]
Validation sensitivity: 0.07317073170731707
Validation specificity: 0.6167846309403437
Validation icbhi_score: 0.3449776813238304
Validation roc_auc: None
Validation avg_accuracy: 0.3211593843068534
Validation one_indexed_epoch: 4
The validation tracker metric at 0.45959620870222856 hasn't increased by 0 in 1 epochs
249/249 - 155s - loss: 0.6527 - accuracy: 0.7904 - 155s/epoch - 621ms/step
Epoch 5/110
Validation cm: [[833  16  67  73]
 [771   3  50  19]
 [ 63   1  50   6]
 [117   0  27   0]]
Validation val_loss: 0.6434767371015125
Validation normalized_cm: [[0.842 0.016 0.068 0.074]
 [0.915 0.004 0.059 0.023]
 [0.525 0.008 0.417 0.05 ]
 [0.812 0.    0.188 0.   ]]
Validation acc: 0.42270992366412213
Validation class_accuracies: [0.8422649140546006, 0.0035587188612099642, 0.4166666666666667, 0.0]
Validation sensitivity: 0.04787714543812105
Validation specificity: 0.8422649140546006
Validation icbhi_score: 0.4450710297463608
Validation roc_auc: None
Validation avg_accuracy: 0.3156225748956193
Validation one_indexed_epoch: 5
The validation tracker metric at 0.45959620870222856 hasn't increased by 0 in 2 epochs
249/249 - 151s - loss: 0.6421 - accuracy: 0.7775 - 151s/epoch - 607ms/step
Epoch 6/110
Validation cm: [[852  32  24  81]
 [775  18  26  24]
 [ 84   0  20  16]
 [126   2  12   4]]
Validation val_loss: 0.6340049938121028
Validation normalized_cm: [[0.861 0.032 0.024 0.082]
 [0.919 0.021 0.031 0.028]
 [0.7   0.    0.167 0.133]
 [0.875 0.014 0.083 0.028]]
Validation acc: 0.4265267175572519
Validation class_accuracies: [0.8614762386248737, 0.021352313167259787, 0.16666666666666666, 0.027777777777777776]
Validation sensitivity: 0.037940379403794036
Validation specificity: 0.8614762386248737
Validation icbhi_score: 0.44970830901433384
Validation roc_auc: None
Validation avg_accuracy: 0.2693182490591445
Validation one_indexed_epoch: 6
The validation tracker metric at 0.45959620870222856 hasn't increased by 0 in 3 epochs
249/249 - 152s - loss: 0.6328 - accuracy: 0.7672 - 152s/epoch - 612ms/step
Epoch 7/110
Validation cm: [[861  22  36  70]
 [790   6  25  22]
 [ 90   5  14  11]
 [133   3   8   0]]
Validation val_loss: 0.6393931117619722
Validation normalized_cm: [[0.871 0.022 0.036 0.071]
 [0.937 0.007 0.03  0.026]
 [0.75  0.042 0.117 0.092]
 [0.924 0.021 0.056 0.   ]]
Validation acc: 0.42032442748091603
Validation class_accuracies: [0.8705763397371082, 0.0071174377224199285, 0.11666666666666667, 0.0]
Validation sensitivity: 0.018066847335140017
Validation specificity: 0.8705763397371082
Validation icbhi_score: 0.4443215935361241
Validation roc_auc: None
Validation avg_accuracy: 0.2485901110315487
Validation one_indexed_epoch: 7
The validation tracker metric at 0.45959620870222856 hasn't increased by 0 in 4 epochs
249/249 - 155s - loss: 0.6209 - accuracy: 0.7470 - 155s/epoch - 621ms/step
Epoch 8/110
Validation cm: [[906  12  11  60]
 [813   2   5  23]
 [ 99   0  15   6]
 [139   1   4   0]]
Validation val_loss: 0.6250790603501537
Validation normalized_cm: [[0.916 0.012 0.011 0.061]
 [0.964 0.002 0.006 0.027]
 [0.825 0.    0.125 0.05 ]
 [0.965 0.007 0.028 0.   ]]
Validation acc: 0.44036259541984735
Validation class_accuracies: [0.916076845298281, 0.002372479240806643, 0.125, 0.0]
Validation sensitivity: 0.015356820234869015
Validation specificity: 0.916076845298281
Validation icbhi_score: 0.46571683276657505
Validation roc_auc: None
Validation avg_accuracy: 0.2608623311347719
Validation one_indexed_epoch: 8
-- New best results were achieved. --
249/249 - 148s - loss: 0.6160 - accuracy: 0.7526 - 148s/epoch - 596ms/step
Epoch 9/110
Validation cm: [[186  11 755  37]
 [124  16 683  20]
 [  5   1 110   4]
 [  9   2 133   0]]
Validation val_loss: 1.1755436142652833
Validation normalized_cm: [[0.188 0.011 0.763 0.037]
 [0.147 0.019 0.81  0.024]
 [0.042 0.008 0.917 0.033]
 [0.062 0.014 0.924 0.   ]]
Validation acc: 0.14885496183206107
Validation class_accuracies: [0.18806875631951467, 0.018979833926453145, 0.9166666666666666, 0.0]
Validation sensitivity: 0.11382113821138211
Validation specificity: 0.18806875631951467
Validation icbhi_score: 0.15094494726544838
Validation roc_auc: None
Validation avg_accuracy: 0.28092881422815863
Validation one_indexed_epoch: 9
The validation tracker metric at 0.46571683276657505 hasn't increased by 0 in 1 epochs
249/249 - 143s - loss: 0.6076 - accuracy: 0.7735 - 143s/epoch - 572ms/step
Epoch 10/110
Validation cm: [[147 774  65   3]
 [ 85 733  22   3]
 [ 17  81  21   1]
 [ 13 123   8   0]]
Validation val_loss: 0.6008385103249225
Validation normalized_cm: [[0.149 0.783 0.066 0.003]
 [0.101 0.87  0.026 0.004]
 [0.142 0.675 0.175 0.008]
 [0.09  0.854 0.056 0.   ]]
Validation acc: 0.42986641221374045
Validation class_accuracies: [0.1486349848331648, 0.8695136417556346, 0.175, 0.0]
Validation sensitivity: 0.6811201445347786
Validation specificity: 0.1486349848331648
Validation icbhi_score: 0.41487756468397174
Validation roc_auc: None
Validation avg_accuracy: 0.29828715664719985
Validation one_indexed_epoch: 10
The validation tracker metric at 0.46571683276657505 hasn't increased by 0 in 2 epochs
249/249 - 144s - loss: 0.6034 - accuracy: 0.7680 - 144s/epoch - 577ms/step
Epoch 11/110
Validation cm: [[764 129  54  42]
 [651 133  31  28]
 [ 46  21  42  11]
 [ 96  26  17   5]]
Validation val_loss: 0.5844764085699812
Validation normalized_cm: [[0.772 0.13  0.055 0.042]
 [0.772 0.158 0.037 0.033]
 [0.383 0.175 0.35  0.092]
 [0.667 0.181 0.118 0.035]]
Validation acc: 0.45038167938931295
Validation class_accuracies: [0.7724974721941354, 0.15776986951364175, 0.35, 0.034722222222222224]
Validation sensitivity: 0.16260162601626016
Validation specificity: 0.7724974721941354
Validation icbhi_score: 0.4675495491051978
Validation roc_auc: None
Validation avg_accuracy: 0.32874739098249983
Validation one_indexed_epoch: 11
-- New best results were achieved. --
Mel loss: <tf.Variable 'Variable:0' shape=() dtype=float32, numpy=0.5>
sinc loss: <tf.Variable 'Variable:0' shape=() dtype=float32, numpy=0.5>
249/249 - 143s - loss: 0.5919 - accuracy: 0.7705 - 143s/epoch - 574ms/step
Epoch 12/110
Validation cm: [[ 97 836  18  38]
 [ 59 752  14  18]
 [ 11  83  22   4]
 [  8 130   6   0]]
Validation val_loss: 0.5867432522239121
Validation normalized_cm: [[0.098 0.845 0.018 0.038]
 [0.07  0.892 0.017 0.021]
 [0.092 0.692 0.183 0.033]
 [0.056 0.903 0.042 0.   ]]
Validation acc: 0.4155534351145038
Validation class_accuracies: [0.0980788675429727, 0.8920521945432978, 0.18333333333333332, 0.0]
Validation sensitivity: 0.6991869918699187
Validation specificity: 0.0980788675429727
Validation icbhi_score: 0.3986329297064457
Validation roc_auc: None
Validation avg_accuracy: 0.29336609885490095
Validation one_indexed_epoch: 12
The validation tracker metric at 0.4675495491051978 hasn't increased by 0 in 1 epochs
249/249 - 143s - loss: 0.5977 - accuracy: 0.7581 - 143s/epoch - 575ms/step
Epoch 13/110
Validation cm: [[235 444  31 279]
 [225 409  20 189]
 [  6  35  21  58]
 [ 11  64  12  57]]
Validation val_loss: 0.6459202587547648
Validation normalized_cm: [[0.238 0.449 0.031 0.282]
 [0.267 0.485 0.024 0.224]
 [0.05  0.292 0.175 0.483]
 [0.076 0.444 0.083 0.396]]
Validation acc: 0.34446564885496184
Validation class_accuracies: [0.23761375126390294, 0.4851720047449585, 0.175, 0.3958333333333333]
Validation sensitivity: 0.4399277326106594
Validation specificity: 0.23761375126390294
Validation icbhi_score: 0.3387707419372812
Validation roc_auc: None
Validation avg_accuracy: 0.32340477233554865
Validation one_indexed_epoch: 13
The validation tracker metric at 0.4675495491051978 hasn't increased by 0 in 2 epochs
249/249 - 143s - loss: 0.5720 - accuracy: 0.7453 - 143s/epoch - 576ms/step
Epoch 14/110
Validation cm: [[ 24 354  53 558]
 [  5 328  45 465]
 [  0  15  26  79]
 [  0  28  25  91]]
Validation val_loss: 0.7789292428429231
Validation normalized_cm: [[0.024 0.358 0.054 0.564]
 [0.006 0.389 0.053 0.552]
 [0.    0.125 0.217 0.658]
 [0.    0.194 0.174 0.632]]
Validation acc: 0.22375954198473283
Validation class_accuracies: [0.024266936299292215, 0.38908659549228947, 0.21666666666666667, 0.6319444444444444]
Validation sensitivity: 0.4019873532068654
Validation specificity: 0.024266936299292215
Validation icbhi_score: 0.2131271447530788
Validation roc_auc: None
Validation avg_accuracy: 0.3154911607256732
Validation one_indexed_epoch: 14
The validation tracker metric at 0.4675495491051978 hasn't increased by 0 in 3 epochs
249/249 - 143s - loss: 0.5810 - accuracy: 0.7581 - 143s/epoch - 575ms/step
Epoch 15/110
Validation cm: [[127 507  55 300]
 [ 64 479  55 245]
 [  4  25  35  56]
 [  5  52  28  59]]
Validation val_loss: 0.6577675560887419
Validation normalized_cm: [[0.128 0.513 0.056 0.303]
 [0.076 0.568 0.065 0.291]
 [0.033 0.208 0.292 0.467]
 [0.035 0.361 0.194 0.41 ]]
Validation acc: 0.33396946564885494
Validation class_accuracies: [0.12841253791708795, 0.5682087781731909, 0.2916666666666667, 0.4097222222222222]
Validation sensitivity: 0.5176151761517616
Validation specificity: 0.12841253791708795
Validation icbhi_score: 0.32301385703442476
Validation roc_auc: None
Validation avg_accuracy: 0.3495025512447919
Validation one_indexed_epoch: 15
The validation tracker metric at 0.4675495491051978 hasn't increased by 0 in 4 epochs
249/249 - 140s - loss: 0.5693 - accuracy: 0.7521 - 140s/epoch - 561ms/step
Epoch 16/110
Validation cm: [[409 538  24  18]
 [225 589  11  18]
 [ 15  83  16   6]
 [ 13 123   8   0]]
Validation val_loss: 0.5493912035172791
Validation normalized_cm: [[0.414 0.544 0.024 0.018]
 [0.267 0.699 0.013 0.021]
 [0.125 0.692 0.133 0.05 ]
 [0.09  0.854 0.056 0.   ]]
Validation acc: 0.48377862595419846
Validation class_accuracies: [0.41354903943377147, 0.6986951364175563, 0.13333333333333333, 0.0]
Validation sensitivity: 0.5465221318879856
Validation specificity: 0.41354903943377147
Validation icbhi_score: 0.48003558566087856
Validation roc_auc: None
Validation avg_accuracy: 0.31139437729616526
Validation one_indexed_epoch: 16
-- New best results were achieved. --
249/249 - 142s - loss: 0.5547 - accuracy: 0.7737 - 142s/epoch - 570ms/step
Epoch 17/110
Validation cm: [[346 568  47  28]
 [251 532  37  23]
 [ 17  53  43   7]
 [ 21  97  25   1]]
Validation val_loss: 0.5628778199249352
Validation normalized_cm: [[0.35  0.574 0.048 0.028]
 [0.298 0.631 0.044 0.027]
 [0.142 0.442 0.358 0.058]
 [0.146 0.674 0.174 0.007]]
Validation acc: 0.4398854961832061
Validation class_accuracies: [0.34984833164812945, 0.631079478054567, 0.35833333333333334, 0.006944444444444444]
Validation sensitivity: 0.5203252032520326
Validation specificity: 0.34984833164812945
Validation icbhi_score: 0.435086767450081
Validation roc_auc: None
Validation avg_accuracy: 0.33655139687011854
Validation one_indexed_epoch: 17
The validation tracker metric at 0.48003558566087856 hasn't increased by 0 in 1 epochs
249/249 - 144s - loss: 0.5483 - accuracy: 0.7770 - 144s/epoch - 577ms/step
Epoch 18/110
Validation cm: [[337 466 118  68]
 [203 511  78  51]
 [ 11  37  56  16]
 [ 13  81  37  13]]
Validation val_loss: 0.6269707441020478
Validation normalized_cm: [[0.341 0.471 0.119 0.069]
 [0.241 0.606 0.093 0.06 ]
 [0.092 0.308 0.467 0.133]
 [0.09  0.562 0.257 0.09 ]]
Validation acc: 0.4375
Validation class_accuracies: [0.34074823053589487, 0.6061684460260973, 0.4666666666666667, 0.09027777777777778]
Validation sensitivity: 0.5239385727190605
Validation specificity: 0.34074823053589487
Validation icbhi_score: 0.4323434016274777
Validation roc_auc: None
Validation avg_accuracy: 0.37596528025160914
Validation one_indexed_epoch: 18
The validation tracker metric at 0.48003558566087856 hasn't increased by 0 in 2 epochs
249/249 - 145s - loss: 0.5507 - accuracy: 0.7805 - 145s/epoch - 581ms/step
Epoch 19/110
Validation cm: [[171 653 132  33]
 [140 594  91  18]
 [ 18  35  64   3]
 [ 30  75  39   0]]
Validation val_loss: 0.6210681262184694
Validation normalized_cm: [[0.173 0.66  0.133 0.033]
 [0.166 0.705 0.108 0.021]
 [0.15  0.292 0.533 0.025]
 [0.208 0.521 0.271 0.   ]]
Validation acc: 0.3955152671755725
Validation class_accuracies: [0.17290192113245703, 0.7046263345195729, 0.5333333333333333, 0.0]
Validation sensitivity: 0.5943992773261066
Validation specificity: 0.17290192113245703
Validation icbhi_score: 0.38365059922928185
Validation roc_auc: None
Validation avg_accuracy: 0.3527153972463408
Validation one_indexed_epoch: 19
The validation tracker metric at 0.48003558566087856 hasn't increased by 0 in 3 epochs
249/249 - 145s - loss: 0.5439 - accuracy: 0.7826 - 145s/epoch - 582ms/step
Epoch 20/110
Validation cm: [[241 693   6  49]
 [131 680   4  28]
 [  8  85   3  24]
 [  9 128   2   5]]
Validation val_loss: 0.6055807460469144
Validation normalized_cm: [[0.244 0.701 0.006 0.05 ]
 [0.155 0.807 0.005 0.033]
 [0.067 0.708 0.025 0.2  ]
 [0.062 0.889 0.014 0.035]]
Validation acc: 0.44322519083969464
Validation class_accuracies: [0.243680485338726, 0.8066429418742586, 0.025, 0.034722222222222224]
Validation sensitivity: 0.6214995483288166
Validation specificity: 0.243680485338726
Validation icbhi_score: 0.4325900168337713
Validation roc_auc: None
Validation avg_accuracy: 0.2775114123588017
Validation one_indexed_epoch: 20
The validation tracker metric at 0.48003558566087856 hasn't increased by 0 in 4 epochs
249/249 - 144s - loss: 0.5363 - accuracy: 0.7871 - 144s/epoch - 578ms/step
Epoch 21/110
Validation cm: [[ 48 208  10 723]
 [ 14 213   8 608]
 [  0  11  13  96]
 [  0  21   8 115]]
Validation val_loss: 0.8407753625962855
Validation normalized_cm: [[0.049 0.21  0.01  0.731]
 [0.017 0.253 0.009 0.721]
 [0.    0.092 0.108 0.8  ]
 [0.    0.146 0.056 0.799]]
Validation acc: 0.1855916030534351
Validation class_accuracies: [0.04853387259858443, 0.2526690391459075, 0.10833333333333334, 0.7986111111111112]
Validation sensitivity: 0.3080397470641373
Validation specificity: 0.04853387259858443
Validation icbhi_score: 0.17828680983136086
Validation roc_auc: None
Validation avg_accuracy: 0.3020368390472341
Validation one_indexed_epoch: 21
The validation tracker metric at 0.48003558566087856 hasn't increased by 0 in 5 epochs
Mel loss: <tf.Variable 'Variable:0' shape=() dtype=float32, numpy=0.5>
sinc loss: <tf.Variable 'Variable:0' shape=() dtype=float32, numpy=0.5>
249/249 - 144s - loss: 0.5281 - accuracy: 0.7874 - 144s/epoch - 580ms/step
Epoch 22/110
Validation cm: [[178 793   2  16]
 [ 78 746   1  18]
 [  4 103   1  12]
 [  7 133   2   2]]
Validation val_loss: 0.5840227973953117
Validation normalized_cm: [[0.18  0.802 0.002 0.016]
 [0.093 0.885 0.001 0.021]
 [0.033 0.858 0.008 0.1  ]
 [0.049 0.924 0.014 0.014]]
Validation acc: 0.4422709923664122
Validation class_accuracies: [0.17997977755308392, 0.8849347568208779, 0.008333333333333333, 0.013888888888888888]
Validation sensitivity: 0.6766034327009937
Validation specificity: 0.17997977755308392
Validation icbhi_score: 0.4282916051270388
Validation roc_auc: None
Validation avg_accuracy: 0.271784189149046
Validation one_indexed_epoch: 22
The validation tracker metric at 0.48003558566087856 hasn't increased by 0 in 6 epochs
249/249 - 145s - loss: 0.5630 - accuracy: 0.7561 - 145s/epoch - 581ms/step
Epoch 23/110
Validation cm: [[491 199 135 164]
 [434 213  76 120]
 [ 24  18  32  46]
 [ 44  50  26  24]]
Validation val_loss: 0.6877430626582212
Validation normalized_cm: [[0.496 0.201 0.137 0.166]
 [0.515 0.253 0.09  0.142]
 [0.2   0.15  0.267 0.383]
 [0.306 0.347 0.181 0.167]]
Validation acc: 0.36259541984732824
Validation class_accuracies: [0.49646107178968657, 0.2526690391459075, 0.26666666666666666, 0.16666666666666666]
Validation sensitivity: 0.24299909665763325
Validation specificity: 0.49646107178968657
Validation icbhi_score: 0.36973008422365994
Validation roc_auc: None
Validation avg_accuracy: 0.29561586106723187
Validation one_indexed_epoch: 23
The validation tracker metric at 0.48003558566087856 hasn't increased by 0 in 7 epochs
249/249 - 145s - loss: 0.5162 - accuracy: 0.7732 - 145s/epoch - 583ms/step
Epoch 24/110
Validation cm: [[433 101 432  23]
 [398  46 381  18]
 [ 20   7  92   1]
 [ 52   8  84   0]]
Validation val_loss: 0.8479300923578846
Validation normalized_cm: [[0.438 0.102 0.437 0.023]
 [0.472 0.055 0.452 0.021]
 [0.167 0.058 0.767 0.008]
 [0.361 0.056 0.583 0.   ]]
Validation acc: 0.2724236641221374
Validation class_accuracies: [0.4378159757330637, 0.054567022538552785, 0.7666666666666667, 0.0]
Validation sensitivity: 0.12466124661246612
Validation specificity: 0.4378159757330637
Validation icbhi_score: 0.2812386111727649
Validation roc_auc: None
Validation avg_accuracy: 0.3147624162345708
Validation one_indexed_epoch: 24
The validation tracker metric at 0.48003558566087856 hasn't increased by 0 in 8 epochs
249/249 - 144s - loss: 0.5233 - accuracy: 0.7740 - 144s/epoch - 578ms/step
Epoch 25/110
Validation cm: [[ 92 815   2  80]
 [ 31 776   3  33]
 [  0  98   0  22]
 [  2 136   2   4]]
Validation val_loss: 0.665594375116452
Validation normalized_cm: [[0.093 0.824 0.002 0.081]
 [0.037 0.921 0.004 0.039]
 [0.    0.817 0.    0.183]
 [0.014 0.944 0.014 0.028]]
Validation acc: 0.41603053435114506
Validation class_accuracies: [0.09302325581395349, 0.9205219454329775, 0.0, 0.027777777777777776]
Validation sensitivity: 0.7046070460704607
Validation specificity: 0.09302325581395349
Validation icbhi_score: 0.3988151509422071
Validation roc_auc: None
Validation avg_accuracy: 0.2603307447561772
Validation one_indexed_epoch: 25
The validation tracker metric at 0.48003558566087856 hasn't increased by 0 in 9 epochs
249/249 - 145s - loss: 0.5065 - accuracy: 0.7677 - 145s/epoch - 581ms/step
Epoch 26/110
Validation cm: [[325 254 302 108]
 [304 270 208  61]
 [ 18  17  75  10]
 [ 29  50  57   8]]
Validation val_loss: 0.8868229862221229
Validation normalized_cm: [[0.329 0.257 0.305 0.109]
 [0.361 0.32  0.247 0.072]
 [0.15  0.142 0.625 0.083]
 [0.201 0.347 0.396 0.056]]
Validation acc: 0.3234732824427481
Validation class_accuracies: [0.32861476238624876, 0.3202846975088968, 0.625, 0.05555555555555555]
Validation sensitivity: 0.3188798554652213
Validation specificity: 0.32861476238624876
Validation icbhi_score: 0.323747308925735
Validation roc_auc: None
Validation avg_accuracy: 0.3323637538626753
Validation one_indexed_epoch: 26
The validation tracker metric at 0.48003558566087856 hasn't increased by 0 in 10 epochs
Lr has been adjusted to 0.0024999999441206455
249/249 - 145s - loss: 0.4922 - accuracy: 0.7707 - 145s/epoch - 583ms/step
Epoch 27/110
Validation cm: [[259 621  25  84]
 [112 659  16  56]
 [ 10  58   9  43]
 [ 12 110   9  13]]
Validation val_loss: 0.6288301996755208
Validation normalized_cm: [[0.262 0.628 0.025 0.085]
 [0.133 0.782 0.019 0.066]
 [0.083 0.483 0.075 0.358]
 [0.083 0.764 0.062 0.09 ]]
Validation acc: 0.4484732824427481
Validation class_accuracies: [0.26188068756319516, 0.7817319098457889, 0.075, 0.09027777777777778]
Validation sensitivity: 0.6151761517615176
Validation specificity: 0.26188068756319516
Validation icbhi_score: 0.4385284196623564
Validation roc_auc: None
Validation avg_accuracy: 0.3022225937966904
Validation one_indexed_epoch: 27
The validation tracker metric at 0.48003558566087856 hasn't increased by 0 in 11 epochs
249/249 - 145s - loss: 0.4543 - accuracy: 0.7959 - 145s/epoch - 583ms/step
Epoch 28/110
Validation cm: [[216 698   1  74]
 [ 88 712   2  41]
 [ 10  72   1  37]
 [ 11 122   2   9]]
Validation val_loss: 0.6349945719467603
Validation normalized_cm: [[0.218 0.706 0.001 0.075]
 [0.104 0.845 0.002 0.049]
 [0.083 0.6   0.008 0.308]
 [0.076 0.847 0.014 0.062]]
Validation acc: 0.44751908396946566
Validation class_accuracies: [0.21840242669362994, 0.8446026097271648, 0.008333333333333333, 0.0625]
Validation sensitivity: 0.6522131887985546
Validation specificity: 0.21840242669362994
Validation icbhi_score: 0.4353078077460923
Validation roc_auc: None
Validation avg_accuracy: 0.283459592438532
Validation one_indexed_epoch: 28
The validation tracker metric at 0.48003558566087856 hasn't increased by 0 in 12 epochs
249/249 - 145s - loss: 0.4327 - accuracy: 0.8037 - 145s/epoch - 581ms/step
Epoch 29/110
Validation cm: [[ 83 874   4  28]
 [ 20 802   0  21]
 [  3  82   7  28]
 [  7 123   5   9]]
Validation val_loss: 0.5478946308370765
Validation normalized_cm: [[0.084 0.884 0.004 0.028]
 [0.024 0.951 0.    0.025]
 [0.025 0.683 0.058 0.233]
 [0.049 0.854 0.035 0.062]]
Validation acc: 0.42986641221374045
Validation class_accuracies: [0.0839231547017189, 0.9513641755634639, 0.058333333333333334, 0.0625]
Validation sensitivity: 0.7389340560072267
Validation specificity: 0.0839231547017189
Validation icbhi_score: 0.4114286053544728
Validation roc_auc: None
Validation avg_accuracy: 0.28903016589962904
Validation one_indexed_epoch: 29
The validation tracker metric at 0.48003558566087856 hasn't increased by 0 in 13 epochs
249/249 - 146s - loss: 0.4318 - accuracy: 0.7977 - 146s/epoch - 585ms/step
Epoch 30/110
Validation cm: [[462 466  33  28]
 [364 437  23  19]
 [ 37  47  20  16]
 [ 44  86  10   4]]
Validation val_loss: 0.5701540280020736
Validation normalized_cm: [[0.467 0.471 0.033 0.028]
 [0.432 0.518 0.027 0.023]
 [0.308 0.392 0.167 0.133]
 [0.306 0.597 0.069 0.028]]
Validation acc: 0.44036259541984735
Validation class_accuracies: [0.4671385237613751, 0.5183867141162515, 0.16666666666666666, 0.027777777777777776]
Validation sensitivity: 0.4164408310749774
Validation specificity: 0.4671385237613751
Validation icbhi_score: 0.44178967741817626
Validation roc_auc: None
Validation avg_accuracy: 0.2949924205805177
Validation one_indexed_epoch: 30
The validation tracker metric at 0.48003558566087856 hasn't increased by 0 in 14 epochs
249/249 - 146s - loss: 0.4365 - accuracy: 0.7959 - 146s/epoch - 585ms/step
Epoch 31/110
Validation cm: [[398 400 140  51]
 [327 373 117  26]
 [ 27  27  51  15]
 [ 38  61  37   8]]
Validation val_loss: 0.6687771327761828
Validation normalized_cm: [[0.402 0.404 0.142 0.052]
 [0.388 0.442 0.139 0.031]
 [0.225 0.225 0.425 0.125]
 [0.264 0.424 0.257 0.056]]
Validation acc: 0.39599236641221375
Validation class_accuracies: [0.4024266936299292, 0.4424673784104389, 0.425, 0.05555555555555555]
Validation sensitivity: 0.3902439024390244
Validation specificity: 0.4024266936299292
Validation icbhi_score: 0.3963352980344768
Validation roc_auc: None
Validation avg_accuracy: 0.33136240689898094
Validation one_indexed_epoch: 31
The number of epochs since last 1% equals the patience
Mel loss: <tf.Variable 'Variable:0' shape=() dtype=float32, numpy=0.5>
sinc loss: <tf.Variable 'Variable:0' shape=() dtype=float32, numpy=0.5>
249/249 - 146s - loss: 0.4140 - accuracy: 0.8103 - 146s/epoch - 585ms/step
----------------------------------
The best metrics for this job are: 

Best icbhi_score: 0.48003558566087856
Best cm: [[409 538  24  18]
 [225 589  11  18]
 [ 15  83  16   6]
 [ 13 123   8   0]]
Best val_loss: 0.5493912035172791
Best normalized_cm: [[0.414 0.544 0.024 0.018]
 [0.267 0.699 0.013 0.021]
 [0.125 0.692 0.133 0.05 ]
 [0.09  0.854 0.056 0.   ]]
Best acc: 0.48377862595419846
Best class_accuracies: [0.41354903943377147, 0.6986951364175563, 0.13333333333333333, 0.0]
Best sensitivity: 0.5465221318879856
Best specificity: 0.41354903943377147
Best roc_auc: None
Best avg_accuracy: 0.31139437729616526
Best one_indexed_epoch: 16
icbhi_score
model
cm
val_loss
normalized_cm
acc
class_accuracies
sensitivity
specificity
roc_auc
avg_accuracy
one_indexed_epoch
25
25
Initial weights
[<tf.Variable 'kernel:0' shape=(80, 2) dtype=float32, numpy=
array([[  49.997,   23.221],
       [  73.225,   23.943],
       [  97.165,   24.683],
       [ 121.848,   25.448],
       [ 147.292,   26.235],
       [ 173.525,   27.046],
       [ 200.574,   27.885],
       [ 228.46 ,   28.75 ],
       [ 257.205,   29.639],
       [ 286.842,   30.555],
       [ 317.398,   31.501],
       [ 348.899,   32.477],
       [ 381.376,   33.481],
       [ 414.859,   34.519],
       [ 449.378,   35.588],
       [ 484.966,   36.69 ],
       [ 521.655,   37.827],
       [ 559.481,   38.997],
       [ 598.478,   40.205],
       [ 638.683,   41.449],
       [ 680.132,   42.732],
       [ 722.864,   44.056],
       [ 766.92 ,   45.42 ],
       [ 812.34 ,   46.826],
       [ 859.166,   48.276],
       [ 907.442,   49.771],
       [ 957.213,   51.312],
       [1008.525,   52.901],
       [1061.426,   54.539],
       [1115.964,   56.227],
       [1172.191,   57.968],
       [1230.159,   59.763],
       [1289.922,   61.613],
       [1351.536,   63.521],
       [1415.057,   65.488],
       [1480.545,   67.516],
       [1548.061,   69.606],
       [1617.667,   71.761],
       [1689.428,   73.983],
       [1763.411,   76.274],
       [1839.685,   78.636],
       [1918.321,   81.07 ],
       [1999.391,   83.581],
       [2082.971,   86.168],
       [2169.14 ,   88.836],
       [2257.976,   91.587],
       [2349.563,   94.423],
       [2443.986,   97.346],
       [2541.333,  100.36 ],
       [2641.693,  103.468],
       [2745.161,  106.672],
       [2851.833,  109.974],
       [2961.807,  113.38 ],
       [3075.187,  116.89 ],
       [3192.076,  120.509],
       [3312.586,  124.241],
       [3436.826,  128.087],
       [3564.914,  132.053],
       [3696.967,  136.142],
       [3833.109,  140.357],
       [3973.467,  144.703],
       [4118.17 ,  149.184],
       [4267.354,  153.803],
       [4421.157,  158.565],
       [4579.722,  163.475],
       [4743.196,  168.536],
       [4911.732,  173.755],
       [5085.487,  179.134],
       [5264.621,  184.681],
       [5449.302,  190.399],
       [5639.701,  196.294],
       [5835.996,  202.372],
       [6038.368,  208.638],
       [6247.006,  215.098],
       [6462.104,  221.758],
       [6683.863,  228.625],
       [6912.487,  235.703],
       [7148.191,  243.001],
       [7391.192,  250.525],
       [7641.718,  258.282]], dtype=float32)>, <tf.Variable 'sincnet/layer_normalization_1/gamma:0' shape=(80,) dtype=float32, numpy=
array([1.272, 1.171, 1.038, 0.969, 1.157, 1.048, 1.146, 0.955, 1.146,
       1.093, 1.211, 1.126, 1.207, 1.091, 1.124, 1.167, 1.183, 1.122,
       1.114, 1.16 , 1.183, 1.086, 1.145, 1.195, 1.161, 1.253, 1.137,
       1.176, 1.177, 1.099, 1.134, 1.263, 1.049, 1.104, 1.186, 1.02 ,
       1.058, 1.181, 1.164, 1.188, 1.063, 0.942, 1.078, 1.077, 0.902,
       0.966, 0.922, 1.019, 1.025, 1.05 , 1.044, 1.067, 1.225, 1.067,
       1.081, 1.119, 1.116, 1.096, 1.054, 1.014, 1.019, 1.012, 0.971,
       0.942, 0.91 , 0.954, 0.98 , 1.051, 1.023, 0.996, 0.988, 0.994,
       1.02 , 1.03 , 1.01 , 1.03 , 1.005, 1.049, 1.03 , 1.016],
      dtype=float32)>, <tf.Variable 'sincnet/layer_normalization_1/beta:0' shape=(80,) dtype=float32, numpy=
array([ 0.217,  0.094, -0.073, -0.068, -0.028, -0.037, -0.002, -0.096,
        0.035,  0.096,  0.062, -0.066, -0.02 , -0.176, -0.133, -0.19 ,
       -0.118,  0.098, -0.192,  0.055,  0.023,  0.064,  0.064,  0.14 ,
        0.137,  0.001,  0.109,  0.106, -0.01 ,  0.02 ,  0.005,  0.086,
       -0.032, -0.093, -0.009, -0.174, -0.137, -0.092,  0.022,  0.074,
       -0.006,  0.018, -0.125,  0.034, -0.039, -0.071, -0.028, -0.062,
       -0.006, -0.032, -0.021, -0.032, -0.021,  0.008, -0.019,  0.031,
       -0.055,  0.03 , -0.036, -0.03 ,  0.007, -0.003,  0.026, -0.015,
        0.055,  0.036,  0.086,  0.038,  0.006,  0.02 ,  0.033, -0.012,
        0.003, -0.018, -0.023, -0.06 ,  0.007, -0.084,  0.028,  0.029],
      dtype=float32)>]
Post training weights
[<tf.Variable 'kernel:0' shape=(80, 2) dtype=float32, numpy=
array([[  49.997,   23.221],
       [  73.225,   23.943],
       [  97.165,   24.683],
       [ 121.848,   25.448],
       [ 147.292,   26.235],
       [ 173.525,   27.046],
       [ 200.574,   27.885],
       [ 228.46 ,   28.75 ],
       [ 257.205,   29.639],
       [ 286.842,   30.555],
       [ 317.398,   31.501],
       [ 348.899,   32.477],
       [ 381.376,   33.481],
       [ 414.859,   34.519],
       [ 449.378,   35.588],
       [ 484.966,   36.69 ],
       [ 521.655,   37.827],
       [ 559.481,   38.997],
       [ 598.478,   40.205],
       [ 638.683,   41.449],
       [ 680.132,   42.732],
       [ 722.864,   44.056],
       [ 766.92 ,   45.42 ],
       [ 812.34 ,   46.826],
       [ 859.166,   48.276],
       [ 907.442,   49.771],
       [ 957.213,   51.312],
       [1008.525,   52.901],
       [1061.426,   54.539],
       [1115.964,   56.227],
       [1172.191,   57.968],
       [1230.159,   59.763],
       [1289.922,   61.613],
       [1351.536,   63.521],
       [1415.057,   65.488],
       [1480.545,   67.516],
       [1548.061,   69.606],
       [1617.667,   71.761],
       [1689.428,   73.983],
       [1763.411,   76.274],
       [1839.685,   78.636],
       [1918.321,   81.07 ],
       [1999.391,   83.581],
       [2082.971,   86.168],
       [2169.14 ,   88.836],
       [2257.976,   91.587],
       [2349.563,   94.423],
       [2443.986,   97.346],
       [2541.333,  100.36 ],
       [2641.693,  103.468],
       [2745.161,  106.672],
       [2851.833,  109.974],
       [2961.807,  113.38 ],
       [3075.187,  116.89 ],
       [3192.076,  120.509],
       [3312.586,  124.241],
       [3436.826,  128.087],
       [3564.914,  132.053],
       [3696.967,  136.142],
       [3833.109,  140.357],
       [3973.467,  144.703],
       [4118.17 ,  149.184],
       [4267.354,  153.803],
       [4421.157,  158.565],
       [4579.722,  163.475],
       [4743.196,  168.536],
       [4911.732,  173.755],
       [5085.487,  179.134],
       [5264.621,  184.681],
       [5449.302,  190.399],
       [5639.701,  196.294],
       [5835.996,  202.372],
       [6038.368,  208.638],
       [6247.006,  215.098],
       [6462.104,  221.758],
       [6683.863,  228.625],
       [6912.487,  235.703],
       [7148.191,  243.001],
       [7391.192,  250.525],
       [7641.718,  258.282]], dtype=float32)>, <tf.Variable 'sincnet/layer_normalization_1/gamma:0' shape=(80,) dtype=float32, numpy=
array([1.272, 1.171, 1.038, 0.969, 1.157, 1.048, 1.146, 0.955, 1.146,
       1.093, 1.211, 1.126, 1.207, 1.091, 1.124, 1.167, 1.183, 1.122,
       1.114, 1.16 , 1.183, 1.086, 1.145, 1.195, 1.161, 1.253, 1.137,
       1.176, 1.177, 1.099, 1.134, 1.263, 1.049, 1.104, 1.186, 1.02 ,
       1.058, 1.181, 1.164, 1.188, 1.063, 0.942, 1.078, 1.077, 0.902,
       0.966, 0.922, 1.019, 1.025, 1.05 , 1.044, 1.067, 1.225, 1.067,
       1.081, 1.119, 1.116, 1.096, 1.054, 1.014, 1.019, 1.012, 0.971,
       0.942, 0.91 , 0.954, 0.98 , 1.051, 1.023, 0.996, 0.988, 0.994,
       1.02 , 1.03 , 1.01 , 1.03 , 1.005, 1.049, 1.03 , 1.016],
      dtype=float32)>, <tf.Variable 'sincnet/layer_normalization_1/beta:0' shape=(80,) dtype=float32, numpy=
array([ 0.217,  0.094, -0.073, -0.068, -0.028, -0.037, -0.002, -0.096,
        0.035,  0.096,  0.062, -0.066, -0.02 , -0.176, -0.133, -0.19 ,
       -0.118,  0.098, -0.192,  0.055,  0.023,  0.064,  0.064,  0.14 ,
