Tensorflow Version: 2.8.0
Num GPUs Available:  1
Collecting Variables...
All variables have been collected.
../cache/
cw
train190
Description:  effnet: kfold, mel, no normalizing, 1 optimizer w adaptive lr, overlap threshold = 0.3,
-----------------------
training parameters
[('cache_root', '../cache/'), ('data_root', '../data/'), ('jordan_root', '../data/jwyy9np4gv-3/'), ('icbhi_root', '../data/raw_audios/icbhi_preprocessed_v2_cleaned_8000/'), ('bd_root', '../data/PCV_SEGMENTED_Processed_Files/'), ('excel_path', '../data/Bangladesh_PCV_onlyStudyPatients.xlsx'), ('perch_root', '../data/raw_audios/perch_8000_10seconds'), ('ant_root', '../data/raw_audios/Antwerp_Clinical_Complete'), ('description', ' effnet: kfold, mel, no normalizing, 1 optimizer w adaptive lr, overlap threshold = 0.3,'), ('job_id', 0), ('mode', 'cw'), ('n_classes', 2), ('shape', (80, 500, 3)), ('n_epochs', 110), ('lr', 0.005), ('batch_size', 16), ('ll2_reg', 0), ('weight_decay', 0.01), ('label_smoothing', 0), ('epsilon', 1e-07), ('es_patience', 20), ('min_delta', 0), ('train_test_ratio', 0.8), ('kfold', False), ('clause', 0), ('epoch_start', 0), ('testing', 0), ('adaptive_lr', True), ('cuberooting', 1), ('normalizing', 1), ('class_weights', True), ('early_stopping', True), ('initial_channels', 1), ('factor', 0.5), ('lr_patience', 10), ('min_lr', 1e-05), ('sr', 4000), ('audio_length', 5), ('step_size', 2.5), ('n_fft', 1024), ('hop_length', 254), ('n_mels', 128), ('overlap_threshold', 0.3), ('trainable_fb', False), ('to_decibel', True), ('train_nn', False), ('train_mel', False), ('file_dir', '../cache/cw/train190'), ('n_sequences', 9), ('activate_spectral_loss', False), ('normalize', False), ('stacking', False), ('oversample', False), ('one_hot_encoding', False), ('activation', 'sigmoid'), ('n_filters', 80)]
Job id is 1.
Job dir: ../cache/cw/train190/1
- Loading Icbhi.
725 Icbhi audios have been loaded.
- Preparing Icbhi.
112 Icbhi groups of audio chunks (by filename or patients) have been prepared.
--- Samples are being split into training/val groups and de-grouped by patient ---
Job id is 2.
turning the kfold from 90/10 to 80/20
100
12
to
90
22
-----------------------
--- Final training dataset went from 0 to 3969 elements, with 1889 none's, 991 crakles, 597 wheezes and 492 both ---
--- Final Validation dataset contains 2096 elements, with 989 none, 843 crackles, 120 wheezes and 144 both ---
GPUs
['/device:GPU:0']
Initializing weights...
weights = {0: 0.5252779248279513, 1: 1.0012613521695257, 2: 1.6620603015075377, 3: 2.0167682926829267}
Model: "sequential"
_________________________________________________________________
 Layer (type)                Output Shape              Param #   
=================================================================
 resnet50 (Functional)       (None, 3, 16, 2048)       23587712  
                                                                 
 global_average_pooling2d (G  (None, 2048)             0         
 lobalAveragePooling2D)                                          
                                                                 
 dense (Dense)               (None, 100)               204900    
                                                                 
 dropout (Dropout)           (None, 100)               0         
                                                                 
 dense_1 (Dense)             (None, 50)                5050      
                                                                 
 dropout_1 (Dropout)         (None, 50)                0         
                                                                 
 dense_2 (Dense)             (None, 2)                 102       
                                                                 
=================================================================
Total params: 23,797,764
Trainable params: 23,744,644
Non-trainable params: 53,120
_________________________________________________________________
There is no such attribute
Model: "leaf_model9_model_efnet1"
______________________________________________________________________________________________________________
 Layer (type)                                    Output Shape                                Param #          
==============================================================================================================
 mel_filterbanks (MelFilterbanks)                multiple                                    0                
                                                                                                              
 mel_filterbanks_1 (MelFilterbanks)              multiple                                    0 (unused)       
                                                                                                              
 sincnet (SincNet)                               multiple                                    0 (unused)       
                                                                                                              
 sequential (Sequential)                         (None, 2)                                   23797764         
                                                                                                              
==============================================================================================================
Total params: 23,797,926
Trainable params: 23,744,806
Non-trainable params: 53,120
______________________________________________________________________________________________________________
Model: "sequential_1"
_________________________________________________________________
 Layer (type)                Output Shape              Param #   
=================================================================
 resnet50 (Functional)       (None, 3, 16, 2048)       23587712  
                                                                 
 global_average_pooling2d_1   (None, 2048)             0         
 (GlobalAveragePooling2D)                                        
                                                                 
 dense_3 (Dense)             (None, 100)               204900    
                                                                 
 dropout_2 (Dropout)         (None, 100)               0         
                                                                 
 dense_4 (Dense)             (None, 50)                5050      
                                                                 
 dropout_3 (Dropout)         (None, 50)                0         
                                                                 
 dense_5 (Dense)             (None, 2)                 102       
                                                                 
=================================================================
Total params: 23,797,764
Trainable params: 23,744,644
Non-trainable params: 53,120
_________________________________________________________________
Model: "leaf_model9_model_efnet1_1"
______________________________________________________________________________________________________________
 Layer (type)                                    Output Shape                                Param #          
==============================================================================================================
 sincnet (SincNet)                               multiple                                    320              
                                                                                                              
 mel_filterbanks_2 (MelFilterbanks)              multiple                                    0 (unused)       
                                                                                                              
 sincnet (SincNet)                               multiple                                    0 (unused)       
                                                                                                              
 sequential_1 (Sequential)                       (None, 2)                                   23797764         
                                                                                                              
==============================================================================================================
Total params: 23,798,246
Trainable params: 23,745,126
Non-trainable params: 53,120
______________________________________________________________________________________________________________
Target metric is icbhi_score
Epoch 1/110
WARNING:tensorflow:Gradients do not exist for variables ['kernel:0', 'Variable:0', 'Variable:0'] when minimizing the loss. If you're using `model.compile()`, did you forget to provide a `loss`argument?
WARNING:tensorflow:Gradients do not exist for variables ['kernel:0', 'Variable:0', 'Variable:0'] when minimizing the loss. If you're using `model.compile()`, did you forget to provide a `loss`argument?
WARNING:tensorflow:Gradients do not exist for variables ['kernel:0', 'Variable:0', 'Variable:0'] when minimizing the loss. If you're using `model.compile()`, did you forget to provide a `loss`argument?
WARNING:tensorflow:Gradients do not exist for variables ['kernel:0', 'Variable:0', 'Variable:0'] when minimizing the loss. If you're using `model.compile()`, did you forget to provide a `loss`argument?
Validation cm: [[195 761   1  32]
 [ 53 779   0  11]
 [  4 112   0   4]
 [  5 139   0   0]]
Validation val_loss: 0.0
Validation normalized_cm: [[0.197 0.769 0.001 0.032]
 [0.063 0.924 0.    0.013]
 [0.033 0.933 0.    0.033]
 [0.035 0.965 0.    0.   ]]
Validation acc: 0.46469465648854963
Validation class_accuracies: [0.19716885743174925, 0.9240806642941874, 0.0, 0.0]
Validation sensitivity: 0.7037037037037037
Validation specificity: 0.19716885743174925
Validation icbhi_score: 0.4504362805677265
Validation roc_auc: None
Validation avg_accuracy: 0.28031238043148415
Validation one_indexed_epoch: 1
-- New best results were achieved. --
249/249 - 154s - accuracy: 0.6316 - student_loss: 0.8999 - distillation_loss: 0.0021 - val_accuracy: 0.9218 - val_student_loss: 0.5351 - 154s/epoch - 617ms/step
Epoch 2/110
Validation cm: [[798 187   0   4]
 [579 249   0  15]
 [106  14   0   0]
 [117  27   0   0]]
Validation val_loss: 0.0
Validation normalized_cm: [[0.807 0.189 0.    0.004]
 [0.687 0.295 0.    0.018]
 [0.883 0.117 0.    0.   ]
 [0.812 0.188 0.    0.   ]]
Validation acc: 0.49952290076335876
Validation class_accuracies: [0.8068756319514662, 0.29537366548042704, 0.0, 0.0]
Validation sensitivity: 0.22493224932249323
Validation specificity: 0.8068756319514662
Validation icbhi_score: 0.5159039406369796
Validation roc_auc: None
Validation avg_accuracy: 0.2755623243579733
Validation one_indexed_epoch: 2
-- New best results were achieved. --
249/249 - 146s - accuracy: 0.7072 - student_loss: 0.4917 - distillation_loss: -1.4911e-02 - val_accuracy: 0.8387 - val_student_loss: 0.6521 - 146s/epoch - 588ms/step
Epoch 3/110
Validation cm: [[406 582   0   1]
 [253 588   0   2]
 [ 20 100   0   0]
 [ 30 114   0   0]]
Validation val_loss: 0.0
Validation normalized_cm: [[0.411 0.588 0.    0.001]
 [0.3   0.698 0.    0.002]
 [0.167 0.833 0.    0.   ]
 [0.208 0.792 0.    0.   ]]
Validation acc: 0.47423664122137404
Validation class_accuracies: [0.41051567239635994, 0.697508896797153, 0.0, 0.0]
Validation sensitivity: 0.5311653116531165
Validation specificity: 0.41051567239635994
Validation icbhi_score: 0.4708404920247382
Validation roc_auc: None
Validation avg_accuracy: 0.2770061422983782
Validation one_indexed_epoch: 3
The validation tracker metric at 0.5159039406369796 hasn't increased by 0 in 1 epochs
249/249 - 142s - accuracy: 0.7470 - student_loss: 0.8641 - distillation_loss: 0.0229 - val_accuracy: 0.8812 - val_student_loss: 0.5278 - 142s/epoch - 571ms/step
Epoch 4/110
Validation cm: [[837  82   4  66]
 [760  58   3  22]
 [ 99   6   9   6]
 [125  16   3   0]]
Validation val_loss: 0.0
Validation normalized_cm: [[0.846 0.083 0.004 0.067]
 [0.902 0.069 0.004 0.026]
 [0.825 0.05  0.075 0.05 ]
 [0.868 0.111 0.021 0.   ]]
Validation acc: 0.4312977099236641
Validation class_accuracies: [0.846309403437816, 0.06880189798339265, 0.075, 0.0]
Validation sensitivity: 0.06052393857271906
Validation specificity: 0.846309403437816
Validation icbhi_score: 0.45341667100526756
Validation roc_auc: None
Validation avg_accuracy: 0.24752782535530216
Validation one_indexed_epoch: 4
The validation tracker metric at 0.5159039406369796 hasn't increased by 0 in 2 epochs
249/249 - 144s - accuracy: 0.7629 - student_loss: 0.9523 - distillation_loss: 0.0124 - val_accuracy: 0.8688 - val_student_loss: 0.5170 - 144s/epoch - 578ms/step
Epoch 5/110
Validation cm: [[506 405   3  75]
 [354 457   2  30]
 [ 19  64   3  34]
 [ 37 101   2   4]]
Validation val_loss: 0.0
Validation normalized_cm: [[0.512 0.41  0.003 0.076]
 [0.42  0.542 0.002 0.036]
 [0.158 0.533 0.025 0.283]
 [0.257 0.701 0.014 0.028]]
Validation acc: 0.4627862595419847
Validation class_accuracies: [0.5116279069767442, 0.5421115065243179, 0.025, 0.027777777777777776]
Validation sensitivity: 0.41915085817524844
Validation specificity: 0.5116279069767442
Validation icbhi_score: 0.4653893825759963
Validation roc_auc: None
Validation avg_accuracy: 0.2766292978197099
Validation one_indexed_epoch: 5
The validation tracker metric at 0.5159039406369796 hasn't increased by 0 in 3 epochs
249/249 - 157s - accuracy: 0.7629 - student_loss: 0.4956 - distillation_loss: 0.0053 - val_accuracy: 0.9251 - val_student_loss: 0.2617 - 157s/epoch - 632ms/step
Epoch 6/110
Validation cm: [[484 367  40  98]
 [338 436  19  50]
 [ 19  30  52  19]
 [ 34  84  16  10]]
Validation val_loss: 0.0
Validation normalized_cm: [[0.489 0.371 0.04  0.099]
 [0.401 0.517 0.023 0.059]
 [0.158 0.25  0.433 0.158]
 [0.236 0.583 0.111 0.069]]
Validation acc: 0.4685114503816794
Validation class_accuracies: [0.48938321536905965, 0.5172004744958482, 0.43333333333333335, 0.06944444444444445]
Validation sensitivity: 0.44986449864498645
Validation specificity: 0.48938321536905965
Validation icbhi_score: 0.469623857007023
Validation roc_auc: None
Validation avg_accuracy: 0.3773403669106714
Validation one_indexed_epoch: 6
The validation tracker metric at 0.5159039406369796 hasn't increased by 0 in 4 epochs
249/249 - 159s - accuracy: 0.7790 - student_loss: 1.1112 - distillation_loss: 0.0320 - val_accuracy: 0.8664 - val_student_loss: 0.3637 - 159s/epoch - 640ms/step
Epoch 7/110
Validation cm: [[577 301  28  83]
 [415 366  13  49]
 [ 22  34  36  28]
 [ 39  68  11  26]]
Validation val_loss: 0.0
Validation normalized_cm: [[0.583 0.304 0.028 0.084]
 [0.492 0.434 0.015 0.058]
 [0.183 0.283 0.3   0.233]
 [0.271 0.472 0.076 0.181]]
Validation acc: 0.4794847328244275
Validation class_accuracies: [0.583417593528817, 0.43416370106761565, 0.3, 0.18055555555555555]
Validation sensitivity: 0.3866305329719964
Validation specificity: 0.583417593528817
Validation icbhi_score: 0.4850240632504067
Validation roc_auc: None
Validation avg_accuracy: 0.37453421253799707
Validation one_indexed_epoch: 7
The validation tracker metric at 0.5159039406369796 hasn't increased by 0 in 5 epochs
249/249 - 150s - accuracy: 0.7871 - student_loss: 0.3603 - distillation_loss: -1.3793e-02 - val_accuracy: 0.9027 - val_student_loss: 0.4193 - 150s/epoch - 604ms/step
Epoch 8/110
Validation cm: [[600 296  24  69]
 [337 471   5  30]
 [ 39  32  29  20]
 [ 37  93   8   6]]
Validation val_loss: 0.0
Validation normalized_cm: [[0.607 0.299 0.024 0.07 ]
 [0.4   0.559 0.006 0.036]
 [0.325 0.267 0.242 0.167]
 [0.257 0.646 0.056 0.042]]
Validation acc: 0.5276717557251909
Validation class_accuracies: [0.6066734074823054, 0.5587188612099644, 0.24166666666666667, 0.041666666666666664]
Validation sensitivity: 0.45709123757904246
Validation specificity: 0.6066734074823054
Validation icbhi_score: 0.5318823225306739
Validation roc_auc: None
Validation avg_accuracy: 0.3621814005064008
Validation one_indexed_epoch: 8
-- New best results were achieved. --
249/249 - 152s - accuracy: 0.8022 - student_loss: 0.5444 - distillation_loss: 0.0013 - val_accuracy: 0.9084 - val_student_loss: 0.3309 - 152s/epoch - 610ms/step
Epoch 9/110
Validation cm: [[647 273  23  46]
 [467 351   4  21]
 [ 34  31  29  26]
 [ 63  73   7   1]]
Validation val_loss: 0.0
Validation normalized_cm: [[0.654 0.276 0.023 0.047]
 [0.554 0.416 0.005 0.025]
 [0.283 0.258 0.242 0.217]
 [0.438 0.507 0.049 0.007]]
Validation acc: 0.4904580152671756
Validation class_accuracies: [0.654196157735086, 0.41637010676156583, 0.24166666666666667, 0.006944444444444444]
Validation sensitivity: 0.34417344173441733
Validation specificity: 0.654196157735086
Validation icbhi_score: 0.49918479973475166
Validation roc_auc: None
Validation avg_accuracy: 0.32979434390194073
Validation one_indexed_epoch: 9
The validation tracker metric at 0.5318823225306739 hasn't increased by 0 in 1 epochs
249/249 - 152s - accuracy: 0.8118 - student_loss: 0.3978 - distillation_loss: -9.9791e-03 - val_accuracy: 0.9284 - val_student_loss: 0.3058 - 152s/epoch - 609ms/step
Epoch 10/110
Validation cm: [[601 367  12   9]
 [384 444   5  10]
 [ 55  50   4  11]
 [ 58  82   4   0]]
Validation val_loss: 0.0
Validation normalized_cm: [[0.608 0.371 0.012 0.009]
 [0.456 0.527 0.006 0.012]
 [0.458 0.417 0.033 0.092]
 [0.403 0.569 0.028 0.   ]]
Validation acc: 0.5004770992366412
Validation class_accuracies: [0.6076845298281092, 0.5266903914590747, 0.03333333333333333, 0.0]
Validation sensitivity: 0.4046973803071364
Validation specificity: 0.6076845298281092
Validation icbhi_score: 0.5061909550676228
Validation roc_auc: None
Validation avg_accuracy: 0.2919270636551293
Validation one_indexed_epoch: 10
The validation tracker metric at 0.5318823225306739 hasn't increased by 0 in 2 epochs
249/249 - 153s - accuracy: 0.8171 - student_loss: 0.3074 - distillation_loss: -4.3529e-03 - val_accuracy: 0.9303 - val_student_loss: 0.3329 - 153s/epoch - 615ms/step
Epoch 11/110
Validation cm: [[620 168 112  89]
 [475 221  51  96]
 [ 27  10  60  23]
 [ 66  27  31  20]]
Validation val_loss: 0.0
Validation normalized_cm: [[0.627 0.17  0.113 0.09 ]
 [0.563 0.262 0.06  0.114]
 [0.225 0.083 0.5   0.192]
 [0.458 0.188 0.215 0.139]]
Validation acc: 0.43940839694656486
Validation class_accuracies: [0.6268958543983822, 0.26215895610913403, 0.5, 0.1388888888888889]
Validation sensitivity: 0.2719060523938573
Validation specificity: 0.6268958543983822
Validation icbhi_score: 0.44940095339611974
Validation roc_auc: None
Validation avg_accuracy: 0.38198592484910127
Validation one_indexed_epoch: 11
The validation tracker metric at 0.5318823225306739 hasn't increased by 0 in 3 epochs
249/249 - 154s - accuracy: 0.8294 - student_loss: 0.1708 - distillation_loss: -7.4220e-03 - val_accuracy: 0.7743 - val_student_loss: 1.2051 - 154s/epoch - 619ms/step
Epoch 12/110
Validation cm: [[882  67  22  18]
 [750  61  11  21]
 [ 75   8  27  10]
 [130   4  10   0]]
Validation val_loss: 0.0
Validation normalized_cm: [[0.892 0.068 0.022 0.018]
 [0.89  0.072 0.013 0.025]
 [0.625 0.067 0.225 0.083]
 [0.903 0.028 0.069 0.   ]]
Validation acc: 0.4627862595419847
Validation class_accuracies: [0.8918099089989889, 0.07236061684460261, 0.225, 0.0]
Validation sensitivity: 0.07949412827461608
Validation specificity: 0.8918099089989889
Validation icbhi_score: 0.4856520186368025
Validation roc_auc: None
Validation avg_accuracy: 0.2972926314608979
Validation one_indexed_epoch: 12
The validation tracker metric at 0.5318823225306739 hasn't increased by 0 in 4 epochs
249/249 - 155s - accuracy: 0.8370 - student_loss: 0.7089 - distillation_loss: 0.0101 - val_accuracy: 0.9046 - val_student_loss: 1.6380 - 155s/epoch - 622ms/step
Epoch 13/110
Validation cm: [[377 478  49  85]
 [197 588  15  43]
 [ 19  41  18  42]
 [ 21 106   4  13]]
Validation val_loss: 0.0
Validation normalized_cm: [[0.381 0.483 0.05  0.086]
 [0.234 0.698 0.018 0.051]
 [0.158 0.342 0.15  0.35 ]
 [0.146 0.736 0.028 0.09 ]]
Validation acc: 0.4751908396946565
Validation class_accuracies: [0.38119312436804853, 0.697508896797153, 0.15, 0.09027777777777778]
Validation sensitivity: 0.5591689250225835
Validation specificity: 0.38119312436804853
Validation icbhi_score: 0.47018102469531603
Validation roc_auc: None
Validation avg_accuracy: 0.32974494973574475
Validation one_indexed_epoch: 13
The validation tracker metric at 0.5318823225306739 hasn't increased by 0 in 5 epochs
249/249 - 158s - accuracy: 0.8430 - student_loss: 1.1300 - distillation_loss: 0.0165 - val_accuracy: 0.8850 - val_student_loss: 0.3067 - 158s/epoch - 634ms/step
Epoch 14/110
Validation cm: [[531 373  32  53]
 [341 443  16  43]
 [ 39  39  12  30]
 [ 59  67   6  12]]
Validation val_loss: 0.0
Validation normalized_cm: [[0.537 0.377 0.032 0.054]
 [0.405 0.526 0.019 0.051]
 [0.325 0.325 0.1   0.25 ]
 [0.41  0.465 0.042 0.083]]
Validation acc: 0.4761450381679389
Validation class_accuracies: [0.5369059656218402, 0.5255041518386714, 0.1, 0.08333333333333333]
Validation sensitivity: 0.4218608852755194
Validation specificity: 0.5369059656218402
Validation icbhi_score: 0.47938342544867985
Validation roc_auc: None
Validation avg_accuracy: 0.31143586269846124
Validation one_indexed_epoch: 14
The validation tracker metric at 0.5318823225306739 hasn't increased by 0 in 6 epochs
249/249 - 154s - accuracy: 0.8435 - student_loss: 0.1280 - distillation_loss: -5.5524e-03 - val_accuracy: 0.8898 - val_student_loss: 0.1792 - 154s/epoch - 617ms/step
Epoch 15/110
Validation cm: [[476 393  31  89]
 [319 441  21  62]
 [ 27  22  29  42]
 [ 41  81   6  16]]
Validation val_loss: 0.0
Validation normalized_cm: [[0.481 0.397 0.031 0.09 ]
 [0.378 0.523 0.025 0.074]
 [0.225 0.183 0.242 0.35 ]
 [0.285 0.562 0.042 0.111]]
Validation acc: 0.45896946564885494
Validation class_accuracies: [0.48129423660262893, 0.5231316725978647, 0.24166666666666667, 0.1111111111111111]
Validation sensitivity: 0.43902439024390244
Validation specificity: 0.48129423660262893
Validation icbhi_score: 0.46015931342326566
Validation roc_auc: None
Validation avg_accuracy: 0.3393009217445679
Validation one_indexed_epoch: 15
The validation tracker metric at 0.5318823225306739 hasn't increased by 0 in 7 epochs
249/249 - 154s - accuracy: 0.8435 - student_loss: 2.4205 - distillation_loss: 0.0363 - val_accuracy: 0.8955 - val_student_loss: 0.8327 - 154s/epoch - 619ms/step
Epoch 16/110
Validation cm: [[725 216  25  23]
 [535 289   8  11]
 [ 66  22  25   7]
 [ 96  35  12   1]]
Validation val_loss: 0.0
Validation normalized_cm: [[0.733 0.218 0.025 0.023]
 [0.635 0.343 0.009 0.013]
 [0.55  0.183 0.208 0.058]
 [0.667 0.243 0.083 0.007]]
Validation acc: 0.4961832061068702
Validation class_accuracies: [0.7330637007077856, 0.3428232502965599, 0.20833333333333334, 0.006944444444444444]
Validation sensitivity: 0.2845528455284553
Validation specificity: 0.7330637007077856
Validation icbhi_score: 0.5088082731181205
Validation roc_auc: None
Validation avg_accuracy: 0.3227911821955308
Validation one_indexed_epoch: 16
The validation tracker metric at 0.5318823225306739 hasn't increased by 0 in 8 epochs
249/249 - 152s - accuracy: 0.8078 - student_loss: 1.9102 - distillation_loss: 0.0405 - val_accuracy: 0.9089 - val_student_loss: 2.3943 - 152s/epoch - 611ms/step
Epoch 17/110
Validation cm: [[824 136  18  11]
 [687 135   9  12]
 [ 67  13  25  15]
 [117  16   8   3]]
Validation val_loss: 0.0
Validation normalized_cm: [[0.833 0.138 0.018 0.011]
 [0.815 0.16  0.011 0.014]
 [0.558 0.108 0.208 0.125]
 [0.812 0.111 0.056 0.021]]
Validation acc: 0.4708969465648855
Validation class_accuracies: [0.833164812942366, 0.1601423487544484, 0.20833333333333334, 0.020833333333333332]
Validation sensitivity: 0.14724480578139115
Validation specificity: 0.833164812942366
Validation icbhi_score: 0.4902048093618786
Validation roc_auc: None
Validation avg_accuracy: 0.30561845709087027
Validation one_indexed_epoch: 17
The validation tracker metric at 0.5318823225306739 hasn't increased by 0 in 9 epochs
249/249 - 161s - accuracy: 0.8161 - student_loss: 0.6351 - distillation_loss: 0.0156 - val_accuracy: 0.9098 - val_student_loss: 2.7366 - 161s/epoch - 647ms/step
Epoch 18/110
Validation cm: [[577 365  31  16]
 [438 385   7  13]
 [ 41  42  24  13]
 [ 54  77   9   4]]
Validation val_loss: 0.0
Validation normalized_cm: [[0.583 0.369 0.031 0.016]
 [0.52  0.457 0.008 0.015]
 [0.342 0.35  0.2   0.108]
 [0.375 0.535 0.062 0.028]]
Validation acc: 0.4723282442748092
Validation class_accuracies: [0.583417593528817, 0.45670225385527874, 0.2, 0.027777777777777776]
Validation sensitivity: 0.37308039747064137
Validation specificity: 0.583417593528817
Validation icbhi_score: 0.47824899549972916
Validation roc_auc: None
Validation avg_accuracy: 0.3169744062904683
Validation one_indexed_epoch: 18
The validation tracker metric at 0.5318823225306739 hasn't increased by 0 in 10 epochs
Lr has been adjusted to 0.0024999999441206455
249/249 - 154s - accuracy: 0.8105 - student_loss: 1.1194 - distillation_loss: -6.7959e-03 - val_accuracy: 0.8822 - val_student_loss: 8.5530e-04 - 154s/epoch - 618ms/step
Epoch 19/110
Validation cm: [[571 308  47  63]
 [436 350  19  38]
 [ 37  10  52  21]
 [ 75  42  20   7]]
Validation val_loss: 0.0
Validation normalized_cm: [[0.577 0.311 0.048 0.064]
 [0.517 0.415 0.023 0.045]
 [0.308 0.083 0.433 0.175]
 [0.521 0.292 0.139 0.049]]
Validation acc: 0.4675572519083969
Validation class_accuracies: [0.5773508594539939, 0.4151838671411625, 0.43333333333333335, 0.04861111111111111]
Validation sensitivity: 0.36946702800361336
Validation specificity: 0.5773508594539939
Validation icbhi_score: 0.4734089437288036
Validation roc_auc: None
Validation avg_accuracy: 0.3686197927599002
Validation one_indexed_epoch: 19
The validation tracker metric at 0.5318823225306739 hasn't increased by 0 in 11 epochs
249/249 - 150s - accuracy: 0.7901 - student_loss: 0.8062 - distillation_loss: 0.0199 - val_accuracy: 0.8302 - val_student_loss: 1.8294 - 150s/epoch - 603ms/step
Epoch 20/110
Validation cm: [[458 417  45  69]
 [266 511  24  42]
 [ 21  26  41  32]
 [ 28  87  13  16]]
Validation val_loss: 0.0
Validation normalized_cm: [[0.463 0.422 0.046 0.07 ]
 [0.316 0.606 0.028 0.05 ]
 [0.175 0.217 0.342 0.267]
 [0.194 0.604 0.09  0.111]]
Validation acc: 0.48950381679389315
Validation class_accuracies: [0.46309403437815977, 0.6061684460260973, 0.3416666666666667, 0.1111111111111111]
Validation sensitivity: 0.5130984643179766
Validation specificity: 0.46309403437815977
Validation icbhi_score: 0.48809624934806817
Validation roc_auc: None
Validation avg_accuracy: 0.38051006454550873
Validation one_indexed_epoch: 20
The validation tracker metric at 0.5318823225306739 hasn't increased by 0 in 12 epochs
249/249 - 154s - accuracy: 0.8062 - student_loss: 0.2725 - distillation_loss: 0.0059 - val_accuracy: 0.8664 - val_student_loss: 0.0423 - 154s/epoch - 620ms/step
Epoch 21/110
Validation cm: [[436 417  52  84]
 [245 513  23  62]
 [ 18  19  50  33]
 [ 35  64  23  22]]
Validation val_loss: 0.0
Validation normalized_cm: [[0.441 0.422 0.053 0.085]
 [0.291 0.609 0.027 0.074]
 [0.15  0.158 0.417 0.275]
 [0.243 0.444 0.16  0.153]]
Validation acc: 0.48711832061068705
Validation class_accuracies: [0.4408493427704752, 0.608540925266904, 0.4166666666666667, 0.1527777777777778]
Validation sensitivity: 0.5284552845528455
Validation specificity: 0.4408493427704752
Validation icbhi_score: 0.4846523136616604
Validation roc_auc: None
Validation avg_accuracy: 0.40470867812045597
Validation one_indexed_epoch: 21
The validation tracker metric at 0.5318823225306739 hasn't increased by 0 in 13 epochs
249/249 - 161s - accuracy: 0.7904 - student_loss: 2.1618 - distillation_loss: 0.0375 - val_accuracy: 0.8349 - val_student_loss: 0.2411 - 161s/epoch - 645ms/step
Epoch 22/110
Validation cm: [[221 609  52 107]
 [ 94 655  19  75]
 [ 10  30  26  54]
 [  9 102  11  22]]
Validation val_loss: 0.0
Validation normalized_cm: [[0.223 0.616 0.053 0.108]
 [0.112 0.777 0.023 0.089]
 [0.083 0.25  0.217 0.45 ]
 [0.062 0.708 0.076 0.153]]
Validation acc: 0.44083969465648853
Validation class_accuracies: [0.22345803842264914, 0.7769869513641756, 0.21666666666666667, 0.1527777777777778]
Validation sensitivity: 0.6350496838301717
Validation specificity: 0.22345803842264914
Validation icbhi_score: 0.4292538611264104
Validation roc_auc: None
Validation avg_accuracy: 0.3424723585578173
Validation one_indexed_epoch: 22
The validation tracker metric at 0.5318823225306739 hasn't increased by 0 in 14 epochs
249/249 - 155s - accuracy: 0.7921 - student_loss: 1.2490 - distillation_loss: -2.5876e-03 - val_accuracy: 0.8655 - val_student_loss: 0.0373 - 155s/epoch - 624ms/step
Epoch 23/110
Validation cm: [[708 200  60  21]
 [563 226  30  24]
 [ 52   8  54   6]
 [ 83  31  26   4]]
Validation val_loss: 0.0
Validation normalized_cm: [[0.716 0.202 0.061 0.021]
 [0.668 0.268 0.036 0.028]
 [0.433 0.067 0.45  0.05 ]
 [0.576 0.215 0.181 0.028]]
Validation acc: 0.4732824427480916
Validation class_accuracies: [0.7158746208291203, 0.2680901542111507, 0.45, 0.027777777777777776]
Validation sensitivity: 0.2565492321589883
Validation specificity: 0.7158746208291203
Validation icbhi_score: 0.4862119264940543
Validation roc_auc: None
Validation avg_accuracy: 0.3654356382045122
Validation one_indexed_epoch: 23
The validation tracker metric at 0.5318823225306739 hasn't increased by 0 in 15 epochs
249/249 - 154s - accuracy: 0.7911 - student_loss: 0.5348 - distillation_loss: 0.0118 - val_accuracy: 0.7672 - val_student_loss: 4.2051 - 154s/epoch - 617ms/step
Epoch 24/110
Validation cm: [[490 328  83  88]
 [321 420  39  63]
 [ 27  15  50  28]
 [ 39  73  16  16]]
Validation val_loss: 0.0
Validation normalized_cm: [[0.495 0.332 0.084 0.089]
 [0.381 0.498 0.046 0.075]
 [0.225 0.125 0.417 0.233]
 [0.271 0.507 0.111 0.111]]
Validation acc: 0.46564885496183206
Validation class_accuracies: [0.4954499494438827, 0.498220640569395, 0.4166666666666667, 0.1111111111111111]
Validation sensitivity: 0.43902439024390244
Validation specificity: 0.4954499494438827
Validation icbhi_score: 0.4672371698438926
Validation roc_auc: None
Validation avg_accuracy: 0.3803620919477639
Validation one_indexed_epoch: 24
The validation tracker metric at 0.5318823225306739 hasn't increased by 0 in 16 epochs
249/249 - 151s - accuracy: 0.7737 - student_loss: 0.0248 - distillation_loss: 0.0029 - val_accuracy: 0.7896 - val_student_loss: 2.0884 - 151s/epoch - 607ms/step
Epoch 25/110
Validation cm: [[451 463  39  36]
 [314 484  17  28]
 [ 32  33  36  19]
 [ 31  90  12  11]]
Validation val_loss: 0.0
Validation normalized_cm: [[0.456 0.468 0.039 0.036]
 [0.372 0.574 0.02  0.033]
 [0.267 0.275 0.3   0.158]
 [0.215 0.625 0.083 0.076]]
Validation acc: 0.4685114503816794
Validation class_accuracies: [0.45601617795753285, 0.5741399762752076, 0.3, 0.0763888888888889]
Validation sensitivity: 0.4796747967479675
Validation specificity: 0.45601617795753285
Validation icbhi_score: 0.46784548735275017
Validation roc_auc: None
Validation avg_accuracy: 0.35163626078040733
Validation one_indexed_epoch: 25
The validation tracker metric at 0.5318823225306739 hasn't increased by 0 in 17 epochs
249/249 - 143s - accuracy: 0.7644 - student_loss: 0.0153 - distillation_loss: 0.0212 - val_accuracy: 0.8769 - val_student_loss: 0.9693 - 143s/epoch - 574ms/step
Epoch 26/110
Validation cm: [[572 308  49  60]
 [417 377  13  36]
 [ 34  22  30  34]
 [ 59  63  14   8]]
Validation val_loss: 0.0
Validation normalized_cm: [[0.578 0.311 0.05  0.061]
 [0.495 0.447 0.015 0.043]
 [0.283 0.183 0.25  0.283]
 [0.41  0.438 0.097 0.056]]
Validation acc: 0.4708969465648855
Validation class_accuracies: [0.5783619817997978, 0.4472123368920522, 0.25, 0.05555555555555555]
Validation sensitivity: 0.3748870822041554
Validation specificity: 0.5783619817997978
Validation icbhi_score: 0.47662453200197663
Validation roc_auc: None
Validation avg_accuracy: 0.3327824685618514
Validation one_indexed_epoch: 26
The validation tracker metric at 0.5318823225306739 hasn't increased by 0 in 18 epochs
249/249 - 144s - accuracy: 0.7863 - student_loss: 3.1713 - distillation_loss: 0.0488 - val_accuracy: 0.8631 - val_student_loss: 2.2668 - 144s/epoch - 579ms/step
Epoch 27/110
Validation cm: [[515 330  45  99]
 [362 404  28  49]
 [ 26  19  46  29]
 [ 44  64  22  14]]
Validation val_loss: 0.0
Validation normalized_cm: [[0.521 0.334 0.046 0.1  ]
 [0.429 0.479 0.033 0.058]
 [0.217 0.158 0.383 0.242]
 [0.306 0.444 0.153 0.097]]
Validation acc: 0.46708015267175573
Validation class_accuracies: [0.5207280080889788, 0.4792408066429419, 0.38333333333333336, 0.09722222222222222]
Validation sensitivity: 0.41915085817524844
Validation specificity: 0.5207280080889788
Validation icbhi_score: 0.4699394331321136
Validation roc_auc: None
Validation avg_accuracy: 0.3701310925718691
Validation one_indexed_epoch: 27
The validation tracker metric at 0.5318823225306739 hasn't increased by 0 in 19 epochs
249/249 - 144s - accuracy: 0.7410 - student_loss: 1.1484 - distillation_loss: 0.0199 - val_accuracy: 0.8158 - val_student_loss: 3.4446 - 144s/epoch - 577ms/step
Epoch 28/110
Validation cm: [[531 313  72  73]
 [393 341  39  70]
 [ 24  14  59  23]
 [ 45  48  33  18]]
Validation val_loss: 0.0
Validation normalized_cm: [[0.537 0.316 0.073 0.074]
 [0.466 0.405 0.046 0.083]
 [0.2   0.117 0.492 0.192]
 [0.312 0.333 0.229 0.125]]
Validation acc: 0.4527671755725191
Validation class_accuracies: [0.5369059656218402, 0.4045077105575326, 0.49166666666666664, 0.125]
Validation sensitivity: 0.37759710930442636
Validation specificity: 0.5369059656218402
Validation icbhi_score: 0.4572515374631333
Validation roc_auc: None
Validation avg_accuracy: 0.38952008571150987
Validation one_indexed_epoch: 28
The number of epochs since last 1% equals the patience
Lr has been adjusted to 0.0012499999720603228
249/249 - 145s - accuracy: 0.7662 - student_loss: 0.9753 - distillation_loss: 0.0163 - val_accuracy: 0.7190 - val_student_loss: 2.9004 - 145s/epoch - 581ms/step
----------------------------------
The best metrics for this job are: 

Best icbhi_score: 0.5318823225306739
Best cm: [[600 296  24  69]
 [337 471   5  30]
 [ 39  32  29  20]
 [ 37  93   8   6]]
Best val_loss: 0.0
Best normalized_cm: [[0.607 0.299 0.024 0.07 ]
 [0.4   0.559 0.006 0.036]
 [0.325 0.267 0.242 0.167]
 [0.257 0.646 0.056 0.042]]
Best acc: 0.5276717557251909
Best class_accuracies: [0.6066734074823054, 0.5587188612099644, 0.24166666666666667, 0.041666666666666664]
Best sensitivity: 0.45709123757904246
Best specificity: 0.6066734074823054
Best roc_auc: None
Best avg_accuracy: 0.3621814005064008
Best one_indexed_epoch: 8
icbhi_score
model
cm
val_loss
normalized_cm
acc
class_accuracies
sensitivity
specificity
roc_auc
avg_accuracy
one_indexed_epoch
End
####################################
Job dir: ../cache/cw/train190/2
Job id is 3.
Job dir: ../cache/cw/train190/3
- Loading Icbhi.
725 Icbhi audios have been loaded.
- Preparing Icbhi.
112 Icbhi groups of audio chunks (by filename or patients) have been prepared.
--- Samples are being split into training/val groups and de-grouped by patient ---
Job id is 4.
turning the kfold from 90/10 to 80/20
100
12
to
90
22
-----------------------
--- Final training dataset went from 0 to 3969 elements, with 1889 none's, 991 crakles, 597 wheezes and 492 both ---
--- Final Validation dataset contains 2096 elements, with 989 none, 843 crackles, 120 wheezes and 144 both ---
GPUs
['/device:GPU:0']
Initializing weights...
weights = {0: 0.5252779248279513, 1: 1.0012613521695257, 2: 1.6620603015075377, 3: 2.0167682926829267}
Model: "sequential_2"
_________________________________________________________________
 Layer (type)                Output Shape              Param #   
=================================================================
 resnet50 (Functional)       (None, 3, 16, 2048)       23587712  
                                                                 
 global_average_pooling2d_2   (None, 2048)             0         
 (GlobalAveragePooling2D)                                        
                                                                 
 dense_6 (Dense)             (None, 100)               204900    
                                                                 
 dropout_4 (Dropout)         (None, 100)               0         
                                                                 
 dense_7 (Dense)             (None, 50)                5050      
                                                                 
 dropout_5 (Dropout)         (None, 50)                0         
                                                                 
 dense_8 (Dense)             (None, 2)                 102       
                                                                 
=================================================================
Total params: 23,797,764
Trainable params: 23,744,644
Non-trainable params: 53,120
_________________________________________________________________
There is no such attribute
Model: "leaf_model9_model_efnet1_2"
______________________________________________________________________________________________________________
 Layer (type)                                    Output Shape                                Param #          
==============================================================================================================
 mel_filterbanks_3 (MelFilterbanks)              multiple                                    0                
                                                                                                              
 mel_filterbanks_4 (MelFilterbanks)              multiple                                    0 (unused)       
                                                                                                              
 sincnet (SincNet)                               multiple                                    0 (unused)       
                                                                                                              
 sequential_2 (Sequential)                       (None, 2)                                   23797764         
                                                                                                              
==============================================================================================================
Total params: 23,797,926
Trainable params: 23,744,806
Non-trainable params: 53,120
______________________________________________________________________________________________________________
Model: "sequential_3"
_________________________________________________________________
 Layer (type)                Output Shape              Param #   
=================================================================
 resnet50 (Functional)       (None, 3, 16, 2048)       23587712  
                                                                 
 global_average_pooling2d_3   (None, 2048)             0         
 (GlobalAveragePooling2D)                                        
                                                                 
 dense_9 (Dense)             (None, 100)               204900    
                                                                 
 dropout_6 (Dropout)         (None, 100)               0         
                                                                 
 dense_10 (Dense)            (None, 50)                5050      
                                                                 
 dropout_7 (Dropout)         (None, 50)                0         
                                                                 
 dense_11 (Dense)            (None, 2)                 102       
                                                                 
=================================================================
Total params: 23,797,764
Trainable params: 23,744,644
Non-trainable params: 53,120
