Tensorflow Version: 2.8.0
Num GPUs Available:  1
Collecting Variables...
All variables have been collected.
../cache/
cw
train194
Description:  effnet: kfold, mel, no normalizing, 1 optimizer w adaptive lr, overlap threshold = 0.3,
-----------------------
training parameters
[('cache_root', '../cache/'), ('data_root', '../data/'), ('jordan_root', '../data/jwyy9np4gv-3/'), ('icbhi_root', '../data/raw_audios/icbhi_preprocessed_v2_cleaned_8000/'), ('bd_root', '../data/PCV_SEGMENTED_Processed_Files/'), ('excel_path', '../data/Bangladesh_PCV_onlyStudyPatients.xlsx'), ('perch_root', '../data/raw_audios/perch_8000_10seconds'), ('ant_root', '../data/raw_audios/Antwerp_Clinical_Complete'), ('description', ' effnet: kfold, mel, no normalizing, 1 optimizer w adaptive lr, overlap threshold = 0.3,'), ('job_id', 0), ('mode', 'cw'), ('n_classes', 2), ('shape', (80, 500, 3)), ('n_epochs', 110), ('lr', 0.005), ('batch_size', 16), ('ll2_reg', 0), ('weight_decay', 0.0001), ('label_smoothing', 0), ('epsilon', 1e-07), ('es_patience', 20), ('min_delta', 0), ('train_test_ratio', 0.8), ('kfold', False), ('clause', 0), ('epoch_start', 0), ('testing', 0), ('adaptive_lr', True), ('cuberooting', 1), ('normalizing', 1), ('class_weights', True), ('early_stopping', True), ('initial_channels', 1), ('factor', 0.5), ('lr_patience', 10), ('min_lr', 1e-05), ('sr', 4000), ('audio_length', 5), ('step_size', 2.5), ('n_fft', 1024), ('hop_length', 254), ('n_mels', 128), ('overlap_threshold', 0.3), ('trainable_fb', False), ('to_decibel', True), ('train_nn', False), ('train_mel', False), ('file_dir', '../cache/cw/train194'), ('n_sequences', 9), ('activate_spectral_loss', False), ('normalize', False), ('stacking', False), ('oversample', False), ('one_hot_encoding', False), ('activation', 'sigmoid'), ('n_filters', 80)]
Job id is 1.
Job dir: ../cache/cw/train194/1
- Loading Icbhi.
725 Icbhi audios have been loaded.
- Preparing Icbhi.
112 Icbhi groups of audio chunks (by filename or patients) have been prepared.
--- Samples are being split into training/val groups and de-grouped by patient ---
Job id is 2.
turning the kfold from 90/10 to 80/20
100
12
to
90
22
-----------------------
--- Final training dataset went from 0 to 3969 elements, with 1889 none's, 991 crakles, 597 wheezes and 492 both ---
--- Final Validation dataset contains 2096 elements, with 989 none, 843 crackles, 120 wheezes and 144 both ---
GPUs
['/device:GPU:0']
Initializing weights...
weights = {0: 0.5252779248279513, 1: 1.0012613521695257, 2: 1.6620603015075377, 3: 2.0167682926829267}
Model: "sequential"
_________________________________________________________________
 Layer (type)                Output Shape              Param #   
=================================================================
 efficientnetb1 (Functional)  (None, 3, 16, 1280)      6575239   
                                                                 
 global_average_pooling2d (G  (None, 1280)             0         
 lobalAveragePooling2D)                                          
                                                                 
 dense (Dense)               (None, 100)               128100    
                                                                 
 dropout (Dropout)           (None, 100)               0         
                                                                 
 dense_1 (Dense)             (None, 50)                5050      
                                                                 
 dropout_1 (Dropout)         (None, 50)                0         
                                                                 
 dense_2 (Dense)             (None, 2)                 102       
                                                                 
=================================================================
Total params: 6,708,491
Trainable params: 6,646,436
Non-trainable params: 62,055
_________________________________________________________________
There is no such attribute
Model: "leaf_model9_model_efnet1"
______________________________________________________________________________________________________________
 Layer (type)                                    Output Shape                                Param #          
==============================================================================================================
 mel_filterbanks_1 (MelFilterbanks)              multiple                                    0                
                                                                                                              
 mel_filterbanks_2 (MelFilterbanks)              multiple                                    0 (unused)       
                                                                                                              
 sincnet (SincNet)                               multiple                                    0 (unused)       
                                                                                                              
 sequential (Sequential)                         (None, 2)                                   6708491          
                                                                                                              
==============================================================================================================
Total params: 6,708,653
Trainable params: 6,646,598
Non-trainable params: 62,055
______________________________________________________________________________________________________________
Model: "sequential_1"
_________________________________________________________________
 Layer (type)                Output Shape              Param #   
=================================================================
 efficientnetb1 (Functional)  (None, 3, 16, 1280)      6575239   
                                                                 
 global_average_pooling2d_1   (None, 1280)             0         
 (GlobalAveragePooling2D)                                        
                                                                 
 dense_3 (Dense)             (None, 100)               128100    
                                                                 
 dropout_2 (Dropout)         (None, 100)               0         
                                                                 
 dense_4 (Dense)             (None, 50)                5050      
                                                                 
 dropout_3 (Dropout)         (None, 50)                0         
                                                                 
 dense_5 (Dense)             (None, 2)                 102       
                                                                 
=================================================================
Total params: 6,708,491
Trainable params: 6,646,436
Non-trainable params: 62,055
_________________________________________________________________
There is no such attribute
Model: "leaf_model9_model_efnet1_1"
______________________________________________________________________________________________________________
 Layer (type)                                    Output Shape                                Param #          
==============================================================================================================
 mel_filterbanks (MelFilterbanks)                multiple                                    0                
                                                                                                              
 mel_filterbanks_3 (MelFilterbanks)              multiple                                    0 (unused)       
                                                                                                              
 sincnet (SincNet)                               multiple                                    0 (unused)       
                                                                                                              
 sequential_1 (Sequential)                       (None, 2)                                   6708491          
                                                                                                              
==============================================================================================================
Total params: 6,708,653
Trainable params: 6,646,598
Non-trainable params: 62,055
______________________________________________________________________________________________________________
Target metric is icbhi_score
here
There is no such attribute
here2
Epoch 1/110
/home/alirachidi/classification_algorithm/trainers/modules/main/global_helpers.py:48: UserWarning: Matplotlib is currently using agg, which is a non-GUI backend, so cannot show the figure.
  plt.show()
WARNING:tensorflow:Gradients do not exist for variables ['kernel:0', 'Variable:0', 'Variable:0'] when minimizing the loss. If you're using `model.compile()`, did you forget to provide a `loss`argument?
WARNING:tensorflow:Gradients do not exist for variables ['kernel:0', 'Variable:0', 'Variable:0'] when minimizing the loss. If you're using `model.compile()`, did you forget to provide a `loss`argument?
WARNING:tensorflow:Gradients do not exist for variables ['kernel:0', 'Variable:0', 'Variable:0'] when minimizing the loss. If you're using `model.compile()`, did you forget to provide a `loss`argument?
WARNING:tensorflow:Gradients do not exist for variables ['kernel:0', 'Variable:0', 'Variable:0'] when minimizing the loss. If you're using `model.compile()`, did you forget to provide a `loss`argument?
Validation cm: [[648 105 106 130]
 [488 239  47  69]
 [ 29  11  17  63]
 [ 55  37  14  38]]
Validation val_loss: 0.00025439330639729973
Validation normalized_cm: [[0.655 0.106 0.107 0.131]
 [0.579 0.284 0.056 0.082]
 [0.242 0.092 0.142 0.525]
 [0.382 0.257 0.097 0.264]]
Validation acc: 0.4494274809160305
Validation class_accuracies: [0.6552072800808898, 0.2835112692763938, 0.14166666666666666, 0.2638888888888889]
Validation sensitivity: 0.26558265582655827
Validation specificity: 0.6552072800808898
Validation icbhi_score: 0.46039496795372403
Validation roc_auc: None
Validation avg_accuracy: 0.33606852622820976
Validation one_indexed_epoch: 1
Tensor("kl_divergence/weighted_loss/value:0", shape=(), dtype=float32)
Tensor("kl_divergence/weighted_loss/value:0", shape=(), dtype=float32)
-- New best results were achieved. --
249/249 - 206s - accuracy: 0.7662 - student_loss: 0.9368 - distillation_loss: 0.0269 - val_accuracy: 0.7600 - val_student_loss: 0.5332 - 206s/epoch - 827ms/step
here
There is no such attribute
here2
Epoch 2/110
Validation cm: [[970  17   0   2]
 [815  26   2   0]
 [100  12   2   6]
 [129  15   0   0]]
Validation val_loss: 0.0002838263984854895
Validation normalized_cm: [[0.981 0.017 0.    0.002]
 [0.967 0.031 0.002 0.   ]
 [0.833 0.1   0.017 0.05 ]
 [0.896 0.104 0.    0.   ]]
Validation acc: 0.4761450381679389
Validation class_accuracies: [0.980788675429727, 0.03084223013048636, 0.016666666666666666, 0.0]
Validation sensitivity: 0.025293586269196026
Validation specificity: 0.980788675429727
Validation icbhi_score: 0.5030411308494616
Validation roc_auc: None
Validation avg_accuracy: 0.25707439305672
Validation one_indexed_epoch: 2
-- New best results were achieved. --
249/249 - 187s - accuracy: 0.7685 - student_loss: 0.5578 - distillation_loss: -8.0441e-03 - val_accuracy: 0.9370 - val_student_loss: 0.5949 - 187s/epoch - 750ms/step
here
There is no such attribute
here2
Epoch 3/110
Validation cm: [[823 130  16  20]
 [663 167   6   7]
 [ 74  15  16  15]
 [ 98  31  12   3]]
Validation val_loss: 0.0001906688317997765
Validation normalized_cm: [[0.832 0.131 0.016 0.02 ]
 [0.786 0.198 0.007 0.008]
 [0.617 0.125 0.133 0.125]
 [0.681 0.215 0.083 0.021]]
Validation acc: 0.48139312977099236
Validation class_accuracies: [0.8321536905965622, 0.1981020166073547, 0.13333333333333333, 0.020833333333333332]
Validation sensitivity: 0.16802168021680217
Validation specificity: 0.8321536905965622
Validation icbhi_score: 0.5000876854066821
Validation roc_auc: None
Validation avg_accuracy: 0.29610559346764587
Validation one_indexed_epoch: 3
The validation tracker metric at 0.5030411308494616 hasn't increased by 0 in 1 epochs
249/249 - 189s - accuracy: 0.7795 - student_loss: 1.0182 - distillation_loss: 0.0179 - val_accuracy: 0.9208 - val_student_loss: 0.3996 - 189s/epoch - 759ms/step
here
There is no such attribute
here2
Epoch 4/110
Validation cm: [[463 365  53 108]
 [170 518  20 135]
 [ 12  19  12  77]
 [ 10  70  19  45]]
Validation val_loss: 0.00011024108682652467
Validation normalized_cm: [[0.468 0.369 0.054 0.109]
 [0.202 0.614 0.024 0.16 ]
 [0.1   0.158 0.1   0.642]
 [0.069 0.486 0.132 0.312]]
Validation acc: 0.4952290076335878
Validation class_accuracies: [0.46814964610717896, 0.6144721233689205, 0.1, 0.3125]
Validation sensitivity: 0.5194218608852755
Validation specificity: 0.46814964610717896
Validation icbhi_score: 0.4937857534962272
Validation roc_auc: None
Validation avg_accuracy: 0.3737804423690249
Validation one_indexed_epoch: 4
The validation tracker metric at 0.5030411308494616 hasn't increased by 0 in 2 epochs
249/249 - 216s - accuracy: 0.7843 - student_loss: 0.7638 - distillation_loss: 0.0072 - val_accuracy: 0.8268 - val_student_loss: 0.2311 - 216s/epoch - 869ms/step
here
There is no such attribute
here2
Epoch 5/110
Validation cm: [[698 145  74  72]
 [459 270  49  65]
 [ 35  10  33  42]
 [ 57  35  25  27]]
Validation val_loss: 0.00023406620300908126
Validation normalized_cm: [[0.706 0.147 0.075 0.073]
 [0.544 0.32  0.058 0.077]
 [0.292 0.083 0.275 0.35 ]
 [0.396 0.243 0.174 0.188]]
Validation acc: 0.4904580152671756
Validation class_accuracies: [0.7057633973710818, 0.3202846975088968, 0.275, 0.1875]
Validation sensitivity: 0.2981029810298103
Validation specificity: 0.7057633973710818
Validation icbhi_score: 0.501933189200446
Validation roc_auc: None
Validation avg_accuracy: 0.3721370237199947
Validation one_indexed_epoch: 5
The validation tracker metric at 0.5030411308494616 hasn't increased by 0 in 3 epochs
249/249 - 216s - accuracy: 0.7881 - student_loss: 0.5192 - distillation_loss: 0.0015 - val_accuracy: 0.8068 - val_student_loss: 0.4906 - 216s/epoch - 867ms/step
here
There is no such attribute
here2
Epoch 6/110
Validation cm: [[627 224  54  84]
 [289 419  26 109]
 [ 20  11  37  52]
 [ 28  47  26  43]]
Validation val_loss: 0.0002466003972155447
Validation normalized_cm: [[0.634 0.226 0.055 0.085]
 [0.343 0.497 0.031 0.129]
 [0.167 0.092 0.308 0.433]
 [0.194 0.326 0.181 0.299]]
Validation acc: 0.5372137404580153
Validation class_accuracies: [0.6339737108190091, 0.4970344009489917, 0.30833333333333335, 0.2986111111111111]
Validation sensitivity: 0.45076784101174344
Validation specificity: 0.6339737108190091
Validation icbhi_score: 0.5423707759153763
Validation roc_auc: None
Validation avg_accuracy: 0.43448813905311134
Validation one_indexed_epoch: 6
-- New best results were achieved. --
249/249 - 216s - accuracy: 0.7992 - student_loss: 1.0891 - distillation_loss: 0.0302 - val_accuracy: 0.8316 - val_student_loss: 0.5169 - 216s/epoch - 867ms/step
here
There is no such attribute
here2
Epoch 7/110
Validation cm: [[457 399  54  79]
 [172 595  29  47]
 [ 15  27  25  53]
 [ 11  78  11  44]]
Validation val_loss: 6.649764752342501e-05
Validation normalized_cm: [[0.462 0.403 0.055 0.08 ]
 [0.204 0.706 0.034 0.056]
 [0.125 0.225 0.208 0.442]
 [0.076 0.542 0.076 0.306]]
Validation acc: 0.5348282442748091
Validation class_accuracies: [0.4620829120323559, 0.7058125741399762, 0.20833333333333334, 0.3055555555555556]
Validation sensitivity: 0.5998193315266486
Validation specificity: 0.4620829120323559
Validation icbhi_score: 0.5309511217795022
Validation roc_auc: None
Validation avg_accuracy: 0.42044609376530523
Validation one_indexed_epoch: 7
The validation tracker metric at 0.5423707759153763 hasn't increased by 0 in 1 epochs
249/249 - 214s - accuracy: 0.7947 - student_loss: 0.5366 - distillation_loss: -1.3034e-02 - val_accuracy: 0.8502 - val_student_loss: 0.1394 - 214s/epoch - 858ms/step
here
There is no such attribute
here2
Epoch 8/110
Validation cm: [[523 343  39  84]
 [275 505  15  48]
 [ 16  28  21  55]
 [ 16  78  14  36]]
Validation val_loss: 0.00017751626784109887
Validation normalized_cm: [[0.529 0.347 0.039 0.085]
 [0.326 0.599 0.018 0.057]
 [0.133 0.233 0.175 0.458]
 [0.111 0.542 0.097 0.25 ]]
Validation acc: 0.5176526717557252
Validation class_accuracies: [0.5288169868554095, 0.5990510083036773, 0.175, 0.25]
Validation sensitivity: 0.5076784101174345
Validation specificity: 0.5288169868554095
Validation icbhi_score: 0.5182476984864219
Validation roc_auc: None
Validation avg_accuracy: 0.38821699878977173
Validation one_indexed_epoch: 8
The validation tracker metric at 0.5423707759153763 hasn't increased by 0 in 2 epochs
249/249 - 216s - accuracy: 0.8040 - student_loss: 0.6404 - distillation_loss: -1.2419e-02 - val_accuracy: 0.8698 - val_student_loss: 0.3721 - 216s/epoch - 866ms/step
here
There is no such attribute
here2
Epoch 9/110
Validation cm: [[478 339  28 144]
 [206 513  10 114]
 [ 10  24  14  72]
 [  9  68  16  51]]
Validation val_loss: 0.00012657522643340452
Validation normalized_cm: [[0.483 0.343 0.028 0.146]
 [0.244 0.609 0.012 0.135]
 [0.083 0.2   0.117 0.6  ]
 [0.062 0.472 0.111 0.354]]
Validation acc: 0.5038167938931297
Validation class_accuracies: [0.4833164812942366, 0.608540925266904, 0.11666666666666667, 0.3541666666666667]
Validation sensitivity: 0.5221318879855466
Validation specificity: 0.4833164812942366
Validation icbhi_score: 0.5027241846398915
Validation roc_auc: None
Validation avg_accuracy: 0.3906726849736185
Validation one_indexed_epoch: 9
The validation tracker metric at 0.5423707759153763 hasn't increased by 0 in 3 epochs
249/249 - 219s - accuracy: 0.8108 - student_loss: 0.4096 - distillation_loss: -9.9546e-03 - val_accuracy: 0.8354 - val_student_loss: 0.2653 - 219s/epoch - 880ms/step
here
There is no such attribute
here2
Epoch 10/110
Validation cm: [[825 117  27  20]
 [663 155  12  13]
 [ 44  20  21  35]
 [ 69  42  11  22]]
Validation val_loss: 0.00018876899062222197
Validation normalized_cm: [[0.834 0.118 0.027 0.02 ]
 [0.786 0.184 0.014 0.015]
 [0.367 0.167 0.175 0.292]
 [0.479 0.292 0.076 0.153]]
Validation acc: 0.4880725190839695
Validation class_accuracies: [0.8341759352881699, 0.18386714116251482, 0.175, 0.1527777777777778]
Validation sensitivity: 0.17886178861788618
Validation specificity: 0.8341759352881699
Validation icbhi_score: 0.5065188619530281
Validation roc_auc: None
Validation avg_accuracy: 0.3364552135571156
Validation one_indexed_epoch: 10
The validation tracker metric at 0.5423707759153763 hasn't increased by 0 in 4 epochs
249/249 - 217s - accuracy: 0.7957 - student_loss: 0.4434 - distillation_loss: -1.2144e-02 - val_accuracy: 0.9156 - val_student_loss: 0.3957 - 217s/epoch - 872ms/step
here
There is no such attribute
here2
Epoch 11/110
Validation cm: [[408 469  43  69]
 [235 548  20  40]
 [ 10  46  14  50]
 [ 15  95   6  28]]
Validation val_loss: 0.00015585407444083964
Validation normalized_cm: [[0.413 0.474 0.043 0.07 ]
 [0.279 0.65  0.024 0.047]
 [0.083 0.383 0.117 0.417]
 [0.104 0.66  0.042 0.194]]
Validation acc: 0.4761450381679389
Validation class_accuracies: [0.41253791708796766, 0.6500593119810202, 0.11666666666666667, 0.19444444444444445]
Validation sensitivity: 0.5329719963866305
Validation specificity: 0.41253791708796766
Validation icbhi_score: 0.47275495673729906
Validation roc_auc: None
Validation avg_accuracy: 0.3434270850450247
Validation one_indexed_epoch: 11
The validation tracker metric at 0.5423707759153763 hasn't increased by 0 in 5 epochs
249/249 - 216s - accuracy: 0.8007 - student_loss: 0.3262 - distillation_loss: -5.4260e-03 - val_accuracy: 0.8755 - val_student_loss: 0.3267 - 216s/epoch - 866ms/step
here
There is no such attribute
here2
Epoch 12/110
Validation cm: [[618 217  92  62]
 [395 355  45  48]
 [ 12  25  31  52]
 [ 31  59  23  31]]
Validation val_loss: 0.0001659975707075978
Validation normalized_cm: [[0.625 0.219 0.093 0.063]
 [0.469 0.421 0.053 0.057]
 [0.1   0.208 0.258 0.433]
 [0.215 0.41  0.16  0.215]]
Validation acc: 0.4937977099236641
Validation class_accuracies: [0.6248736097067745, 0.4211150652431791, 0.25833333333333336, 0.2152777777777778]
Validation sensitivity: 0.37669376693766937
Validation specificity: 0.6248736097067745
Validation icbhi_score: 0.500783688322222
Validation roc_auc: None
Validation avg_accuracy: 0.37989994651526615
Validation one_indexed_epoch: 12
The validation tracker metric at 0.5423707759153763 hasn't increased by 0 in 6 epochs
249/249 - 213s - accuracy: 0.8017 - student_loss: 0.6956 - distillation_loss: -8.2941e-03 - val_accuracy: 0.8268 - val_student_loss: 0.3479 - 213s/epoch - 856ms/step
here
There is no such attribute
here2
Epoch 13/110
Validation cm: [[538 415   9  27]
 [244 589   2   8]
 [ 18  76   4  22]
 [ 26  94   2  22]]
Validation val_loss: 0.00013151491871316924
Validation normalized_cm: [[0.544 0.42  0.009 0.027]
 [0.289 0.699 0.002 0.009]
 [0.15  0.633 0.033 0.183]
 [0.181 0.653 0.014 0.153]]
Validation acc: 0.5500954198473282
Validation class_accuracies: [0.5439838220424671, 0.6986951364175563, 0.03333333333333333, 0.1527777777777778]
Validation sensitivity: 0.5555555555555556
Validation specificity: 0.5439838220424671
Validation icbhi_score: 0.5497696887990113
Validation roc_auc: None
Validation avg_accuracy: 0.3571975173927837
Validation one_indexed_epoch: 13
-- New best results were achieved. --
249/249 - 220s - accuracy: 0.8060 - student_loss: 0.6203 - distillation_loss: -7.6139e-03 - val_accuracy: 0.9251 - val_student_loss: 0.2757 - 220s/epoch - 884ms/step
here
There is no such attribute
here2
Epoch 14/110
Validation cm: [[661 224  36  68]
 [413 377  24  29]
 [ 27  32  18  43]
 [ 30  69  11  34]]
Validation val_loss: 6.088573229676894e-05
Validation normalized_cm: [[0.668 0.226 0.036 0.069]
 [0.49  0.447 0.028 0.034]
 [0.225 0.267 0.15  0.358]
 [0.208 0.479 0.076 0.236]]
Validation acc: 0.5200381679389313
Validation class_accuracies: [0.6683518705763397, 0.4472123368920522, 0.15, 0.2361111111111111]
Validation sensitivity: 0.3875338753387534
Validation specificity: 0.6683518705763397
Validation icbhi_score: 0.5279428729575466
Validation roc_auc: None
Validation avg_accuracy: 0.3754188296448757
Validation one_indexed_epoch: 14
The validation tracker metric at 0.5497696887990113 hasn't increased by 0 in 1 epochs
249/249 - 220s - accuracy: 0.8181 - student_loss: 0.4000 - distillation_loss: -1.0826e-02 - val_accuracy: 0.8731 - val_student_loss: 0.1276 - 220s/epoch - 883ms/step
here
There is no such attribute
here2
Epoch 15/110
Validation cm: [[681 232  10  66]
 [566 257   2  18]
 [ 59  39   8  14]
 [ 89  46   3   6]]
Validation val_loss: 0.00023326904775987145
Validation normalized_cm: [[0.689 0.235 0.01  0.067]
 [0.671 0.305 0.002 0.021]
 [0.492 0.325 0.067 0.117]
 [0.618 0.319 0.021 0.042]]
Validation acc: 0.4541984732824427
Validation class_accuracies: [0.6885743174924166, 0.30486358244365364, 0.06666666666666667, 0.041666666666666664]
Validation sensitivity: 0.24480578139114725
Validation specificity: 0.6885743174924166
Validation icbhi_score: 0.46669004944178194
Validation roc_auc: None
Validation avg_accuracy: 0.2754428083173509
Validation one_indexed_epoch: 15
The validation tracker metric at 0.5497696887990113 hasn't increased by 0 in 2 epochs
249/249 - 217s - accuracy: 0.8161 - student_loss: 1.3391 - distillation_loss: 0.0311 - val_accuracy: 0.9175 - val_student_loss: 0.4889 - 217s/epoch - 872ms/step
here
There is no such attribute
here2
Epoch 16/110
Validation cm: [[391 531  13  54]
 [129 680   0  34]
 [  9  47  11  53]
 [ 12  87   4  41]]
Validation val_loss: 0.00011454293689199987
Validation normalized_cm: [[0.395 0.537 0.013 0.055]
 [0.153 0.807 0.    0.04 ]
 [0.075 0.392 0.092 0.442]
 [0.083 0.604 0.028 0.285]]
Validation acc: 0.5357824427480916
Validation class_accuracies: [0.3953488372093023, 0.8066429418742586, 0.09166666666666666, 0.2847222222222222]
Validation sensitivity: 0.6612466124661247
Validation specificity: 0.3953488372093023
Validation icbhi_score: 0.5282977248377135
Validation roc_auc: None
Validation avg_accuracy: 0.39459516699311237
Validation one_indexed_epoch: 16
The validation tracker metric at 0.5497696887990113 hasn't increased by 0 in 3 epochs
249/249 - 227s - accuracy: 0.8070 - student_loss: 1.4043 - distillation_loss: 0.0255 - val_accuracy: 0.9151 - val_student_loss: 0.2401 - 227s/epoch - 912ms/step
here
There is no such attribute
here2
Epoch 17/110
Validation cm: [[537 297  50 105]
 [297 451  18  77]
 [ 21  23  19  57]
 [ 36  47  23  38]]
Validation val_loss: 0.0001276974061518225
Validation normalized_cm: [[0.543 0.3   0.051 0.106]
 [0.352 0.535 0.021 0.091]
 [0.175 0.192 0.158 0.475]
 [0.25  0.326 0.16  0.264]]
Validation acc: 0.4985687022900763
Validation class_accuracies: [0.5429726996966633, 0.534994068801898, 0.15833333333333333, 0.2638888888888889]
Validation sensitivity: 0.45889792231255644
Validation specificity: 0.5429726996966633
Validation icbhi_score: 0.5009353110046099
Validation roc_auc: None
Validation avg_accuracy: 0.3750472476801958
Validation one_indexed_epoch: 17
The validation tracker metric at 0.5497696887990113 hasn't increased by 0 in 4 epochs
249/249 - 222s - accuracy: 0.8125 - student_loss: 0.4133 - distillation_loss: -3.6313e-03 - val_accuracy: 0.8368 - val_student_loss: 0.2677 - 222s/epoch - 891ms/step
here
There is no such attribute
here2
Epoch 18/110
Validation cm: [[811 100  35  43]
 [654 143  27  19]
 [ 41  17  18  44]
 [ 76  29  11  28]]
Validation val_loss: 0.00027261205188190663
Validation normalized_cm: [[0.82  0.101 0.035 0.043]
 [0.776 0.17  0.032 0.023]
 [0.342 0.142 0.15  0.367]
 [0.528 0.201 0.076 0.194]]
Validation acc: 0.4770992366412214
Validation class_accuracies: [0.8200202224469161, 0.16963226571767498, 0.15, 0.19444444444444445]
Validation sensitivity: 0.17073170731707318
Validation specificity: 0.8200202224469161
Validation icbhi_score: 0.49537596488199465
Validation roc_auc: None
Validation avg_accuracy: 0.3335242331522589
Validation one_indexed_epoch: 18
The validation tracker metric at 0.5497696887990113 hasn't increased by 0 in 5 epochs
249/249 - 221s - accuracy: 0.8120 - student_loss: 1.1920 - distillation_loss: 0.0120 - val_accuracy: 0.8721 - val_student_loss: 0.5714 - 221s/epoch - 889ms/step
here
There is no such attribute
here2
Epoch 19/110
Validation cm: [[561 321  34  73]
 [274 464  27  78]
 [ 23  10  32  55]
 [ 18  47  22  57]]
Validation val_loss: 0.00016964434553648678
Validation normalized_cm: [[0.567 0.325 0.034 0.074]
 [0.325 0.55  0.032 0.093]
 [0.192 0.083 0.267 0.458]
 [0.125 0.326 0.153 0.396]]
Validation acc: 0.5314885496183206
Validation class_accuracies: [0.5672396359959555, 0.5504151838671412, 0.26666666666666666, 0.3958333333333333]
Validation sensitivity: 0.4995483288166215
Validation specificity: 0.5672396359959555
Validation icbhi_score: 0.5333939824062885
Validation roc_auc: None
Validation avg_accuracy: 0.44503870496577413
Validation one_indexed_epoch: 19
The validation tracker metric at 0.5497696887990113 hasn't increased by 0 in 6 epochs
249/249 - 215s - accuracy: 0.8088 - student_loss: 0.5158 - distillation_loss: 0.0046 - val_accuracy: 0.8430 - val_student_loss: 0.3556 - 215s/epoch - 864ms/step
here
There is no such attribute
here2
Epoch 20/110
Validation cm: [[348 591   9  41]
 [177 654   5   7]
 [ 18  72   5  25]
 [  6 106   7  25]]
Validation val_loss: 7.462866234642859e-05
Validation normalized_cm: [[0.352 0.598 0.009 0.041]
 [0.21  0.776 0.006 0.008]
 [0.15  0.6   0.042 0.208]
 [0.042 0.736 0.049 0.174]]
Validation acc: 0.49236641221374045
Validation class_accuracies: [0.3518705763397371, 0.7758007117437722, 0.041666666666666664, 0.1736111111111111]
Validation sensitivity: 0.6178861788617886
Validation specificity: 0.3518705763397371
Validation icbhi_score: 0.4848783776007629
Validation roc_auc: None
Validation avg_accuracy: 0.3357372664653218
Validation one_indexed_epoch: 20
The validation tracker metric at 0.5497696887990113 hasn't increased by 0 in 7 epochs
249/249 - 193s - accuracy: 0.8171 - student_loss: 0.4958 - distillation_loss: -1.3691e-02 - val_accuracy: 0.9122 - val_student_loss: 0.1564 - 193s/epoch - 775ms/step
here
There is no such attribute
here2
Epoch 21/110
Validation cm: [[281 688   3  17]
 [147 685   2   9]
 [  7  67   6  40]
 [  9 107   1  27]]
Validation val_loss: 0.0001249028412440351
Validation normalized_cm: [[0.284 0.696 0.003 0.017]
 [0.174 0.813 0.002 0.011]
 [0.058 0.558 0.05  0.333]
 [0.062 0.743 0.007 0.188]]
Validation acc: 0.47662213740458015
Validation class_accuracies: [0.28412537917087965, 0.8125741399762753, 0.05, 0.1875]
Validation sensitivity: 0.6485998193315267
Validation specificity: 0.28412537917087965
Validation icbhi_score: 0.46636259925120316
Validation roc_auc: None
Validation avg_accuracy: 0.33354987978678874
Validation one_indexed_epoch: 21
The validation tracker metric at 0.5497696887990113 hasn't increased by 0 in 8 epochs
249/249 - 190s - accuracy: 0.8188 - student_loss: 1.4411 - distillation_loss: 0.0341 - val_accuracy: 0.9432 - val_student_loss: 0.2618 - 190s/epoch - 765ms/step
here
There is no such attribute
here2
Epoch 22/110
Validation cm: [[712 211  28  38]
 [507 297  18  21]
 [ 35  34  11  40]
 [ 70  48   9  17]]
Validation val_loss: 0.00036487583326929397
Validation normalized_cm: [[0.72  0.213 0.028 0.038]
 [0.601 0.352 0.021 0.025]
 [0.292 0.283 0.092 0.333]
 [0.486 0.333 0.062 0.118]]
Validation acc: 0.49475190839694655
Validation class_accuracies: [0.7199191102123357, 0.35231316725978645, 0.09166666666666666, 0.11805555555555555]
Validation sensitivity: 0.2935862691960253
Validation specificity: 0.7199191102123357
Validation icbhi_score: 0.5067526897041805
Validation roc_auc: None
Validation avg_accuracy: 0.3204886249235861
Validation one_indexed_epoch: 22
The validation tracker metric at 0.5497696887990113 hasn't increased by 0 in 9 epochs
249/249 - 188s - accuracy: 0.8088 - student_loss: 0.6781 - distillation_loss: 0.0046 - val_accuracy: 0.8931 - val_student_loss: 0.7648 - 188s/epoch - 754ms/step
here
There is no such attribute
here2
Epoch 23/110
Validation cm: [[310 578  22  79]
 [ 89 699   9  46]
 [  9  40  16  55]
 [  8  80  11  45]]
Validation val_loss: 1.8212979815843452e-05
Validation normalized_cm: [[0.313 0.584 0.022 0.08 ]
 [0.106 0.829 0.011 0.055]
 [0.075 0.333 0.133 0.458]
 [0.056 0.556 0.076 0.312]]
Validation acc: 0.5104961832061069
Validation class_accuracies: [0.3134479271991911, 0.8291814946619217, 0.13333333333333333, 0.3125]
Validation sensitivity: 0.6865401987353207
Validation specificity: 0.3134479271991911
Validation icbhi_score: 0.4999940629672559
Validation roc_auc: None
Validation avg_accuracy: 0.39711568879861153
Validation one_indexed_epoch: 23
The validation tracker metric at 0.5497696887990113 hasn't increased by 0 in 10 epochs
Lr has been adjusted to 0.0024999999441206455
249/249 - 189s - accuracy: 0.8062 - student_loss: 1.0999 - distillation_loss: 0.0089 - val_accuracy: 0.9008 - val_student_loss: 0.0382 - 189s/epoch - 759ms/step
here
There is no such attribute
here2
Epoch 24/110
Validation cm: [[600 218  64 107]
 [398 318  23 104]
 [ 26   9  46  39]
 [ 39  38  41  26]]
Validation val_loss: 4.8064576988001817e-05
Validation normalized_cm: [[0.607 0.22  0.065 0.108]
 [0.472 0.377 0.027 0.123]
 [0.217 0.075 0.383 0.325]
 [0.271 0.264 0.285 0.181]]
Validation acc: 0.4723282442748092
Validation class_accuracies: [0.6066734074823054, 0.37722419928825623, 0.38333333333333336, 0.18055555555555555]
Validation sensitivity: 0.3523035230352303
Validation specificity: 0.6066734074823054
Validation icbhi_score: 0.47948846525876787
Validation roc_auc: None
Validation avg_accuracy: 0.3869466239148626
Validation one_indexed_epoch: 24
The validation tracker metric at 0.5497696887990113 hasn't increased by 0 in 11 epochs
249/249 - 193s - accuracy: 0.8108 - student_loss: 0.3488 - distillation_loss: -8.2496e-03 - val_accuracy: 0.8263 - val_student_loss: 0.1007 - 193s/epoch - 775ms/step
here
There is no such attribute
here2
Epoch 25/110
Validation cm: [[433 371  91  94]
 [233 503  39  68]
 [ 16  18  30  56]
 [ 24  59  23  38]]
Validation val_loss: 6.2821102364145166e-06
Validation normalized_cm: [[0.438 0.375 0.092 0.095]
 [0.276 0.597 0.046 0.081]
 [0.133 0.15  0.25  0.467]
 [0.167 0.41  0.16  0.264]]
Validation acc: 0.47900763358778625
Validation class_accuracies: [0.4378159757330637, 0.5966785290628707, 0.25, 0.2638888888888889]
Validation sensitivity: 0.5158084914182475
Validation specificity: 0.4378159757330637
Validation icbhi_score: 0.4768122335756556
Validation roc_auc: None
Validation avg_accuracy: 0.3870958484212058
Validation one_indexed_epoch: 25
The validation tracker metric at 0.5497696887990113 hasn't increased by 0 in 12 epochs
249/249 - 213s - accuracy: 0.8070 - student_loss: 0.1997 - distillation_loss: 6.4394e-04 - val_accuracy: 0.8154 - val_student_loss: 0.0132 - 213s/epoch - 855ms/step
here
There is no such attribute
here2
Epoch 26/110
Validation cm: [[496 482   3   8]
 [312 523   3   5]
 [ 31  60   1  28]
 [ 20 102   0  22]]
Validation val_loss: 0.00014446947353941793
Validation normalized_cm: [[0.502 0.487 0.003 0.008]
 [0.37  0.62  0.004 0.006]
 [0.258 0.5   0.008 0.233]
 [0.139 0.708 0.    0.153]]
Validation acc: 0.49713740458015265
Validation class_accuracies: [0.5015166835187057, 0.6204033214709371, 0.008333333333333333, 0.1527777777777778]
Validation sensitivity: 0.4932249322493225
Validation specificity: 0.5015166835187057
Validation icbhi_score: 0.4973708078840141
Validation roc_auc: None
Validation avg_accuracy: 0.3207577790251884
Validation one_indexed_epoch: 26
The validation tracker metric at 0.5497696887990113 hasn't increased by 0 in 13 epochs
249/249 - 220s - accuracy: 0.8060 - student_loss: 1.4160 - distillation_loss: 0.0189 - val_accuracy: 0.9351 - val_student_loss: 0.3028 - 220s/epoch - 884ms/step
here
There is no such attribute
here2
Epoch 27/110
Validation cm: [[356 540  19  74]
 [111 670   9  53]
 [  9  42  11  58]
 [  5  87   6  46]]
Validation val_loss: 2.8112862358680207e-05
Validation normalized_cm: [[0.36  0.546 0.019 0.075]
 [0.132 0.795 0.011 0.063]
 [0.075 0.35  0.092 0.483]
 [0.035 0.604 0.042 0.319]]
Validation acc: 0.5166984732824428
Validation class_accuracies: [0.35995955510616784, 0.7947805456702254, 0.09166666666666666, 0.3194444444444444]
Validation sensitivity: 0.6567299006323396
Validation specificity: 0.35995955510616784
Validation icbhi_score: 0.5083447278692537
Validation roc_auc: None
Validation avg_accuracy: 0.3914628029718761
Validation one_indexed_epoch: 27
The validation tracker metric at 0.5497696887990113 hasn't increased by 0 in 14 epochs
249/249 - 221s - accuracy: 0.7962 - student_loss: 0.3100 - distillation_loss: 0.0055 - val_accuracy: 0.8931 - val_student_loss: 0.0589 - 221s/epoch - 887ms/step
here
There is no such attribute
here2
Epoch 28/110
Validation cm: [[241 653  11  84]
 [ 76 709   7  51]
 [  4  40  11  65]
 [  4  80   4  56]]
Validation val_loss: 3.424868030288747e-05
Validation normalized_cm: [[0.244 0.66  0.011 0.085]
 [0.09  0.841 0.008 0.06 ]
 [0.033 0.333 0.092 0.542]
 [0.028 0.556 0.028 0.389]]
Validation acc: 0.48520992366412213
Validation class_accuracies: [0.243680485338726, 0.8410438908659549, 0.09166666666666666, 0.3888888888888889]
Validation sensitivity: 0.7009936766034327
Validation specificity: 0.243680485338726
Validation icbhi_score: 0.47233708097107935
Validation roc_auc: None
Validation avg_accuracy: 0.39131998294005904
Validation one_indexed_epoch: 28
The validation tracker metric at 0.5497696887990113 hasn't increased by 0 in 15 epochs
249/249 - 221s - accuracy: 0.8007 - student_loss: 0.6302 - distillation_loss: -4.6208e-03 - val_accuracy: 0.9103 - val_student_loss: 0.0718 - 221s/epoch - 886ms/step
here
There is no such attribute
here2
Epoch 29/110
Validation cm: [[315 591  10  73]
 [ 82 725   6  30]
 [  6  57   9  48]
 [  9  91   7  37]]
Validation val_loss: 1.583679913336994e-05
Validation normalized_cm: [[0.319 0.598 0.01  0.074]
 [0.097 0.86  0.007 0.036]
 [0.05  0.475 0.075 0.4  ]
 [0.062 0.632 0.049 0.257]]
Validation acc: 0.5181297709923665
Validation class_accuracies: [0.3185035389282103, 0.8600237247924081, 0.075, 0.2569444444444444]
Validation sensitivity: 0.6964769647696477
Validation specificity: 0.3185035389282103
Validation icbhi_score: 0.507490251848929
Validation roc_auc: None
Validation avg_accuracy: 0.3776179270412657
Validation one_indexed_epoch: 29
The validation tracker metric at 0.5497696887990113 hasn't increased by 0 in 16 epochs
249/249 - 221s - accuracy: 0.8125 - student_loss: 1.3686 - distillation_loss: 0.0304 - val_accuracy: 0.9108 - val_student_loss: 0.0332 - 221s/epoch - 887ms/step
here
There is no such attribute
here2
Epoch 30/110
Validation cm: [[394 430  40 125]
 [219 527  18  79]
 [ 22  21  15  62]
 [ 26  58  22  38]]
Validation val_loss: 4.573579778084318e-05
Validation normalized_cm: [[0.398 0.435 0.04  0.126]
 [0.26  0.625 0.021 0.094]
 [0.183 0.175 0.125 0.517]
 [0.181 0.403 0.153 0.264]]
Validation acc: 0.46469465648854963
Validation class_accuracies: [0.39838220424671383, 0.6251482799525504, 0.125, 0.2638888888888889]
Validation sensitivity: 0.5239385727190605
Validation specificity: 0.39838220424671383
Validation icbhi_score: 0.4611603884828872
Validation roc_auc: None
Validation avg_accuracy: 0.3531048432720383
Validation one_indexed_epoch: 30
The validation tracker metric at 0.5497696887990113 hasn't increased by 0 in 17 epochs
249/249 - 223s - accuracy: 0.8020 - student_loss: 0.2244 - distillation_loss: -4.4560e-03 - val_accuracy: 0.8349 - val_student_loss: 0.0959 - 223s/epoch - 896ms/step
here
There is no such attribute
here2
Epoch 31/110
Validation cm: [[296 605  28  60]
 [ 90 702  11  40]
 [  9  48   9  54]
 [  7 100   3  34]]
Validation val_loss: 1.970258584061197e-05
Validation normalized_cm: [[0.299 0.612 0.028 0.061]
 [0.107 0.833 0.013 0.047]
 [0.075 0.4   0.075 0.45 ]
 [0.049 0.694 0.021 0.236]]
Validation acc: 0.49666030534351147
Validation class_accuracies: [0.2992922143579373, 0.8327402135231317, 0.075, 0.2361111111111111]
Validation sensitivity: 0.6729900632339657
Validation specificity: 0.2992922143579373
Validation icbhi_score: 0.4861411387959515
Validation roc_auc: None
Validation avg_accuracy: 0.360785884748045
Validation one_indexed_epoch: 31
The validation tracker metric at 0.5497696887990113 hasn't increased by 0 in 18 epochs
249/249 - 226s - accuracy: 0.7914 - student_loss: 0.2922 - distillation_loss: -1.2420e-02 - val_accuracy: 0.8941 - val_student_loss: 0.0413 - 226s/epoch - 907ms/step
here
There is no such attribute
here2
Epoch 32/110
Validation cm: [[610 219  99  61]
 [355 362  54  72]
 [ 23  11  50  36]
 [ 27  41  27  49]]
Validation val_loss: 0.00021187085231751885
Validation normalized_cm: [[0.617 0.221 0.1   0.062]
 [0.421 0.429 0.064 0.085]
 [0.192 0.092 0.417 0.3  ]
 [0.188 0.285 0.188 0.34 ]]
Validation acc: 0.5109732824427481
Validation class_accuracies: [0.6167846309403437, 0.4294187425860024, 0.4166666666666667, 0.3402777777777778]
Validation sensitivity: 0.4164408310749774
Validation specificity: 0.6167846309403437
Validation icbhi_score: 0.5166127310076606
Validation roc_auc: None
Validation avg_accuracy: 0.4507869544926977
Validation one_indexed_epoch: 32
The validation tracker metric at 0.5497696887990113 hasn't increased by 0 in 19 epochs
249/249 - 225s - accuracy: 0.8017 - student_loss: 0.1798 - distillation_loss: 0.0145 - val_accuracy: 0.7758 - val_student_loss: 0.4441 - 225s/epoch - 902ms/step
here
There is no such attribute
here2
Epoch 33/110
Validation cm: [[632 298  18  41]
 [463 337  17  26]
 [ 33  27  23  37]
 [ 38  69  18  19]]
Validation val_loss: 0.0001505633233157733
Validation normalized_cm: [[0.639 0.301 0.018 0.041]
