Tensorflow Version: 2.8.0
Num GPUs Available:  1
Collecting Variables...
All variables have been collected.
../cache/
cw
train195
Description:  effnet: kfold, mel, no normalizing, 1 optimizer w adaptive lr, overlap threshold = 0.3,
-----------------------
training parameters
[('cache_root', '../cache/'), ('data_root', '../data/'), ('jordan_root', '../data/jwyy9np4gv-3/'), ('icbhi_root', '../data/raw_audios/icbhi_preprocessed_v2_cleaned_8000/'), ('bd_root', '../data/PCV_SEGMENTED_Processed_Files/'), ('excel_path', '../data/Bangladesh_PCV_onlyStudyPatients.xlsx'), ('perch_root', '../data/raw_audios/perch_8000_10seconds'), ('ant_root', '../data/raw_audios/Antwerp_Clinical_Complete'), ('description', ' effnet: kfold, mel, no normalizing, 1 optimizer w adaptive lr, overlap threshold = 0.3,'), ('job_id', 0), ('mode', 'cw'), ('n_classes', 2), ('shape', (80, 500, 3)), ('n_epochs', 110), ('lr', 0.005), ('batch_size', 16), ('ll2_reg', 0), ('weight_decay', 0.0001), ('label_smoothing', 0), ('epsilon', 1e-07), ('es_patience', 20), ('min_delta', 0), ('train_test_ratio', 0.8), ('kfold', False), ('clause', 0), ('epoch_start', 0), ('testing', 0), ('adaptive_lr', True), ('cuberooting', 1), ('normalizing', 1), ('class_weights', True), ('early_stopping', True), ('initial_channels', 1), ('factor', 0.5), ('lr_patience', 10), ('min_lr', 1e-05), ('sr', 4000), ('audio_length', 5), ('step_size', 2.5), ('n_fft', 1024), ('hop_length', 254), ('n_mels', 128), ('overlap_threshold', 0.3), ('trainable_fb', False), ('to_decibel', True), ('train_nn', False), ('train_mel', False), ('file_dir', '../cache/cw/train195'), ('n_sequences', 9), ('activate_spectral_loss', False), ('normalize', False), ('stacking', False), ('oversample', False), ('one_hot_encoding', False), ('activation', 'sigmoid'), ('n_filters', 80)]
Job id is 1.
Job dir: ../cache/cw/train195/1
- Loading Icbhi.
725 Icbhi audios have been loaded.
- Preparing Icbhi.
112 Icbhi groups of audio chunks (by filename or patients) have been prepared.
--- Samples are being split into training/val groups and de-grouped by patient ---
Job id is 2.
turning the kfold from 90/10 to 80/20
100
12
to
90
22
-----------------------
--- Final training dataset went from 0 to 3969 elements, with 1889 none's, 991 crakles, 597 wheezes and 492 both ---
--- Final Validation dataset contains 2096 elements, with 989 none, 843 crackles, 120 wheezes and 144 both ---
GPUs
['/device:GPU:0']
Initializing weights...
weights = {0: 0.5252779248279513, 1: 1.0012613521695257, 2: 1.6620603015075377, 3: 2.0167682926829267}
Model: "sequential"
_________________________________________________________________
 Layer (type)                Output Shape              Param #   
=================================================================
 resnet50 (Functional)       (None, 3, 16, 2048)       23587712  
                                                                 
 global_average_pooling2d (G  (None, 2048)             0         
 lobalAveragePooling2D)                                          
                                                                 
 dense (Dense)               (None, 100)               204900    
                                                                 
 dropout (Dropout)           (None, 100)               0         
                                                                 
 dense_1 (Dense)             (None, 50)                5050      
                                                                 
 dropout_1 (Dropout)         (None, 50)                0         
                                                                 
 dense_2 (Dense)             (None, 2)                 102       
                                                                 
=================================================================
Total params: 23,797,764
Trainable params: 23,744,644
Non-trainable params: 53,120
_________________________________________________________________
Model: "leaf_model9_model_efnet1"
______________________________________________________________________________________________________________
 Layer (type)                                    Output Shape                                Param #          
==============================================================================================================
 mel_filterbanks_1 (MelFilterbanks)              multiple                                    0                
                                                                                                              
 mel_filterbanks_2 (MelFilterbanks)              multiple                                    0 (unused)       
                                                                                                              
 sincnet (SincNet)                               multiple                                    0 (unused)       
                                                                                                              
 sequential (Sequential)                         (None, 2)                                   23797764         
                                                                                                              
==============================================================================================================
Total params: 23,797,926
Trainable params: 23,744,806
Non-trainable params: 53,120
______________________________________________________________________________________________________________
Model: "sequential_1"
_________________________________________________________________
 Layer (type)                Output Shape              Param #   
=================================================================
 efficientnetb1 (Functional)  (None, 3, 16, 1280)      6575239   
                                                                 
 global_average_pooling2d_1   (None, 1280)             0         
 (GlobalAveragePooling2D)                                        
                                                                 
 dense_3 (Dense)             (None, 100)               128100    
                                                                 
 dropout_2 (Dropout)         (None, 100)               0         
                                                                 
 dense_4 (Dense)             (None, 50)                5050      
                                                                 
 dropout_3 (Dropout)         (None, 50)                0         
                                                                 
 dense_5 (Dense)             (None, 2)                 102       
                                                                 
=================================================================
Total params: 6,708,491
Trainable params: 6,646,436
Non-trainable params: 62,055
_________________________________________________________________
There is no such attribute
Model: "leaf_model9_model_efnet1_1"
______________________________________________________________________________________________________________
 Layer (type)                                    Output Shape                                Param #          
==============================================================================================================
 mel_filterbanks (MelFilterbanks)                multiple                                    0                
                                                                                                              
 mel_filterbanks_3 (MelFilterbanks)              multiple                                    0 (unused)       
                                                                                                              
 sincnet (SincNet)                               multiple                                    0 (unused)       
                                                                                                              
 sequential_1 (Sequential)                       (None, 2)                                   6708491          
                                                                                                              
==============================================================================================================
Total params: 6,708,653
Trainable params: 6,646,598
Non-trainable params: 62,055
______________________________________________________________________________________________________________
Target metric is icbhi_score
here
There is no such attribute
here2
Epoch 1/110
/home/alirachidi/classification_algorithm/trainers/modules/main/global_helpers.py:48: UserWarning: Matplotlib is currently using agg, which is a non-GUI backend, so cannot show the figure.
  plt.show()
WARNING:tensorflow:Gradients do not exist for variables ['kernel:0', 'Variable:0', 'Variable:0'] when minimizing the loss. If you're using `model.compile()`, did you forget to provide a `loss`argument?
WARNING:tensorflow:Gradients do not exist for variables ['kernel:0', 'Variable:0', 'Variable:0'] when minimizing the loss. If you're using `model.compile()`, did you forget to provide a `loss`argument?
WARNING:tensorflow:Gradients do not exist for variables ['kernel:0', 'Variable:0', 'Variable:0'] when minimizing the loss. If you're using `model.compile()`, did you forget to provide a `loss`argument?
WARNING:tensorflow:Gradients do not exist for variables ['kernel:0', 'Variable:0', 'Variable:0'] when minimizing the loss. If you're using `model.compile()`, did you forget to provide a `loss`argument?
Validation cm: [[637 166  83 103]
 [367 333  65  78]
 [ 34   8  29  49]
 [ 72  28  24  20]]
Validation val_loss: 0.0002997791152874022
Validation normalized_cm: [[0.644 0.168 0.084 0.104]
 [0.435 0.395 0.077 0.093]
 [0.283 0.067 0.242 0.408]
 [0.5   0.194 0.167 0.139]]
Validation acc: 0.48616412213740456
Validation class_accuracies: [0.6440849342770475, 0.39501779359430605, 0.24166666666666667, 0.1388888888888889]
Validation sensitivity: 0.34507678410117437
Validation specificity: 0.6440849342770475
Validation icbhi_score: 0.49458085918911093
Validation roc_auc: None
Validation avg_accuracy: 0.3549145708567273
Validation one_indexed_epoch: 1
Tensor("kl_divergence/weighted_loss/value:0", shape=(), dtype=float32)
Tensor("kl_divergence/weighted_loss/value:0", shape=(), dtype=float32)
-- New best results were achieved. --
249/249 - 208s - accuracy: 0.7327 - student_loss: 0.8491 - distillation_loss: 0.0010 - val_accuracy: 0.7118 - val_student_loss: 0.6283 - 208s/epoch - 833ms/step
here
There is no such attribute
here2
Epoch 2/110
Validation cm: [[785  73  64  67]
 [522 248  23  50]
 [ 48   5  29  38]
 [ 84  19  16  25]]
Validation val_loss: 0.0002226876450403956
Validation normalized_cm: [[0.794 0.074 0.065 0.068]
 [0.619 0.294 0.027 0.059]
 [0.4   0.042 0.242 0.317]
 [0.583 0.132 0.111 0.174]]
Validation acc: 0.5186068702290076
Validation class_accuracies: [0.7937310414560161, 0.2941874258600237, 0.24166666666666667, 0.1736111111111111]
Validation sensitivity: 0.2728093947606143
Validation specificity: 0.7937310414560161
Validation icbhi_score: 0.5332702181083152
Validation roc_auc: None
Validation avg_accuracy: 0.3757990612734544
Validation one_indexed_epoch: 2
-- New best results were achieved. --
249/249 - 185s - accuracy: 0.7203 - student_loss: 0.6173 - distillation_loss: 0.0012 - val_accuracy: 0.8073 - val_student_loss: 0.4668 - 185s/epoch - 743ms/step
here
There is no such attribute
here2
Epoch 3/110
Validation cm: [[518 340  36  95]
 [285 499   8  51]
 [ 18  19  18  65]
 [ 20  61   6  57]]
Validation val_loss: 0.0002580471052468278
Validation normalized_cm: [[0.524 0.344 0.036 0.096]
 [0.338 0.592 0.009 0.06 ]
 [0.15  0.158 0.15  0.542]
 [0.139 0.424 0.042 0.396]]
Validation acc: 0.5209923664122137
Validation class_accuracies: [0.5237613751263903, 0.5919335705812574, 0.15, 0.3958333333333333]
Validation sensitivity: 0.5185185185185185
Validation specificity: 0.5237613751263903
Validation icbhi_score: 0.5211399468224545
Validation roc_auc: None
Validation avg_accuracy: 0.4153820697602452
Validation one_indexed_epoch: 3
The validation tracker metric at 0.5332702181083152 hasn't increased by 0 in 1 epochs
249/249 - 205s - accuracy: 0.7458 - student_loss: 0.9135 - distillation_loss: 0.0029 - val_accuracy: 0.8531 - val_student_loss: 0.5409 - 205s/epoch - 823ms/step
here
There is no such attribute
here2
Epoch 4/110
Validation cm: [[675 192  58  64]
 [428 342  25  48]
 [ 31  18  25  46]
 [ 75  23  10  36]]
Validation val_loss: 0.00016190181308575258
Validation normalized_cm: [[0.683 0.194 0.059 0.065]
 [0.508 0.406 0.03  0.057]
 [0.258 0.15  0.208 0.383]
 [0.521 0.16  0.069 0.25 ]]
Validation acc: 0.5143129770992366
Validation class_accuracies: [0.6825075834175935, 0.40569395017793597, 0.20833333333333334, 0.25]
Validation sensitivity: 0.3640469738030714
Validation specificity: 0.6825075834175935
Validation icbhi_score: 0.5232772786103325
Validation roc_auc: None
Validation avg_accuracy: 0.3866337167322157
Validation one_indexed_epoch: 4
The validation tracker metric at 0.5332702181083152 hasn't increased by 0 in 2 epochs
249/249 - 213s - accuracy: 0.7617 - student_loss: 0.9673 - distillation_loss: 0.0064 - val_accuracy: 0.8373 - val_student_loss: 0.3393 - 213s/epoch - 856ms/step
here
There is no such attribute
here2
Epoch 5/110
Validation cm: [[642 159  44 144]
 [295 431  19  98]
 [ 15  12  26  67]
 [ 38  39  13  54]]
Validation val_loss: 0.0002257672515306764
Validation normalized_cm: [[0.649 0.161 0.044 0.146]
 [0.35  0.511 0.023 0.116]
 [0.125 0.1   0.217 0.558]
 [0.264 0.271 0.09  0.375]]
Validation acc: 0.5500954198473282
Validation class_accuracies: [0.6491405460060667, 0.5112692763938316, 0.21666666666666667, 0.375]
Validation sensitivity: 0.46160794941282746
Validation specificity: 0.6491405460060667
Validation icbhi_score: 0.5553742477094471
Validation roc_auc: None
Validation avg_accuracy: 0.4380191222666413
Validation one_indexed_epoch: 5
-- New best results were achieved. --
249/249 - 213s - accuracy: 0.7511 - student_loss: 0.4941 - distillation_loss: 0.0054 - val_accuracy: 0.8015 - val_student_loss: 0.4732 - 213s/epoch - 856ms/step
here
There is no such attribute
here2
Epoch 6/110
Validation cm: [[492 374  62  61]
 [173 623  15  32]
 [ 17  34  15  54]
 [ 12  86   1  45]]
Validation val_loss: 0.0002350609977054232
Validation normalized_cm: [[0.497 0.378 0.063 0.062]
 [0.205 0.739 0.018 0.038]
 [0.142 0.283 0.125 0.45 ]
 [0.083 0.597 0.007 0.312]]
Validation acc: 0.5605916030534351
Validation class_accuracies: [0.4974721941354904, 0.7390272835112692, 0.125, 0.3125]
Validation sensitivity: 0.6169828364950316
Validation specificity: 0.4974721941354904
Validation icbhi_score: 0.557227515315261
Validation roc_auc: None
Validation avg_accuracy: 0.41849986941168993
Validation one_indexed_epoch: 6
-- New best results were achieved. --
249/249 - 209s - accuracy: 0.7712 - student_loss: 1.0774 - distillation_loss: 0.0073 - val_accuracy: 0.8726 - val_student_loss: 0.4927 - 209s/epoch - 840ms/step
here
There is no such attribute
here2
Epoch 7/110
Validation cm: [[523 319  52  95]
 [231 543  15  54]
 [ 15  21  22  62]
 [ 13  69   8  54]]
Validation val_loss: 0.0003169555472963639
Validation normalized_cm: [[0.529 0.323 0.053 0.096]
 [0.274 0.644 0.018 0.064]
 [0.125 0.175 0.183 0.517]
 [0.09  0.479 0.056 0.375]]
Validation acc: 0.5448473282442748
Validation class_accuracies: [0.5288169868554095, 0.6441281138790036, 0.18333333333333332, 0.375]
Validation sensitivity: 0.5591689250225835
Validation specificity: 0.5288169868554095
Validation icbhi_score: 0.5439929559389964
Validation roc_auc: None
Validation avg_accuracy: 0.4328196085169366
Validation one_indexed_epoch: 7
The validation tracker metric at 0.557227515315261 hasn't increased by 0 in 1 epochs
249/249 - 209s - accuracy: 0.7682 - student_loss: 0.5161 - distillation_loss: 0.0030 - val_accuracy: 0.8359 - val_student_loss: 0.6643 - 209s/epoch - 839ms/step
here
There is no such attribute
here2
Epoch 8/110
Validation cm: [[500 307  59 123]
 [187 543  20  93]
 [ 14  21  21  64]
 [ 17  61  16  50]]
Validation val_loss: 0.00022127038536180976
Validation normalized_cm: [[0.506 0.31  0.06  0.124]
 [0.222 0.644 0.024 0.11 ]
 [0.117 0.175 0.175 0.533]
 [0.118 0.424 0.111 0.347]]
Validation acc: 0.5314885496183206
Validation class_accuracies: [0.5055611729019212, 0.6441281138790036, 0.175, 0.3472222222222222]
Validation sensitivity: 0.5546522131887985
Validation specificity: 0.5055611729019212
Validation icbhi_score: 0.5301066930453598
Validation roc_auc: None
Validation avg_accuracy: 0.4179778772507867
Validation one_indexed_epoch: 8
The validation tracker metric at 0.557227515315261 hasn't increased by 0 in 2 epochs
249/249 - 216s - accuracy: 0.7826 - student_loss: 0.5060 - distillation_loss: 0.0037 - val_accuracy: 0.8149 - val_student_loss: 0.4638 - 216s/epoch - 866ms/step
here
There is no such attribute
here2
Epoch 9/110
Validation cm: [[548 363  26  52]
 [236 571  10  26]
 [ 28  26  23  43]
 [ 32  66   8  38]]
Validation val_loss: 0.0002820692558324974
Validation normalized_cm: [[0.554 0.367 0.026 0.053]
 [0.28  0.677 0.012 0.031]
 [0.233 0.217 0.192 0.358]
 [0.222 0.458 0.056 0.264]]
Validation acc: 0.5629770992366412
Validation class_accuracies: [0.5540950455005056, 0.6773428232502966, 0.19166666666666668, 0.2638888888888889]
Validation sensitivity: 0.5709123757904245
Validation specificity: 0.5540950455005056
Validation icbhi_score: 0.5625037106454651
Validation roc_auc: None
Validation avg_accuracy: 0.4217483560765894
Validation one_indexed_epoch: 9
-- New best results were achieved. --
249/249 - 214s - accuracy: 0.7906 - student_loss: 0.3907 - distillation_loss: 0.0093 - val_accuracy: 0.8917 - val_student_loss: 0.5912 - 214s/epoch - 858ms/step
here
There is no such attribute
here2
Epoch 10/110
Validation cm: [[639 181  83  86]
 [499 258  28  58]
 [ 33  12  25  50]
 [ 60  27  41  16]]
Validation val_loss: 0.0002952777986763088
Validation normalized_cm: [[0.646 0.183 0.084 0.087]
 [0.592 0.306 0.033 0.069]
 [0.275 0.1   0.208 0.417]
 [0.417 0.188 0.285 0.111]]
Validation acc: 0.44751908396946566
Validation class_accuracies: [0.6461071789686552, 0.30604982206405695, 0.20833333333333334, 0.1111111111111111]
Validation sensitivity: 0.27009936766034326
Validation specificity: 0.6461071789686552
Validation icbhi_score: 0.45810327331449924
Validation roc_auc: None
Validation avg_accuracy: 0.3179003613692892
Validation one_indexed_epoch: 10
The validation tracker metric at 0.5625037106454651 hasn't increased by 0 in 1 epochs
249/249 - 211s - accuracy: 0.7753 - student_loss: 0.4516 - distillation_loss: 9.5886e-04 - val_accuracy: 0.8292 - val_student_loss: 0.6189 - 211s/epoch - 847ms/step
here
There is no such attribute
here2
Epoch 11/110
Validation cm: [[335 612  14  28]
 [ 79 749   3  12]
 [ 25  39   8  48]
 [  5  98   7  34]]
Validation val_loss: 0.00012952194527815315
Validation normalized_cm: [[0.339 0.619 0.014 0.028]
 [0.094 0.888 0.004 0.014]
 [0.208 0.325 0.067 0.4  ]
 [0.035 0.681 0.049 0.236]]
Validation acc: 0.5372137404580153
Validation class_accuracies: [0.33872598584428715, 0.8884934756820878, 0.06666666666666667, 0.2361111111111111]
Validation sensitivity: 0.7145438121047877
Validation specificity: 0.33872598584428715
Validation icbhi_score: 0.5266348989745374
Validation roc_auc: None
Validation avg_accuracy: 0.3824993098260382
Validation one_indexed_epoch: 11
The validation tracker metric at 0.5625037106454651 hasn't increased by 0 in 2 epochs
249/249 - 210s - accuracy: 0.7914 - student_loss: 0.3577 - distillation_loss: 0.0053 - val_accuracy: 0.9218 - val_student_loss: 0.2715 - 210s/epoch - 843ms/step
here
There is no such attribute
here2
Epoch 12/110
Validation cm: [[687 244  40  18]
 [349 469  13  12]
 [ 53   9  43  15]
 [ 70  36  24  14]]
Validation val_loss: 0.00020702723555892478
Validation normalized_cm: [[0.695 0.247 0.04  0.018]
 [0.414 0.556 0.015 0.014]
 [0.442 0.075 0.358 0.125]
 [0.486 0.25  0.167 0.097]]
Validation acc: 0.5787213740458015
Validation class_accuracies: [0.6946410515672397, 0.5563463819691578, 0.35833333333333334, 0.09722222222222222]
Validation sensitivity: 0.4751580849141825
Validation specificity: 0.6946410515672397
Validation icbhi_score: 0.5848995682407111
Validation roc_auc: None
Validation avg_accuracy: 0.42663574727298825
Validation one_indexed_epoch: 12
-- New best results were achieved. --
249/249 - 215s - accuracy: 0.7856 - student_loss: 0.6283 - distillation_loss: 0.0107 - val_accuracy: 0.8969 - val_student_loss: 0.4339 - 215s/epoch - 862ms/step
here
There is no such attribute
here2
Epoch 13/110
Validation cm: [[794 105  67  23]
 [589 193  43  18]
 [ 45   1  47  27]
 [ 83   0  41  20]]
Validation val_loss: 0.0002414530982042997
Validation normalized_cm: [[0.803 0.106 0.068 0.023]
 [0.699 0.229 0.051 0.021]
 [0.375 0.008 0.392 0.225]
 [0.576 0.    0.285 0.139]]
Validation acc: 0.5028625954198473
Validation class_accuracies: [0.8028311425682507, 0.22894424673784106, 0.39166666666666666, 0.1388888888888889]
Validation sensitivity: 0.23486901535682023
Validation specificity: 0.8028311425682507
Validation icbhi_score: 0.5188500789625354
Validation roc_auc: None
Validation avg_accuracy: 0.3905827362154118
Validation one_indexed_epoch: 13
The validation tracker metric at 0.5848995682407111 hasn't increased by 0 in 1 epochs
249/249 - 215s - accuracy: 0.7952 - student_loss: 0.5043 - distillation_loss: 0.0038 - val_accuracy: 0.8111 - val_student_loss: 0.5061 - 215s/epoch - 862ms/step
here
There is no such attribute
here2
Epoch 14/110
Validation cm: [[655 241  30  63]
 [459 349   8  27]
 [ 32  22  28  38]
 [ 65  31  20  28]]
Validation val_loss: 0.00019672598320109243
Validation normalized_cm: [[0.662 0.244 0.03  0.064]
 [0.544 0.414 0.009 0.032]
 [0.267 0.183 0.233 0.317]
 [0.451 0.215 0.139 0.194]]
Validation acc: 0.5057251908396947
Validation class_accuracies: [0.6622851365015167, 0.4139976275207592, 0.23333333333333334, 0.19444444444444445]
Validation sensitivity: 0.36585365853658536
Validation specificity: 0.6622851365015167
Validation icbhi_score: 0.514069397519051
Validation roc_auc: None
Validation avg_accuracy: 0.3760151354500134
Validation one_indexed_epoch: 14
The validation tracker metric at 0.5848995682407111 hasn't increased by 0 in 2 epochs
249/249 - 213s - accuracy: 0.7914 - student_loss: 0.3608 - distillation_loss: 0.0061 - val_accuracy: 0.8927 - val_student_loss: 0.4123 - 213s/epoch - 854ms/step
here
There is no such attribute
here2
Epoch 15/110
Validation cm: [[648 223  49  69]
 [420 359  20  44]
 [ 27  20  27  46]
 [ 42  38  16  48]]
Validation val_loss: 0.0001672428414111829
Validation normalized_cm: [[0.655 0.225 0.05  0.07 ]
 [0.498 0.426 0.024 0.052]
 [0.225 0.167 0.225 0.383]
 [0.292 0.264 0.111 0.333]]
Validation acc: 0.5162213740458015
Validation class_accuracies: [0.6552072800808898, 0.4258600237247924, 0.225, 0.3333333333333333]
Validation sensitivity: 0.3920505871725384
Validation specificity: 0.6552072800808898
Validation icbhi_score: 0.5236289336267141
Validation roc_auc: None
Validation avg_accuracy: 0.4098501592847539
Validation one_indexed_epoch: 15
The validation tracker metric at 0.5848995682407111 hasn't increased by 0 in 3 epochs
249/249 - 213s - accuracy: 0.7969 - student_loss: 1.2560 - distillation_loss: 0.0067 - val_accuracy: 0.8507 - val_student_loss: 0.3505 - 213s/epoch - 855ms/step
here
There is no such attribute
here2
Epoch 16/110
Validation cm: [[661 237  50  41]
 [465 327  14  37]
 [ 27  21  36  36]
 [ 57  29  21  37]]
Validation val_loss: 0.0001920187518796848
Validation normalized_cm: [[0.668 0.24  0.051 0.041]
 [0.552 0.388 0.017 0.044]
 [0.225 0.175 0.3   0.3  ]
 [0.396 0.201 0.146 0.257]]
Validation acc: 0.5062022900763359
Validation class_accuracies: [0.6683518705763397, 0.3879003558718861, 0.3, 0.2569444444444444]
Validation sensitivity: 0.36133694670280037
Validation specificity: 0.6683518705763397
Validation icbhi_score: 0.51484440863957
Validation roc_auc: None
Validation avg_accuracy: 0.40329916772316754
Validation one_indexed_epoch: 16
The validation tracker metric at 0.5848995682407111 hasn't increased by 0 in 4 epochs
249/249 - 220s - accuracy: 0.7831 - student_loss: 1.4689 - distillation_loss: 0.0083 - val_accuracy: 0.8721 - val_student_loss: 0.4025 - 220s/epoch - 884ms/step
here
There is no such attribute
here2
Epoch 17/110
Validation cm: [[550 232  49 158]
 [253 443  25 122]
 [ 14  12  26  68]
 [ 23  48   6  67]]
Validation val_loss: 0.00031968447884530513
Validation normalized_cm: [[0.556 0.235 0.05  0.16 ]
 [0.3   0.526 0.03  0.145]
 [0.117 0.1   0.217 0.567]
 [0.16  0.333 0.042 0.465]]
Validation acc: 0.5181297709923665
Validation class_accuracies: [0.5561172901921132, 0.5255041518386714, 0.21666666666666667, 0.4652777777777778]
Validation sensitivity: 0.48419150858175247
Validation specificity: 0.5561172901921132
Validation icbhi_score: 0.5201543993869329
Validation roc_auc: None
Validation avg_accuracy: 0.44089147161880726
Validation one_indexed_epoch: 17
The validation tracker metric at 0.5848995682407111 hasn't increased by 0 in 5 epochs
249/249 - 218s - accuracy: 0.7972 - student_loss: 0.3595 - distillation_loss: 0.0058 - val_accuracy: 0.8053 - val_student_loss: 0.6701 - 218s/epoch - 876ms/step
here
There is no such attribute
here2
Epoch 18/110
Validation cm: [[831 100  47  11]
 [609 214  10  10]
 [ 56  10  47   7]
 [ 71  24  28  21]]
Validation val_loss: 0.0007609411050345152
Validation normalized_cm: [[0.84  0.101 0.048 0.011]
 [0.722 0.254 0.012 0.012]
 [0.467 0.083 0.392 0.058]
 [0.493 0.167 0.194 0.146]]
Validation acc: 0.5310114503816794
Validation class_accuracies: [0.840242669362993, 0.2538552787663108, 0.39166666666666666, 0.14583333333333334]
Validation sensitivity: 0.25474254742547425
Validation specificity: 0.840242669362993
Validation icbhi_score: 0.5474926083942336
Validation roc_auc: None
Validation avg_accuracy: 0.4078994870323259
Validation one_indexed_epoch: 18
The validation tracker metric at 0.5848995682407111 hasn't increased by 0 in 6 epochs
249/249 - 216s - accuracy: 0.7937 - student_loss: 1.1736 - distillation_loss: 0.0033 - val_accuracy: 0.8669 - val_student_loss: 1.5949 - 216s/epoch - 868ms/step
here
There is no such attribute
here2
Epoch 19/110
Validation cm: [[500 438  28  23]
 [269 553   8  13]
 [ 24  33  43  20]
 [ 13  87   8  36]]
Validation val_loss: 6.551006169037055e-05
Validation normalized_cm: [[0.506 0.443 0.028 0.023]
 [0.319 0.656 0.009 0.015]
 [0.2   0.275 0.358 0.167]
 [0.09  0.604 0.056 0.25 ]]
Validation acc: 0.5400763358778626
Validation class_accuracies: [0.5055611729019212, 0.6559905100830368, 0.35833333333333334, 0.25]
Validation sensitivity: 0.5709123757904245
Validation specificity: 0.5055611729019212
Validation icbhi_score: 0.5382367743461729
Validation roc_auc: None
Validation avg_accuracy: 0.44247125407957283
Validation one_indexed_epoch: 19
The validation tracker metric at 0.5848995682407111 hasn't increased by 0 in 7 epochs
249/249 - 198s - accuracy: 0.7896 - student_loss: 0.5139 - distillation_loss: 0.0070 - val_accuracy: 0.9031 - val_student_loss: 0.1373 - 198s/epoch - 796ms/step
here
There is no such attribute
here2
Epoch 20/110
Validation cm: [[438 478  26  47]
 [116 680  11  36]
 [ 21  32  21  46]
 [ 13  76   7  48]]
Validation val_loss: 2.836253856600241e-05
Validation normalized_cm: [[0.443 0.483 0.026 0.048]
 [0.138 0.807 0.013 0.043]
 [0.175 0.267 0.175 0.383]
 [0.09  0.528 0.049 0.333]]
Validation acc: 0.5663167938931297
Validation class_accuracies: [0.44287158746208294, 0.8066429418742586, 0.175, 0.3333333333333333]
Validation sensitivity: 0.6766034327009937
Validation specificity: 0.44287158746208294
Validation icbhi_score: 0.5597375100815383
Validation roc_auc: None
Validation avg_accuracy: 0.4394619656674187
Validation one_indexed_epoch: 20
The validation tracker metric at 0.5848995682407111 hasn't increased by 0 in 8 epochs
249/249 - 192s - accuracy: 0.8010 - student_loss: 0.2500 - distillation_loss: 0.0139 - val_accuracy: 0.8726 - val_student_loss: 0.0594 - 192s/epoch - 770ms/step
here
There is no such attribute
here2
Epoch 21/110
Validation cm: [[510 269 111  99]
 [256 440  44 103]
 [ 19  14  39  48]
 [ 45  21  44  34]]
Validation val_loss: 0.00012938914294461257
Validation normalized_cm: [[0.516 0.272 0.112 0.1  ]
 [0.304 0.522 0.052 0.122]
 [0.158 0.117 0.325 0.4  ]
 [0.312 0.146 0.306 0.236]]
Validation acc: 0.4880725190839695
Validation class_accuracies: [0.5156723963599595, 0.5219454329774614, 0.325, 0.2361111111111111]
Validation sensitivity: 0.4634146341463415
Validation specificity: 0.5156723963599595
Validation icbhi_score: 0.48954351525315054
Validation roc_auc: None
Validation avg_accuracy: 0.399682235112133
Validation one_indexed_epoch: 21
The validation tracker metric at 0.5848995682407111 hasn't increased by 0 in 9 epochs
249/249 - 185s - accuracy: 0.7874 - student_loss: 1.0880 - distillation_loss: 0.0027 - val_accuracy: 0.7309 - val_student_loss: 0.2712 - 185s/epoch - 743ms/step
here
There is no such attribute
here2
Epoch 22/110
Validation cm: [[580 278  70  61]
 [332 449  18  44]
 [ 28  13  43  36]
 [ 31  53  24  36]]
Validation val_loss: 0.0001482658429455211
Validation normalized_cm: [[0.586 0.281 0.071 0.062]
 [0.394 0.533 0.021 0.052]
 [0.233 0.108 0.358 0.3  ]
 [0.215 0.368 0.167 0.25 ]]
Validation acc: 0.5286259541984732
Validation class_accuracies: [0.5864509605662285, 0.5326215895610913, 0.35833333333333334, 0.25]
Validation sensitivity: 0.47696476964769646
Validation specificity: 0.5864509605662285
Validation icbhi_score: 0.5317078651069624
Validation roc_auc: None
Validation avg_accuracy: 0.4318514708651633
Validation one_indexed_epoch: 22
The validation tracker metric at 0.5848995682407111 hasn't increased by 0 in 10 epochs
Lr has been adjusted to 0.0024999999441206455
249/249 - 185s - accuracy: 0.7939 - student_loss: 0.7920 - distillation_loss: 0.0150 - val_accuracy: 0.8340 - val_student_loss: 0.3108 - 185s/epoch - 741ms/step
here
There is no such attribute
here2
Epoch 23/110
Validation cm: [[288 541  30 130]
 [152 596  19  76]
 [ 11  15  23  71]
 [  4  69   8  63]]
Validation val_loss: 5.0852775488418476e-05
Validation normalized_cm: [[0.291 0.547 0.03  0.131]
 [0.18  0.707 0.023 0.09 ]
 [0.092 0.125 0.192 0.592]
 [0.028 0.479 0.056 0.438]]
Validation acc: 0.4627862595419847
Validation class_accuracies: [0.29120323559150657, 0.7069988137603797, 0.19166666666666668, 0.4375]
Validation sensitivity: 0.6160794941282746
Validation specificity: 0.29120323559150657
Validation icbhi_score: 0.4536413648598906
Validation roc_auc: None
Validation avg_accuracy: 0.4068421790046382
Validation one_indexed_epoch: 23
The validation tracker metric at 0.5848995682407111 hasn't increased by 0 in 11 epochs
249/249 - 188s - accuracy: 0.7947 - student_loss: 0.8920 - distillation_loss: 0.0087 - val_accuracy: 0.8526 - val_student_loss: 0.1066 - 188s/epoch - 754ms/step
here
There is no such attribute
here2
Epoch 24/110
Validation cm: [[602 261  46  80]
 [351 402  36  54]
 [ 23  15  43  39]
 [ 24  51  16  53]]
Validation val_loss: 5.7686184255676414e-05
Validation normalized_cm: [[0.609 0.264 0.047 0.081]
 [0.416 0.477 0.043 0.064]
 [0.192 0.125 0.358 0.325]
 [0.167 0.354 0.111 0.368]]
Validation acc: 0.5248091603053435
Validation class_accuracies: [0.6086956521739131, 0.47686832740213525, 0.35833333333333334, 0.3680555555555556]
Validation sensitivity: 0.44986449864498645
Validation specificity: 0.6086956521739131
Validation icbhi_score: 0.5292800754094498
Validation roc_auc: None
Validation avg_accuracy: 0.4529882171162343
Validation one_indexed_epoch: 24
The validation tracker metric at 0.5848995682407111 hasn't increased by 0 in 12 epochs
249/249 - 190s - accuracy: 0.7929 - student_loss: 0.2899 - distillation_loss: 0.0114 - val_accuracy: 0.8292 - val_student_loss: 0.1209 - 190s/epoch - 763ms/step
here
There is no such attribute
here2
Epoch 25/110
Validation cm: [[545 255  87 102]
 [191 484  42 126]
 [ 18  11  44  47]
 [ 26  29  29  60]]
Validation val_loss: 0.000686878238925497
Validation normalized_cm: [[0.551 0.258 0.088 0.103]
 [0.227 0.574 0.05  0.149]
 [0.15  0.092 0.367 0.392]
 [0.181 0.201 0.201 0.417]]
Validation acc: 0.5405534351145038
Validation class_accuracies: [0.5510616784630941, 0.5741399762752076, 0.36666666666666664, 0.4166666666666667]
Validation sensitivity: 0.5311653116531165
Validation specificity: 0.5510616784630941
Validation icbhi_score: 0.5411134950581054
Validation roc_auc: None
Validation avg_accuracy: 0.4771337470179088
Validation one_indexed_epoch: 25
The validation tracker metric at 0.5848995682407111 hasn't increased by 0 in 13 epochs
249/249 - 218s - accuracy: 0.7874 - student_loss: 0.3056 - distillation_loss: 0.0095 - val_accuracy: 0.7514 - val_student_loss: 1.4397 - 218s/epoch - 877ms/step
here
There is no such attribute
here2
Epoch 26/110
Validation cm: [[497 368  71  53]
 [190 578  22  53]
 [ 25  12  42  41]
 [ 25  53  35  31]]
Validation val_loss: 0.0002803134497340399
Validation normalized_cm: [[0.503 0.372 0.072 0.054]
 [0.225 0.686 0.026 0.063]
 [0.208 0.1   0.35  0.342]
 [0.174 0.368 0.243 0.215]]
Validation acc: 0.5477099236641222
Validation class_accuracies: [0.5025278058645096, 0.6856465005931198, 0.35, 0.2152777777777778]
Validation sensitivity: 0.5880758807588076
Validation specificity: 0.5025278058645096
Validation icbhi_score: 0.5453018433116585
Validation roc_auc: None
Validation avg_accuracy: 0.43836302105885183
Validation one_indexed_epoch: 26
The validation tracker metric at 0.5848995682407111 hasn't increased by 0 in 14 epochs
249/249 - 215s - accuracy: 0.7974 - student_loss: 1.4941 - distillation_loss: 0.0068 - val_accuracy: 0.8273 - val_student_loss: 0.5875 - 215s/epoch - 865ms/step
here
There is no such attribute
here2
Epoch 27/110
Validation cm: [[570 330  37  52]
 [265 514  18  46]
 [ 28  16  38  38]
 [ 25  61  16  42]]
Validation val_loss: 6.832286203635557e-05
Validation normalized_cm: [[0.576 0.334 0.037 0.053]
 [0.314 0.61  0.021 0.055]
 [0.233 0.133 0.317 0.317]
 [0.174 0.424 0.111 0.292]]
Validation acc: 0.5553435114503816
Validation class_accuracies: [0.5763397371081901, 0.6097271648873073, 0.31666666666666665, 0.2916666666666667]
Validation sensitivity: 0.5365853658536586
Validation specificity: 0.5763397371081901
Validation icbhi_score: 0.5564625514809243
Validation roc_auc: None
Validation avg_accuracy: 0.44860005883220766
Validation one_indexed_epoch: 27
The validation tracker metric at 0.5848995682407111 hasn't increased by 0 in 15 epochs
249/249 - 215s - accuracy: 0.7924 - student_loss: 0.4023 - distillation_loss: 0.0105 - val_accuracy: 0.8564 - val_student_loss: 0.1432 - 215s/epoch - 865ms/step
here
There is no such attribute
here2
Epoch 28/110
Validation cm: [[628 230  68  63]
 [379 386  30  48]
 [ 25  11  51  33]
 [ 29  31  30  54]]
Validation val_loss: 4.019802933885851e-05
Validation normalized_cm: [[0.635 0.233 0.069 0.064]
 [0.45  0.458 0.036 0.057]
 [0.208 0.092 0.425 0.275]
 [0.201 0.215 0.208 0.375]]
Validation acc: 0.5338740458015268
Validation class_accuracies: [0.6349848331648129, 0.4578884934756821, 0.425, 0.375]
Validation sensitivity: 0.44354110207768743
Validation specificity: 0.6349848331648129
Validation icbhi_score: 0.5392629676212501
Validation roc_auc: None
Validation avg_accuracy: 0.4732183316601238
Validation one_indexed_epoch: 28
The validation tracker metric at 0.5848995682407111 hasn't increased by 0 in 16 epochs
249/249 - 215s - accuracy: 0.7881 - student_loss: 0.6208 - distillation_loss: 0.0115 - val_accuracy: 0.8139 - val_student_loss: 0.0843 - 215s/epoch - 862ms/step
here
There is no such attribute
here2
Epoch 29/110
Validation cm: [[473 399  59  58]
 [222 551  23  47]
 [ 24  17  40  39]
 [ 23  62  21  38]]
Validation val_loss: 6.346621387104951e-05
Validation normalized_cm: [[0.478 0.403 0.06  0.059]
 [0.263 0.654 0.027 0.056]
 [0.2   0.142 0.333 0.325]
 [0.16  0.431 0.146 0.264]]
Validation acc: 0.5257633587786259
Validation class_accuracies: [0.4782608695652174, 0.6536180308422301, 0.3333333333333333, 0.2638888888888889]
Validation sensitivity: 0.5682023486901535
Validation specificity: 0.4782608695652174
Validation icbhi_score: 0.5232316091276854
Validation roc_auc: None
Validation avg_accuracy: 0.43227528065741744
Validation one_indexed_epoch: 29
The validation tracker metric at 0.5848995682407111 hasn't increased by 0 in 17 epochs
249/249 - 218s - accuracy: 0.7924 - student_loss: 0.8661 - distillation_loss: 0.0026 - val_accuracy: 0.8359 - val_student_loss: 0.1330 - 218s/epoch - 875ms/step
here
There is no such attribute
here2
Epoch 30/110
Validation cm: [[531 224  89 145]
 [199 450  43 151]
 [ 12  12  34  62]
 [ 25  29  20  70]]
Validation val_loss: 0.0005973612761679496
Validation normalized_cm: [[0.537 0.226 0.09  0.147]
 [0.236 0.534 0.051 0.179]
 [0.1   0.1   0.283 0.517]
 [0.174 0.201 0.139 0.486]]
Validation acc: 0.5176526717557252
Validation class_accuracies: [0.5369059656218402, 0.5338078291814946, 0.2833333333333333, 0.4861111111111111]
Validation sensitivity: 0.5004516711833785
Validation specificity: 0.5369059656218402
Validation icbhi_score: 0.5186788184026094
Validation roc_auc: None
Validation avg_accuracy: 0.4600395598119448
Validation one_indexed_epoch: 30
The validation tracker metric at 0.5848995682407111 hasn't increased by 0 in 18 epochs
249/249 - 220s - accuracy: 0.7833 - student_loss: 0.1120 - distillation_loss: 0.0203 - val_accuracy: 0.7223 - val_student_loss: 1.2521 - 220s/epoch - 882ms/step
here
There is no such attribute
here2
Epoch 31/110
Validation cm: [[523 343  69  54]
 [195 574  35  39]
 [ 31   8  43  38]
 [ 36  51  29  28]]
Validation val_loss: 0.0002585046618949366
Validation normalized_cm: [[0.529 0.347 0.07  0.055]
 [0.231 0.681 0.042 0.046]
 [0.258 0.067 0.358 0.317]
 [0.25  0.354 0.201 0.194]]
Validation acc: 0.5572519083969466
Validation class_accuracies: [0.5288169868554095, 0.6809015421115066, 0.35833333333333334, 0.19444444444444445]
Validation sensitivity: 0.5826558265582655
Validation specificity: 0.5288169868554095
Validation icbhi_score: 0.5557364067068375
Validation roc_auc: None
Validation avg_accuracy: 0.4406240766861735
Validation one_indexed_epoch: 31
The validation tracker metric at 0.5848995682407111 hasn't increased by 0 in 19 epochs
249/249 - 219s - accuracy: 0.7793 - student_loss: 0.3875 - distillation_loss: 0.0093 - val_accuracy: 0.8244 - val_student_loss: 0.5418 - 219s/epoch - 879ms/step
here
There is no such attribute
here2
Epoch 32/110
Validation cm: [[525 308  56 100]
 [186 536  32  89]
 [ 14  15  39  52]
 [ 28  36  23  57]]
Validation val_loss: 0.0007028629761615783
Validation normalized_cm: [[0.531 0.311 0.057 0.101]
 [0.221 0.636 0.038 0.106]
 [0.117 0.125 0.325 0.433]
 [0.194 0.25  0.16  0.396]]
Validation acc: 0.5520038167938931
Validation class_accuracies: [0.5308392315470172, 0.6358244365361803, 0.325, 0.3958333333333333]
Validation sensitivity: 0.5709123757904245
Validation specificity: 0.5308392315470172
Validation icbhi_score: 0.5508758036687209
Validation roc_auc: None
Validation avg_accuracy: 0.47187425035413266
Validation one_indexed_epoch: 32
The number of epochs since last 1% equals the patience
Lr has been adjusted to 0.0012499999720603228
249/249 - 222s - accuracy: 0.7846 - student_loss: 0.2705 - distillation_loss: 0.0094 - val_accuracy: 0.7853 - val_student_loss: 1.4732 - 222s/epoch - 893ms/step
----------------------------------
The best metrics for this job are: 

Best icbhi_score: 0.5848995682407111
Best cm: [[687 244  40  18]
 [349 469  13  12]
 [ 53   9  43  15]
 [ 70  36  24  14]]
Best val_loss: 0.00020702723555892478
Best normalized_cm: [[0.695 0.247 0.04  0.018]
 [0.414 0.556 0.015 0.014]
 [0.442 0.075 0.358 0.125]
 [0.486 0.25  0.167 0.097]]
Best acc: 0.5787213740458015
