Tensorflow Version: 2.8.0
Num GPUs Available:  1
Collecting Variables...
All variables have been collected.
../cache/
cw
train202
Description:  effnet: kfold, mel, no normalizing, 1 optimizer w adaptive lr, overlap threshold = 0.3,
-----------------------
training parameters
[('cache_root', '../cache/'), ('data_root', '../data/'), ('jordan_root', '../data/jwyy9np4gv-3/'), ('icbhi_root', '../data/raw_audios/icbhi_preprocessed_v2_8000/'), ('bd_root', '../data/PCV_SEGMENTED_Processed_Files/'), ('excel_path', '../data/Bangladesh_PCV_onlyStudyPatients.xlsx'), ('perch_root', '../data/raw_audios/perch_8000_10seconds'), ('ant_root', '../data/raw_audios/Antwerp_Clinical_Complete'), ('description', ' effnet: kfold, mel, no normalizing, 1 optimizer w adaptive lr, overlap threshold = 0.3,'), ('job_id', 0), ('mode', 'cw'), ('n_classes', 2), ('shape', (80, 500, 3)), ('n_epochs', 110), ('lr', 0.005), ('batch_size', 64), ('ll2_reg', 0), ('weight_decay', 0.0001), ('label_smoothing', 0), ('epsilon', 1e-07), ('es_patience', 15), ('min_delta', 0), ('train_test_ratio', 0.8), ('kfold', False), ('clause', 0), ('epoch_start', 0), ('testing', 0), ('adaptive_lr', True), ('cuberooting', 1), ('normalizing', 1), ('class_weights', True), ('early_stopping', True), ('initial_channels', 1), ('factor', 0.5), ('lr_patience', 10), ('min_lr', 1e-05), ('sr', 8000), ('audio_length', 5), ('step_size', 2.5), ('n_fft', 1024), ('hop_length', 254), ('n_mels', 128), ('overlap_threshold', 0.3), ('trainable_fb', False), ('to_decibel', True), ('train_nn', False), ('train_mel', False), ('file_dir', '../cache/cw/train202'), ('n_sequences', 9), ('activate_spectral_loss', False), ('normalize', False), ('stacking', False), ('oversample', False), ('one_hot_encoding', False), ('activation', 'sigmoid'), ('n_filters', 80), ('code', -1), ('distillation', False)]
Job id is 1.
Job dir: ../cache/cw/train202/1
- Loading Icbhi.
920 Icbhi audios have been loaded.
- Preparing Icbhi.
126 Icbhi groups of audio chunks (by filename or patients) have been prepared.
--- Samples are being split into training/val groups and de-grouped by patient ---
Job id is 2.
len(_all_samples)
7857
-----------------------
--- Final training dataset went from 0 to 4769 elements, with 2299 none's, 1353 crakles, 554 wheezes and 563 both ---
--- Final Validation dataset contains 3080 elements, with 1574 none, 860 crackles, 404 wheezes and 242 both ---
GPUs
['/device:GPU:0']
Initializing weights...
weights = {0: 0.518595041322314, 1: 0.881189948263119, 2: 2.152075812274368, 3: 2.1176731793960926}
Model: "sequential"
_________________________________________________________________
 Layer (type)                Output Shape              Param #   
=================================================================
 resnet50 (Functional)       (None, 3, 16, 2048)       23587712  
                                                                 
 global_average_pooling2d (G  (None, 2048)             0         
 lobalAveragePooling2D)                                          
                                                                 
 dense (Dense)               (None, 100)               204900    
                                                                 
 dropout (Dropout)           (None, 100)               0         
                                                                 
 dense_1 (Dense)             (None, 50)                5050      
                                                                 
 dropout_1 (Dropout)         (None, 50)                0         
                                                                 
 dense_2 (Dense)             (None, 2)                 102       
                                                                 
=================================================================
Total params: 23,797,764
Trainable params: 23,744,644
Non-trainable params: 53,120
_________________________________________________________________
Model: "leaf_model9_model_efnet1"
______________________________________________________________________________________________________________
 Layer (type)                                    Output Shape                                Param #          
==============================================================================================================
 mel_filterbanks (MelFilterbanks)                multiple                                    0                
                                                                                                              
 mel_filterbanks_1 (MelFilterbanks)              multiple                                    0 (unused)       
                                                                                                              
 sincnet (SincNet)                               multiple                                    0 (unused)       
                                                                                                              
 sequential (Sequential)                         (None, 2)                                   23797764         
                                                                                                              
==============================================================================================================
Total params: 23,797,926
Trainable params: 23,744,806
Non-trainable params: 53,120
______________________________________________________________________________________________________________
Target metric is icbhi_score
here
There is no such attribute
here2
Epoch 1/110
/home/alirachidi/classification_algorithm/trainers/modules/main/global_helpers.py:48: UserWarning: Matplotlib is currently using agg, which is a non-GUI backend, so cannot show the figure.
  plt.show()
WARNING:tensorflow:Gradients do not exist for variables ['kernel:0', 'Variable:0', 'Variable:0'] when minimizing the loss. If you're using `model.compile()`, did you forget to provide a `loss`argument?
WARNING:tensorflow:Gradients do not exist for variables ['kernel:0', 'Variable:0', 'Variable:0'] when minimizing the loss. If you're using `model.compile()`, did you forget to provide a `loss`argument?
WARNING:tensorflow:Gradients do not exist for variables ['kernel:0', 'Variable:0', 'Variable:0'] when minimizing the loss. If you're using `model.compile()`, did you forget to provide a `loss`argument?
WARNING:tensorflow:Gradients do not exist for variables ['kernel:0', 'Variable:0', 'Variable:0'] when minimizing the loss. If you're using `model.compile()`, did you forget to provide a `loss`argument?
Validation cm: [[ 176 1333    7   58]
 [ 101  758    0    1]
 [  87  295    1   21]
 [  58  177    0    7]]
Validation val_loss: 0.6427442351912523
Validation normalized_cm: [[0.112 0.847 0.004 0.037]
 [0.117 0.881 0.    0.001]
 [0.215 0.73  0.002 0.052]
 [0.24  0.731 0.    0.029]]
Validation acc: 0.30584415584415586
Validation class_accuracies: [0.11181702668360864, 0.8813953488372093, 0.0024752475247524753, 0.028925619834710745]
Validation sensitivity: 0.5086321381142098
Validation specificity: 0.11181702668360864
Validation icbhi_score: 0.3102245823989092
Validation roc_auc: None
Validation avg_accuracy: 0.25615331072007025
Validation one_indexed_epoch: 1
-- New best results were achieved. --
75/75 - 230s - loss: 0.6690 - accuracy: 0.6167 - 230s/epoch - 3s/step
here
There is no such attribute
here2
Epoch 2/110
Validation cm: [[1551    0   23    0]
 [ 859    0    1    0]
 [ 400    0    4    0]
 [ 242    0    0    0]]
Validation val_loss: 0.5948593230506817
Validation normalized_cm: [[0.985 0.    0.015 0.   ]
 [0.999 0.    0.001 0.   ]
 [0.99  0.    0.01  0.   ]
 [1.    0.    0.    0.   ]]
Validation acc: 0.5048701298701299
Validation class_accuracies: [0.9853875476493011, 0.0, 0.009900990099009901, 0.0]
Validation sensitivity: 0.0026560424966799467
Validation specificity: 0.9853875476493011
Validation icbhi_score: 0.49402179507299054
Validation roc_auc: None
Validation avg_accuracy: 0.24882213443707776
Validation one_indexed_epoch: 2
-- New best results were achieved. --
75/75 - 222s - loss: 0.5754 - accuracy: 0.7511 - 222s/epoch - 3s/step
here
There is no such attribute
here2
Epoch 3/110
Validation cm: [[1545    5   21    3]
 [ 860    0    0    0]
 [ 402    1    1    0]
 [ 241    0    1    0]]
Validation val_loss: 0.595027528366969
Validation normalized_cm: [[0.982 0.003 0.013 0.002]
 [1.    0.    0.    0.   ]
 [0.995 0.002 0.002 0.   ]
 [0.996 0.    0.004 0.   ]]
Validation acc: 0.5019480519480519
Validation class_accuracies: [0.9815756035578145, 0.0, 0.0024752475247524753, 0.0]
Validation sensitivity: 0.0006640106241699867
Validation specificity: 0.9815756035578145
Validation icbhi_score: 0.49111980709099223
Validation roc_auc: None
Validation avg_accuracy: 0.24601271277064174
Validation one_indexed_epoch: 3
The validation tracker metric at 0.49402179507299054 hasn't increased by 0 in 1 epochs
75/75 - 222s - loss: 0.5051 - accuracy: 0.7624 - 222s/epoch - 3s/step
here
There is no such attribute
here2
Epoch 4/110
Validation cm: [[1493    6   71    4]
 [ 844   11    5    0]
 [ 388    5   11    0]
 [ 234    2    6    0]]
Validation val_loss: 0.5964934605947853
Validation normalized_cm: [[0.949 0.004 0.045 0.003]
 [0.981 0.013 0.006 0.   ]
 [0.96  0.012 0.027 0.   ]
 [0.967 0.008 0.025 0.   ]]
Validation acc: 0.49188311688311687
Validation class_accuracies: [0.9485387547649301, 0.012790697674418604, 0.027227722772277228, 0.0]
Validation sensitivity: 0.014608233731739707
Validation specificity: 0.9485387547649301
Validation icbhi_score: 0.4815734942483349
Validation roc_auc: None
Validation avg_accuracy: 0.2471392938029065
Validation one_indexed_epoch: 4
The validation tracker metric at 0.49402179507299054 hasn't increased by 0 in 2 epochs
75/75 - 221s - loss: 0.4489 - accuracy: 0.7991 - 221s/epoch - 3s/step
here
There is no such attribute
here2
Epoch 5/110
Validation cm: [[676 846  10  42]
 [235 617   0   8]
 [132 257   2  13]
 [ 89 148   1   4]]
Validation val_loss: 0.605960648042428
Validation normalized_cm: [[0.429 0.537 0.006 0.027]
 [0.273 0.717 0.    0.009]
 [0.327 0.636 0.005 0.032]
 [0.368 0.612 0.004 0.017]]
Validation acc: 0.42175324675324677
Validation class_accuracies: [0.42947903430749684, 0.7174418604651163, 0.0049504950495049506, 0.01652892561983471]
Validation sensitivity: 0.41367861885790175
Validation specificity: 0.42947903430749684
Validation icbhi_score: 0.4215788265826993
Validation roc_auc: None
Validation avg_accuracy: 0.29210007886048817
Validation one_indexed_epoch: 5
The validation tracker metric at 0.49402179507299054 hasn't increased by 0 in 3 epochs
75/75 - 217s - loss: 0.3856 - accuracy: 0.8021 - 217s/epoch - 3s/step
here
There is no such attribute
here2
Epoch 6/110
Validation cm: [[1484   69   21    0]
 [ 820   38    1    1]
 [ 377   19    8    0]
 [ 227   11    3    1]]
Validation val_loss: 0.613449626786078
Validation normalized_cm: [[0.943 0.044 0.013 0.   ]
 [0.953 0.044 0.001 0.001]
 [0.933 0.047 0.02  0.   ]
 [0.938 0.045 0.012 0.004]]
Validation acc: 0.49707792207792206
Validation class_accuracies: [0.9428208386277002, 0.044186046511627906, 0.019801980198019802, 0.004132231404958678]
Validation sensitivity: 0.031208499335989376
Validation specificity: 0.9428208386277002
Validation icbhi_score: 0.48701466898184476
Validation roc_auc: None
Validation avg_accuracy: 0.2527352741855767
Validation one_indexed_epoch: 6
The validation tracker metric at 0.49402179507299054 hasn't increased by 0 in 4 epochs
75/75 - 220s - loss: 0.3307 - accuracy: 0.8299 - 220s/epoch - 3s/step
here
There is no such attribute
here2
Epoch 7/110
Validation cm: [[723 377 371 103]
 [320 420  78  42]
 [154  57 154  39]
 [101  43  64  34]]
Validation val_loss: 0.6413638207347846
Validation normalized_cm: [[0.459 0.24  0.236 0.065]
 [0.372 0.488 0.091 0.049]
 [0.381 0.141 0.381 0.097]
 [0.417 0.178 0.264 0.14 ]]
Validation acc: 0.43214285714285716
Validation class_accuracies: [0.4593392630241423, 0.4883720930232558, 0.3811881188118812, 0.14049586776859505]
Validation sensitivity: 0.4037184594953519
Validation specificity: 0.4593392630241423
Validation icbhi_score: 0.4315288612597471
Validation roc_auc: None
Validation avg_accuracy: 0.3673488356569686
Validation one_indexed_epoch: 7
The validation tracker metric at 0.49402179507299054 hasn't increased by 0 in 5 epochs
75/75 - 218s - loss: 0.3057 - accuracy: 0.8348 - 218s/epoch - 3s/step
here
There is no such attribute
here2
Epoch 8/110
Validation cm: [[681 517 281  95]
 [303 494  39  24]
 [125  98 105  76]
 [ 84  72  36  50]]
Validation val_loss: 0.7340128464517319
Validation normalized_cm: [[0.433 0.328 0.179 0.06 ]
 [0.352 0.574 0.045 0.028]
 [0.309 0.243 0.26  0.188]
 [0.347 0.298 0.149 0.207]]
Validation acc: 0.4318181818181818
Validation class_accuracies: [0.4326556543837357, 0.5744186046511628, 0.2599009900990099, 0.2066115702479339]
Validation sensitivity: 0.4309428950863214
Validation specificity: 0.4326556543837357
Validation icbhi_score: 0.43179927473502855
Validation roc_auc: None
Validation avg_accuracy: 0.36839670484546055
Validation one_indexed_epoch: 8
The validation tracker metric at 0.49402179507299054 hasn't increased by 0 in 6 epochs
75/75 - 216s - loss: 0.2530 - accuracy: 0.8291 - 216s/epoch - 3s/step
here
There is no such attribute
here2
Epoch 9/110
Validation cm: [[638  17 869  50]
 [388  17 400  55]
 [ 97   2 296   9]
 [ 70   0 167   5]]
Validation val_loss: 1.7322025223679485
Validation normalized_cm: [[0.405 0.011 0.552 0.032]
 [0.451 0.02  0.465 0.064]
 [0.24  0.005 0.733 0.022]
 [0.289 0.    0.69  0.021]]
Validation acc: 0.3103896103896104
Validation class_accuracies: [0.40533672172808133, 0.019767441860465116, 0.7326732673267327, 0.02066115702479339]
Validation sensitivity: 0.21115537848605578
Validation specificity: 0.40533672172808133
Validation icbhi_score: 0.30824605010706857
Validation roc_auc: None
Validation avg_accuracy: 0.2946096469850181
Validation one_indexed_epoch: 9
The validation tracker metric at 0.49402179507299054 hasn't increased by 0 in 7 epochs
75/75 - 220s - loss: 0.2046 - accuracy: 0.8534 - 220s/epoch - 3s/step
here
There is no such attribute
here2
Epoch 10/110
Validation cm: [[944 237 339  54]
 [471 309  45  35]
 [131  22 216  35]
 [ 77  18 114  33]]
Validation val_loss: 0.7636457770779372
Validation normalized_cm: [[0.6   0.151 0.215 0.034]
 [0.548 0.359 0.052 0.041]
 [0.324 0.054 0.535 0.087]
 [0.318 0.074 0.471 0.136]]
Validation acc: 0.4876623376623377
Validation class_accuracies: [0.5997458703939009, 0.35930232558139535, 0.5346534653465347, 0.13636363636363635]
Validation sensitivity: 0.3705179282868526
Validation specificity: 0.5997458703939009
Validation icbhi_score: 0.48513189934037676
Validation roc_auc: None
Validation avg_accuracy: 0.40751632442136687
Validation one_indexed_epoch: 10
The validation tracker metric at 0.49402179507299054 hasn't increased by 0 in 8 epochs
75/75 - 219s - loss: 0.2092 - accuracy: 0.8450 - 219s/epoch - 3s/step
Mel loss: <tf.Variable 'Variable:0' shape=() dtype=float32, numpy=0.5>
sinc loss: <tf.Variable 'Variable:0' shape=() dtype=float32, numpy=0.5>
here
There is no such attribute
here2
Epoch 11/110
Validation cm: [[ 430    7 1040   97]
 [ 216   20  579   45]
 [  44    1  317   42]
 [  38    8  169   27]]
Validation val_loss: 1.3695354983378194
Validation normalized_cm: [[0.273 0.004 0.661 0.062]
 [0.251 0.023 0.673 0.052]
 [0.109 0.002 0.785 0.104]
 [0.157 0.033 0.698 0.112]]
Validation acc: 0.2577922077922078
Validation class_accuracies: [0.2731893265565438, 0.023255813953488372, 0.7846534653465347, 0.1115702479338843]
Validation sensitivity: 0.24169986719787517
Validation specificity: 0.2731893265565438
Validation icbhi_score: 0.2574445968772095
Validation roc_auc: None
Validation avg_accuracy: 0.29816721344761277
Validation one_indexed_epoch: 11
The validation tracker metric at 0.49402179507299054 hasn't increased by 0 in 9 epochs
75/75 - 223s - loss: 0.1626 - accuracy: 0.8562 - 223s/epoch - 3s/step
here
There is no such attribute
here2
Epoch 12/110
Validation cm: [[ 91 111 766 606]
 [ 28 111 221 500]
 [ 11  18 230 145]
 [  8  10  84 140]]
Validation val_loss: 1.6156509568892878
Validation normalized_cm: [[0.058 0.071 0.487 0.385]
 [0.033 0.129 0.257 0.581]
 [0.027 0.045 0.569 0.359]
 [0.033 0.041 0.347 0.579]]
Validation acc: 0.18571428571428572
Validation class_accuracies: [0.05781448538754765, 0.12906976744186047, 0.5693069306930693, 0.5785123966942148]
Validation sensitivity: 0.3193891102257636
Validation specificity: 0.05781448538754765
Validation icbhi_score: 0.18860179780665562
Validation roc_auc: None
Validation avg_accuracy: 0.33367589505417306
Validation one_indexed_epoch: 12
The validation tracker metric at 0.49402179507299054 hasn't increased by 0 in 10 epochs
Lr has been adjusted to 0.0024999999441206455
75/75 - 226s - loss: 0.1460 - accuracy: 0.8687 - 226s/epoch - 3s/step
here
There is no such attribute
here2
Epoch 13/110
Validation cm: [[523 304 404 343]
 [155 291 116 298]
 [ 53  20 181 150]
 [ 42  12  63 125]]
Validation val_loss: 1.1024811778207242
Validation normalized_cm: [[0.332 0.193 0.257 0.218]
 [0.18  0.338 0.135 0.347]
 [0.131 0.05  0.448 0.371]
 [0.174 0.05  0.26  0.517]]
Validation acc: 0.36363636363636365
Validation class_accuracies: [0.33227445997458704, 0.3383720930232558, 0.44801980198019803, 0.5165289256198347]
Validation sensitivity: 0.39641434262948205
Validation specificity: 0.33227445997458704
Validation icbhi_score: 0.36434440130203455
Validation roc_auc: None
Validation avg_accuracy: 0.4087988201494689
Validation one_indexed_epoch: 13
The validation tracker metric at 0.49402179507299054 hasn't increased by 0 in 11 epochs
75/75 - 224s - loss: 0.1173 - accuracy: 0.8473 - 224s/epoch - 3s/step
here
There is no such attribute
here2
Epoch 14/110
Validation cm: [[484 638 226 226]
 [118 566  26 150]
 [ 51  95  99 159]
 [ 32  55  34 121]]
Validation val_loss: 1.3149665907521593
Validation normalized_cm: [[0.307 0.405 0.144 0.144]
 [0.137 0.658 0.03  0.174]
 [0.126 0.235 0.245 0.394]
 [0.132 0.227 0.14  0.5  ]]
Validation acc: 0.41233766233766234
Validation class_accuracies: [0.30749682337992373, 0.6581395348837209, 0.24504950495049505, 0.5]
Validation sensitivity: 0.5219123505976095
Validation specificity: 0.30749682337992373
Validation icbhi_score: 0.41470458698876667
Validation roc_auc: None
Validation avg_accuracy: 0.42767146580353493
Validation one_indexed_epoch: 14
The validation tracker metric at 0.49402179507299054 hasn't increased by 0 in 12 epochs
75/75 - 224s - loss: 0.0646 - accuracy: 0.8700 - 224s/epoch - 3s/step
here
There is no such attribute
here2
Epoch 15/110
Validation cm: [[1229  191  102   52]
 [ 627  200   11   22]
 [ 245   31   92   36]
 [ 129   16   51   46]]
Validation val_loss: 1.2413368672634844
Validation normalized_cm: [[0.781 0.121 0.065 0.033]
 [0.729 0.233 0.013 0.026]
 [0.606 0.077 0.228 0.089]
 [0.533 0.066 0.211 0.19 ]]
Validation acc: 0.5087662337662338
Validation class_accuracies: [0.7808132147395171, 0.23255813953488372, 0.22772277227722773, 0.19008264462809918]
Validation sensitivity: 0.2244355909694555
Validation specificity: 0.7808132147395171
Validation icbhi_score: 0.5026244028544863
Validation roc_auc: None
Validation avg_accuracy: 0.35779419279493196
Validation one_indexed_epoch: 15
-- New best results were achieved. --
75/75 - 222s - loss: 0.0480 - accuracy: 0.8763 - 222s/epoch - 3s/step
here
There is no such attribute
here2
Epoch 16/110
Validation cm: [[1048  222  271   33]
 [ 530  292   23   15]
 [ 195   33  147   29]
 [ 107   26   69   40]]
Validation val_loss: 1.3018112179437609
Validation normalized_cm: [[0.666 0.141 0.172 0.021]
 [0.616 0.34  0.027 0.017]
 [0.483 0.082 0.364 0.072]
 [0.442 0.107 0.285 0.165]]
Validation acc: 0.49577922077922076
Validation class_accuracies: [0.6658195679796697, 0.3395348837209302, 0.36386138613861385, 0.1652892561983471]
Validation sensitivity: 0.31806108897742363
Validation specificity: 0.6658195679796697
Validation icbhi_score: 0.49194032847854663
Validation roc_auc: None
Validation avg_accuracy: 0.38362627350939016
Validation one_indexed_epoch: 16
The validation tracker metric at 0.5026244028544863 hasn't increased by 0 in 1 epochs
75/75 - 220s - loss: 0.0376 - accuracy: 0.8381 - 220s/epoch - 3s/step
here
There is no such attribute
here2
Epoch 17/110
Validation cm: [[1120  144  301    9]
 [ 617  218   25    0]
 [ 214   16  169    5]
 [ 149   14   75    4]]
Validation val_loss: 1.7233386565079176
Validation normalized_cm: [[0.712 0.091 0.191 0.006]
 [0.717 0.253 0.029 0.   ]
 [0.53  0.04  0.418 0.012]
 [0.616 0.058 0.31  0.017]]
Validation acc: 0.49058441558441557
Validation class_accuracies: [0.7115628970775095, 0.2534883720930233, 0.4183168316831683, 0.01652892561983471]
Validation sensitivity: 0.2596281540504648
Validation specificity: 0.7115628970775095
Validation icbhi_score: 0.48559552556398716
Validation roc_auc: None
Validation avg_accuracy: 0.34997425661838394
Validation one_indexed_epoch: 17
The validation tracker metric at 0.5026244028544863 hasn't increased by 0 in 2 epochs
75/75 - 223s - loss: 0.0300 - accuracy: 0.8455 - 223s/epoch - 3s/step
here
There is no such attribute
here2
Epoch 18/110
Validation cm: [[370 802 235 167]
 [ 95 647  18 100]
 [ 39 111  71 183]
 [ 30  69  18 125]]
Validation val_loss: 2.1639378455281366
Validation normalized_cm: [[0.235 0.51  0.149 0.106]
 [0.11  0.752 0.021 0.116]
 [0.097 0.275 0.176 0.453]
 [0.124 0.285 0.074 0.517]]
Validation acc: 0.3938311688311688
Validation class_accuracies: [0.23506988564167725, 0.7523255813953489, 0.17574257425742573, 0.5165289256198347]
Validation sensitivity: 0.5597609561752988
Validation specificity: 0.23506988564167725
Validation icbhi_score: 0.397415420908488
Validation roc_auc: None
Validation avg_accuracy: 0.41991674172857163
Validation one_indexed_epoch: 18
The validation tracker metric at 0.5026244028544863 hasn't increased by 0 in 3 epochs
75/75 - 221s - loss: 0.0326 - accuracy: 0.8503 - 221s/epoch - 3s/step
here
There is no such attribute
here2
Epoch 19/110
Validation cm: [[750 471 265  88]
 [270 516  26  48]
 [ 99  76 142  87]
 [ 65  36  63  78]]
Validation val_loss: 1.41519576449851
Validation normalized_cm: [[0.476 0.299 0.168 0.056]
 [0.314 0.6   0.03  0.056]
 [0.245 0.188 0.351 0.215]
 [0.269 0.149 0.26  0.322]]
Validation acc: 0.4824675324675325
Validation class_accuracies: [0.4764930114358323, 0.6, 0.35148514851485146, 0.32231404958677684]
Validation sensitivity: 0.48871181938911024
Validation specificity: 0.4764930114358323
Validation icbhi_score: 0.4826024154124713
Validation roc_auc: None
Validation avg_accuracy: 0.43757305238436517
Validation one_indexed_epoch: 19
The validation tracker metric at 0.5026244028544863 hasn't increased by 0 in 4 epochs
75/75 - 222s - loss: 0.0277 - accuracy: 0.8348 - 222s/epoch - 3s/step
here
There is no such attribute
here2
Epoch 20/110
Validation cm: [[884 300 291  99]
 [365 373  47  75]
 [105  39 167  93]
 [ 69  16  81  76]]
Validation val_loss: 1.507212623835093
Validation normalized_cm: [[0.562 0.191 0.185 0.063]
 [0.424 0.434 0.055 0.087]
 [0.26  0.097 0.413 0.23 ]
 [0.285 0.066 0.335 0.314]]
Validation acc: 0.487012987012987
Validation class_accuracies: [0.5616264294790343, 0.43372093023255814, 0.41336633663366334, 0.3140495867768595]
Validation sensitivity: 0.40903054448871184
Validation specificity: 0.5616264294790343
Validation icbhi_score: 0.4853284869838731
Validation roc_auc: None
Validation avg_accuracy: 0.43069082078052884
Validation one_indexed_epoch: 20
The validation tracker metric at 0.5026244028544863 hasn't increased by 0 in 5 epochs
75/75 - 225s - loss: 0.0180 - accuracy: 0.8276 - 225s/epoch - 3s/step
Mel loss: <tf.Variable 'Variable:0' shape=() dtype=float32, numpy=0.5>
sinc loss: <tf.Variable 'Variable:0' shape=() dtype=float32, numpy=0.5>
here
There is no such attribute
here2
Epoch 21/110
Validation cm: [[1029  278  204   63]
 [ 441  366   21   32]
 [ 156   49  124   75]
 [  92   31   54   65]]
Validation val_loss: 1.4525576179425166
Validation normalized_cm: [[0.654 0.177 0.13  0.04 ]
 [0.513 0.426 0.024 0.037]
 [0.386 0.121 0.307 0.186]
 [0.38  0.128 0.223 0.269]]
Validation acc: 0.5142857142857142
Validation class_accuracies: [0.6537484116899619, 0.4255813953488372, 0.3069306930693069, 0.26859504132231404]
Validation sensitivity: 0.36852589641434264
Validation specificity: 0.6537484116899619
Validation icbhi_score: 0.5111371540521523
Validation roc_auc: None
Validation avg_accuracy: 0.413713885357605
Validation one_indexed_epoch: 21
-- New best results were achieved. --
75/75 - 230s - loss: 0.0162 - accuracy: 0.8325 - 230s/epoch - 3s/step
here
There is no such attribute
here2
Epoch 22/110
Validation cm: [[978 303 248  45]
 [384 412  28  36]
 [165  47 146  46]
 [ 78  41  68  55]]
Validation val_loss: 1.5849734465658316
Validation normalized_cm: [[0.621 0.193 0.158 0.029]
 [0.447 0.479 0.033 0.042]
 [0.408 0.116 0.361 0.114]
 [0.322 0.169 0.281 0.227]]
Validation acc: 0.5165584415584416
Validation class_accuracies: [0.6213468869123253, 0.4790697674418605, 0.3613861386138614, 0.22727272727272727]
Validation sensitivity: 0.4070385126162019
Validation specificity: 0.6213468869123253
Validation icbhi_score: 0.5141926997642636
Validation roc_auc: None
Validation avg_accuracy: 0.42226888006019364
Validation one_indexed_epoch: 22
-- New best results were achieved. --
75/75 - 227s - loss: 0.0146 - accuracy: 0.8245 - 227s/epoch - 3s/step
here
There is no such attribute
here2
Epoch 23/110
Validation cm: [[974 401 175  24]
 [325 513  13   9]
 [191  73 116  24]
 [105  44  57  36]]
Validation val_loss: 1.581214681867126
Validation normalized_cm: [[0.619 0.255 0.111 0.015]
 [0.378 0.597 0.015 0.01 ]
 [0.473 0.181 0.287 0.059]
 [0.434 0.182 0.236 0.149]]
Validation acc: 0.5321428571428571
Validation class_accuracies: [0.6188055908513341, 0.5965116279069768, 0.2871287128712871, 0.1487603305785124]
Validation sensitivity: 0.44156706507304117
Validation specificity: 0.6188055908513341
Validation icbhi_score: 0.5301863279621877
Validation roc_auc: None
Validation avg_accuracy: 0.41280156555202757
Validation one_indexed_epoch: 23
-- New best results were achieved. --
75/75 - 227s - loss: 0.0183 - accuracy: 0.8270 - 227s/epoch - 3s/step
here
There is no such attribute
here2
Epoch 24/110
Validation cm: [[1059  162  320   33]
 [ 549  252   35   24]
 [ 165   43  177   19]
 [ 106   23   80   33]]
Validation val_loss: 1.6487738213731473
Validation normalized_cm: [[0.673 0.103 0.203 0.021]
 [0.638 0.293 0.041 0.028]
 [0.408 0.106 0.438 0.047]
 [0.438 0.095 0.331 0.136]]
Validation acc: 0.49383116883116884
Validation class_accuracies: [0.6728081321473952, 0.2930232558139535, 0.4381188118811881, 0.13636363636363635]
Validation sensitivity: 0.30677290836653387
Validation specificity: 0.6728081321473952
Validation icbhi_score: 0.48979052025696457
Validation roc_auc: None
Validation avg_accuracy: 0.38507845905154325
Validation one_indexed_epoch: 24
The validation tracker metric at 0.5301863279621877 hasn't increased by 0 in 1 epochs
75/75 - 224s - loss: 0.0263 - accuracy: 0.8245 - 224s/epoch - 3s/step
here
There is no such attribute
here2
Epoch 25/110
Validation cm: [[1063   85  373   53]
 [ 585  131  120   24]
 [ 147   12  216   29]
 [  87    4  117   34]]
Validation val_loss: 1.0586109301324866
Validation normalized_cm: [[0.675 0.054 0.237 0.034]
 [0.68  0.152 0.14  0.028]
 [0.364 0.03  0.535 0.072]
 [0.36  0.017 0.483 0.14 ]]
Validation acc: 0.4688311688311688
Validation class_accuracies: [0.6753494282083863, 0.15232558139534882, 0.5346534653465347, 0.14049586776859505]
Validation sensitivity: 0.25298804780876494
Validation specificity: 0.6753494282083863
Validation icbhi_score: 0.4641687380085756
Validation roc_auc: None
Validation avg_accuracy: 0.3757060856797162
Validation one_indexed_epoch: 25
The validation tracker metric at 0.5301863279621877 hasn't increased by 0 in 2 epochs
75/75 - 223s - loss: 0.0439 - accuracy: 0.7981 - 223s/epoch - 3s/step
here
There is no such attribute
here2
Epoch 26/110
Validation cm: [[608 339 354 273]
 [268 337  87 168]
 [ 68  29 164 143]
 [ 46  18  75 103]]
Validation val_loss: 1.388681073269899
Validation normalized_cm: [[0.386 0.215 0.225 0.173]
 [0.312 0.392 0.101 0.195]
 [0.168 0.072 0.406 0.354]
 [0.19  0.074 0.31  0.426]]
Validation acc: 0.3935064935064935
Validation class_accuracies: [0.386277001270648, 0.3918604651162791, 0.40594059405940597, 0.4256198347107438]
Validation sensitivity: 0.40106241699867196
Validation specificity: 0.386277001270648
Validation icbhi_score: 0.39366970913466
Validation roc_auc: None
Validation avg_accuracy: 0.40242447378926927
Validation one_indexed_epoch: 26
The validation tracker metric at 0.5301863279621877 hasn't increased by 0 in 3 epochs
75/75 - 225s - loss: 0.0298 - accuracy: 0.8109 - 225s/epoch - 3s/step
here
There is no such attribute
here2
Epoch 27/110
Validation cm: [[650 504 272 148]
 [271 493  53  43]
 [ 98  45 144 117]
 [ 60  29  66  87]]
Validation val_loss: 1.5878770449204553
Validation normalized_cm: [[0.413 0.32  0.173 0.094]
 [0.315 0.573 0.062 0.05 ]
 [0.243 0.111 0.356 0.29 ]
 [0.248 0.12  0.273 0.36 ]]
Validation acc: 0.4461038961038961
Validation class_accuracies: [0.41296060991105465, 0.5732558139534883, 0.3564356435643564, 0.359504132231405]
Validation sensitivity: 0.4807436918990704
Validation specificity: 0.41296060991105465
Validation icbhi_score: 0.44685215090506253
Validation roc_auc: None
Validation avg_accuracy: 0.42553904991507613
Validation one_indexed_epoch: 27
The validation tracker metric at 0.5301863279621877 hasn't increased by 0 in 4 epochs
75/75 - 224s - loss: 0.0258 - accuracy: 0.7949 - 224s/epoch - 3s/step
here
There is no such attribute
here2
Epoch 28/110
Validation cm: [[1047  253  207   67]
 [ 478  351   16   15]
 [ 186   29  119   70]
 [ 103   22   72   45]]
Validation val_loss: 1.7952044157708427
Validation normalized_cm: [[0.665 0.161 0.132 0.043]
 [0.556 0.408 0.019 0.017]
 [0.46  0.072 0.295 0.173]
 [0.426 0.091 0.298 0.186]]
Validation acc: 0.5071428571428571
Validation class_accuracies: [0.6651842439644219, 0.40813953488372096, 0.29455445544554454, 0.1859504132231405]
Validation sensitivity: 0.34196547144754313
Validation specificity: 0.6651842439644219
Validation icbhi_score: 0.5035748577059825
Validation roc_auc: None
Validation avg_accuracy: 0.388457161879207
Validation one_indexed_epoch: 28
The validation tracker metric at 0.5301863279621877 hasn't increased by 0 in 5 epochs
75/75 - 225s - loss: 0.0219 - accuracy: 0.7943 - 225s/epoch - 3s/step
here
There is no such attribute
here2
Epoch 29/110
Validation cm: [[1012  253  264   45]
 [ 506  303   26   25]
 [ 154   58  129   63]
 [ 106   35   67   34]]
Validation val_loss: 1.797845078776926
Validation normalized_cm: [[0.643 0.161 0.168 0.029]
 [0.588 0.352 0.03  0.029]
 [0.381 0.144 0.319 0.156]
 [0.438 0.145 0.277 0.14 ]]
Validation acc: 0.4798701298701299
Validation class_accuracies: [0.6429479034307497, 0.35232558139534886, 0.3193069306930693, 0.14049586776859505]
Validation sensitivity: 0.3094289508632138
Validation specificity: 0.6429479034307497
Validation icbhi_score: 0.47618842714698173
Validation roc_auc: None
Validation avg_accuracy: 0.3637690708219407
Validation one_indexed_epoch: 29
The validation tracker metric at 0.5301863279621877 hasn't increased by 0 in 6 epochs
75/75 - 230s - loss: 0.0240 - accuracy: 0.7964 - 230s/epoch - 3s/step
here
There is no such attribute
here2
Epoch 30/110
Validation cm: [[582 496 409  87]
 [197 516  91  56]
 [105  81 185  33]
 [ 45  52  90  55]]
Validation val_loss: 1.3094235016329014
Validation normalized_cm: [[0.37  0.315 0.26  0.055]
 [0.229 0.6   0.106 0.065]
 [0.26  0.2   0.458 0.082]
 [0.186 0.215 0.372 0.227]]
Validation acc: 0.4344155844155844
Validation class_accuracies: [0.3697585768742058, 0.6, 0.45792079207920794, 0.22727272727272727]
Validation sensitivity: 0.50199203187251
Validation specificity: 0.3697585768742058
Validation icbhi_score: 0.43587530437335786
Validation roc_auc: None
Validation avg_accuracy: 0.41373802405653526
Validation one_indexed_epoch: 30
The validation tracker metric at 0.5301863279621877 hasn't increased by 0 in 7 epochs
75/75 - 229s - loss: 0.0436 - accuracy: 0.7949 - 229s/epoch - 3s/step
Mel loss: <tf.Variable 'Variable:0' shape=() dtype=float32, numpy=0.5>
sinc loss: <tf.Variable 'Variable:0' shape=() dtype=float32, numpy=0.5>
here
There is no such attribute
here2
Epoch 31/110
Validation cm: [[541 536 158 339]
 [121 494  19 226]
 [ 71  62  52 219]
 [ 47  33  15 147]]
Validation val_loss: 2.111167119539127
Validation normalized_cm: [[0.344 0.341 0.1   0.215]
 [0.141 0.574 0.022 0.263]
 [0.176 0.153 0.129 0.542]
 [0.194 0.136 0.062 0.607]]
Validation acc: 0.40064935064935064
Validation class_accuracies: [0.34371029224904703, 0.5744186046511628, 0.12871287128712872, 0.6074380165289256]
Validation sensitivity: 0.4601593625498008
Validation specificity: 0.34371029224904703
Validation icbhi_score: 0.4019348273994239
Validation roc_auc: None
Validation avg_accuracy: 0.41356994617906606
Validation one_indexed_epoch: 31
The validation tracker metric at 0.5301863279621877 hasn't increased by 0 in 8 epochs
75/75 - 230s - loss: 0.0386 - accuracy: 0.7756 - 230s/epoch - 3s/step
here
There is no such attribute
here2
Epoch 32/110
Validation cm: [[1077  260  200   37]
 [ 433  370   34   23]
 [ 186   38  154   26]
 [ 100   23   81   38]]
Validation val_loss: 1.4363728289060451
Validation normalized_cm: [[0.684 0.165 0.127 0.024]
 [0.503 0.43  0.04  0.027]
 [0.46  0.094 0.381 0.064]
 [0.413 0.095 0.335 0.157]]
Validation acc: 0.5321428571428571
Validation class_accuracies: [0.6842439644218552, 0.43023255813953487, 0.3811881188118812, 0.15702479338842976]
Validation sensitivity: 0.37317397078353254
Validation specificity: 0.6842439644218552
Validation icbhi_score: 0.5287089676026939
Validation roc_auc: None
Validation avg_accuracy: 0.4131723586904252
Validation one_indexed_epoch: 32
The validation tracker metric at 0.5301863279621877 hasn't increased by 0 in 9 epochs
75/75 - 227s - loss: 0.0197 - accuracy: 0.8056 - 227s/epoch - 3s/step
here
There is no such attribute
here2
Epoch 33/110
Validation cm: [[1102  287  136   49]
 [ 450  385   12   13]
 [ 212   39  102   51]
 [ 103   39   48   52]]
Validation val_loss: 1.8188536935551405
Validation normalized_cm: [[0.7   0.182 0.086 0.031]
 [0.523 0.448 0.014 0.015]
 [0.525 0.097 0.252 0.126]
 [0.426 0.161 0.198 0.215]]
Validation acc: 0.5327922077922078
Validation class_accuracies: [0.7001270648030495, 0.4476744186046512, 0.2524752475247525, 0.21487603305785125]
Validation sensitivity: 0.35790172642762286
Validation specificity: 0.7001270648030495
Validation icbhi_score: 0.5290143956153361
Validation roc_auc: None
Validation avg_accuracy: 0.4037881909975761
Validation one_indexed_epoch: 33
The validation tracker metric at 0.5301863279621877 hasn't increased by 0 in 10 epochs
Lr has been adjusted to 0.0012499999720603228
75/75 - 224s - loss: 0.0111 - accuracy: 0.7968 - 224s/epoch - 3s/step
here
There is no such attribute
here2
Epoch 34/110
Validation cm: [[1026  271  169  108]
 [ 426  374   12   48]
 [ 157   45   96  106]
 [  86   28   40   88]]
Validation val_loss: 1.712712286140068
Validation normalized_cm: [[0.652 0.172 0.107 0.069]
 [0.495 0.435 0.014 0.056]
 [0.389 0.111 0.238 0.262]
 [0.355 0.116 0.165 0.364]]
Validation acc: 0.5142857142857142
Validation class_accuracies: [0.6518424396442185, 0.43488372093023253, 0.2376237623762376, 0.36363636363636365]
Validation sensitivity: 0.3705179282868526
Validation specificity: 0.6518424396442185
Validation icbhi_score: 0.5111801839655356
Validation roc_auc: None
Validation avg_accuracy: 0.4219965716467631
Validation one_indexed_epoch: 34
The validation tracker metric at 0.5301863279621877 hasn't increased by 0 in 11 epochs
75/75 - 227s - loss: 0.0102 - accuracy: 0.7855 - 227s/epoch - 3s/step
here
There is no such attribute
here2
Epoch 35/110
Validation cm: [[950 392 129 103]
 [316 482  14  48]
 [132  74  87 111]
 [ 75  41  34  92]]
Validation val_loss: 1.676146670239833
Validation normalized_cm: [[0.604 0.249 0.082 0.065]
 [0.367 0.56  0.016 0.056]
 [0.327 0.183 0.215 0.275]
 [0.31  0.169 0.14  0.38 ]]
Validation acc: 0.5230519480519481
Validation class_accuracies: [0.6035578144853876, 0.5604651162790698, 0.21534653465346534, 0.38016528925619836]
Validation sensitivity: 0.4389110225763612
Validation specificity: 0.6035578144853876
Validation icbhi_score: 0.5212344185308744
Validation roc_auc: None
Validation avg_accuracy: 0.4398836886685303
Validation one_indexed_epoch: 35
The validation tracker metric at 0.5301863279621877 hasn't increased by 0 in 12 epochs
75/75 - 226s - loss: 0.0072 - accuracy: 0.7844 - 226s/epoch - 3s/step
here
There is no such attribute
here2
Epoch 36/110
Validation cm: [[884 479 145  66]
 [295 531  13  21]
 [131  92 111  70]
 [ 68  52  49  73]]
Validation val_loss: 1.6442847631412991
Validation normalized_cm: [[0.562 0.304 0.092 0.042]
 [0.343 0.617 0.015 0.024]
 [0.324 0.228 0.275 0.173]
 [0.281 0.215 0.202 0.302]]
Validation acc: 0.5191558441558441
Validation class_accuracies: [0.5616264294790343, 0.6174418604651163, 0.2747524752475248, 0.30165289256198347]
Validation sensitivity: 0.4747675962815405
Validation specificity: 0.5616264294790343
Validation icbhi_score: 0.5181970128802874
Validation roc_auc: None
Validation avg_accuracy: 0.4388684144384147
Validation one_indexed_epoch: 36
The validation tracker metric at 0.5301863279621877 hasn't increased by 0 in 13 epochs
75/75 - 225s - loss: 0.0057 - accuracy: 0.7916 - 225s/epoch - 3s/step
here
There is no such attribute
here2
Epoch 37/110
Validation cm: [[996 325 175  78]
 [405 413  13  29]
 [137  67 112  88]
 [ 78  41  51  72]]
Validation val_loss: 1.5804598038201805
Validation normalized_cm: [[0.633 0.206 0.111 0.05 ]
 [0.471 0.48  0.015 0.034]
 [0.339 0.166 0.277 0.218]
 [0.322 0.169 0.211 0.298]]
Validation acc: 0.5172077922077922
Validation class_accuracies: [0.6327827191867853, 0.48023255813953486, 0.27722772277227725, 0.2975206611570248]
Validation sensitivity: 0.39641434262948205
Validation specificity: 0.6327827191867853
Validation icbhi_score: 0.5145985309081337
Validation roc_auc: None
Validation avg_accuracy: 0.42194091531390554
Validation one_indexed_epoch: 37
The validation tracker metric at 0.5301863279621877 hasn't increased by 0 in 14 epochs
75/75 - 227s - loss: 0.0051 - accuracy: 0.7914 - 227s/epoch - 3s/step
here
There is no such attribute
here2
Epoch 38/110
Validation cm: [[940 451 136  47]
 [306 521  16  17]
 [156  76 127  45]
 [ 80  44  58  60]]
Validation val_loss: 1.5958197952651978
Validation normalized_cm: [[0.597 0.287 0.086 0.03 ]
 [0.356 0.606 0.019 0.02 ]
 [0.386 0.188 0.314 0.111]
 [0.331 0.182 0.24  0.248]]
Validation acc: 0.535064935064935
Validation class_accuracies: [0.5972045743329097, 0.6058139534883721, 0.31435643564356436, 0.24793388429752067]
Validation sensitivity: 0.4701195219123506
Validation specificity: 0.5972045743329097
Validation icbhi_score: 0.5336620481226302
Validation roc_auc: None
Validation avg_accuracy: 0.44132721194059177
Validation one_indexed_epoch: 38
-- New best results were achieved. --
75/75 - 229s - loss: 0.0048 - accuracy: 0.7945 - 229s/epoch - 3s/step
here
There is no such attribute
here2
Epoch 39/110
Validation cm: [[952 379 176  67]
 [333 485  17  25]
 [150  60 131  63]
 [ 78  38  55  71]]
Validation val_loss: 1.6349606349470844
Validation normalized_cm: [[0.605 0.241 0.112 0.043]
 [0.387 0.564 0.02  0.029]
 [0.371 0.149 0.324 0.156]
 [0.322 0.157 0.227 0.293]]
Validation acc: 0.5321428571428571
Validation class_accuracies: [0.6048284625158831, 0.563953488372093, 0.32425742574257427, 0.29338842975206614]
Validation sensitivity: 0.45617529880478086
Validation specificity: 0.6048284625158831
Validation icbhi_score: 0.530501880660332
Validation roc_auc: None
