Tensorflow Version: 2.8.0
Num GPUs Available:  1
Collecting Variables...
All variables have been collected.
../cache/
cw
train203
Description:  effnet: kfold, mel, no normalizing, 1 optimizer w adaptive lr, overlap threshold = 0.3,
-----------------------
training parameters
[('cache_root', '../cache/'), ('data_root', '../data/'), ('jordan_root', '../data/jwyy9np4gv-3/'), ('icbhi_root', '../data/raw_audios/icbhi_preprocessed_v2_8000/'), ('bd_root', '../data/PCV_SEGMENTED_Processed_Files/'), ('excel_path', '../data/Bangladesh_PCV_onlyStudyPatients.xlsx'), ('perch_root', '../data/raw_audios/perch_8000_10seconds'), ('ant_root', '../data/raw_audios/Antwerp_Clinical_Complete'), ('description', ' effnet: kfold, mel, no normalizing, 1 optimizer w adaptive lr, overlap threshold = 0.3,'), ('job_id', 0), ('mode', 'cw'), ('n_classes', 2), ('shape', (80, 200, 3)), ('n_epochs', 110), ('lr', 0.005), ('batch_size', 64), ('ll2_reg', 0), ('weight_decay', 0.0001), ('label_smoothing', 0), ('epsilon', 1e-07), ('es_patience', 15), ('min_delta', 0), ('train_test_ratio', 0.8), ('kfold', False), ('clause', 0), ('epoch_start', 0), ('testing', 0), ('adaptive_lr', True), ('cuberooting', 1), ('normalizing', 1), ('class_weights', True), ('early_stopping', True), ('initial_channels', 1), ('factor', 0.5), ('lr_patience', 10), ('min_lr', 1e-05), ('sr', 8000), ('audio_length', 5), ('step_size', 2.5), ('n_fft', 2048), ('hop_length', 254), ('n_mels', 128), ('overlap_threshold', 0.3), ('trainable_fb', False), ('to_decibel', True), ('train_nn', False), ('train_mel', False), ('file_dir', '../cache/cw/train203'), ('n_sequences', 9), ('activate_spectral_loss', False), ('normalize', False), ('stacking', False), ('oversample', False), ('one_hot_encoding', False), ('activation', 'sigmoid'), ('n_filters', 80), ('code', -1), ('distillation', False), ('window_len', 100), ('window_stride', 25)]
Job id is 1.
Job dir: ../cache/cw/train203/1
- Loading Icbhi.
920 Icbhi audios have been loaded.
- Preparing Icbhi.
126 Icbhi groups of audio chunks (by filename or patients) have been prepared.
--- Samples are being split into training/val groups and de-grouped by patient ---
Job id is 2.
len(_all_samples)
7857
-----------------------
--- Final training dataset went from 0 to 4769 elements, with 2299 none's, 1353 crakles, 554 wheezes and 563 both ---
--- Final Validation dataset contains 3080 elements, with 1574 none, 860 crackles, 404 wheezes and 242 both ---
GPUs
['/device:GPU:0']
Initializing weights...
weights = {0: 0.518595041322314, 1: 0.881189948263119, 2: 2.152075812274368, 3: 2.1176731793960926}
Model: "sequential"
_________________________________________________________________
 Layer (type)                Output Shape              Param #   
=================================================================
 efficientnetb1 (Functional)  (None, 3, 7, 1280)       6575239   
                                                                 
 global_average_pooling2d (G  (None, 1280)             0         
 lobalAveragePooling2D)                                          
                                                                 
 dense (Dense)               (None, 100)               128100    
                                                                 
 dropout (Dropout)           (None, 100)               0         
                                                                 
 dense_1 (Dense)             (None, 50)                5050      
                                                                 
 dropout_1 (Dropout)         (None, 50)                0         
                                                                 
 dense_2 (Dense)             (None, 2)                 102       
                                                                 
=================================================================
Total params: 6,708,491
Trainable params: 6,646,436
Non-trainable params: 62,055
_________________________________________________________________
Model: "leaf_model9_model_efnet1"
______________________________________________________________________________________________________________
 Layer (type)                                    Output Shape                                Param #          
==============================================================================================================
 mel_filterbanks (MelFilterbanks)                multiple                                    0                
                                                                                                              
 mel_filterbanks_1 (MelFilterbanks)              multiple                                    0 (unused)       
                                                                                                              
 sincnet (SincNet)                               multiple                                    0 (unused)       
                                                                                                              
 sequential (Sequential)                         (None, 2)                                   6708491          
                                                                                                              
==============================================================================================================
Total params: 6,708,653
Trainable params: 6,646,598
Non-trainable params: 62,055
______________________________________________________________________________________________________________
Target metric is icbhi_score
here
There is no such attribute
here2
Epoch 1/110
/home/alirachidi/classification_algorithm/trainers/modules/main/global_helpers.py:48: UserWarning: Matplotlib is currently using agg, which is a non-GUI backend, so cannot show the figure.
  plt.show()
WARNING:tensorflow:Gradients do not exist for variables ['kernel:0', 'Variable:0', 'Variable:0'] when minimizing the loss. If you're using `model.compile()`, did you forget to provide a `loss`argument?
WARNING:tensorflow:Gradients do not exist for variables ['kernel:0', 'Variable:0', 'Variable:0'] when minimizing the loss. If you're using `model.compile()`, did you forget to provide a `loss`argument?
WARNING:tensorflow:Gradients do not exist for variables ['kernel:0', 'Variable:0', 'Variable:0'] when minimizing the loss. If you're using `model.compile()`, did you forget to provide a `loss`argument?
WARNING:tensorflow:Gradients do not exist for variables ['kernel:0', 'Variable:0', 'Variable:0'] when minimizing the loss. If you're using `model.compile()`, did you forget to provide a `loss`argument?
Validation cm: [[ 466 1088    2   18]
 [ 133  718    3    6]
 [  93  306    3    2]
 [  75  164    0    3]]
Validation val_loss: 0.660351604803816
Validation normalized_cm: [[0.296 0.691 0.001 0.011]
 [0.155 0.835 0.003 0.007]
 [0.23  0.757 0.007 0.005]
 [0.31  0.678 0.    0.012]]
Validation acc: 0.38636363636363635
Validation class_accuracies: [0.2960609911054638, 0.8348837209302326, 0.007425742574257425, 0.012396694214876033]
Validation sensitivity: 0.4807436918990704
Validation specificity: 0.2960609911054638
Validation icbhi_score: 0.3884023415022671
Validation roc_auc: None
Validation avg_accuracy: 0.28769178720620747
Validation one_indexed_epoch: 1
-- New best results were achieved. --
75/75 - 258s - loss: 0.7053 - accuracy: 0.4959 - 258s/epoch - 3s/step
here
There is no such attribute
here2
Epoch 2/110
Validation cm: [[1433  141    0    0]
 [ 821   39    0    0]
 [ 354   49    0    1]
 [ 197   45    0    0]]
Validation val_loss: 0.6220695273152419
Validation normalized_cm: [[0.91  0.09  0.    0.   ]
 [0.955 0.045 0.    0.   ]
 [0.876 0.121 0.    0.002]
 [0.814 0.186 0.    0.   ]]
Validation acc: 0.4779220779220779
Validation class_accuracies: [0.9104193138500636, 0.04534883720930233, 0.0, 0.0]
Validation sensitivity: 0.025896414342629483
Validation specificity: 0.9104193138500636
Validation icbhi_score: 0.4681578640963465
Validation roc_auc: None
Validation avg_accuracy: 0.23894203776484146
Validation one_indexed_epoch: 2
-- New best results were achieved. --
75/75 - 214s - loss: 0.6775 - accuracy: 0.5662 - 214s/epoch - 3s/step
here
There is no such attribute
here2
Epoch 3/110
Validation cm: [[1569    5    0    0]
 [ 857    3    0    0]
 [ 401    3    0    0]
 [ 240    2    0    0]]
Validation val_loss: 0.5948323476043614
Validation normalized_cm: [[0.997 0.003 0.    0.   ]
 [0.997 0.003 0.    0.   ]
 [0.993 0.007 0.    0.   ]
 [0.992 0.008 0.    0.   ]]
Validation acc: 0.5103896103896104
Validation class_accuracies: [0.9968233799237611, 0.0034883720930232558, 0.0, 0.0]
Validation sensitivity: 0.00199203187250996
Validation specificity: 0.9968233799237611
Validation icbhi_score: 0.49940770589813555
Validation roc_auc: None
Validation avg_accuracy: 0.2500779380041961
Validation one_indexed_epoch: 3
-- New best results were achieved. --
75/75 - 218s - loss: 0.6423 - accuracy: 0.5544 - 218s/epoch - 3s/step
here
There is no such attribute
here2
Epoch 4/110
Validation cm: [[1513   58    3    0]
 [ 837   22    1    0]
 [ 396    5    3    0]
 [ 238    4    0    0]]
Validation val_loss: 0.5852701873651572
Validation normalized_cm: [[0.961 0.037 0.002 0.   ]
 [0.973 0.026 0.001 0.   ]
 [0.98  0.012 0.007 0.   ]
 [0.983 0.017 0.    0.   ]]
Validation acc: 0.4993506493506494
Validation class_accuracies: [0.9612452350698857, 0.02558139534883721, 0.007425742574257425, 0.0]
Validation sensitivity: 0.016600265604249667
Validation specificity: 0.9612452350698857
Validation icbhi_score: 0.48892275033706767
Validation roc_auc: None
Validation avg_accuracy: 0.24856309324824508
Validation one_indexed_epoch: 4
The validation tracker metric at 0.49940770589813555 hasn't increased by 0 in 1 epochs
75/75 - 222s - loss: 0.5952 - accuracy: 0.6603 - 222s/epoch - 3s/step
here
There is no such attribute
here2
Epoch 5/110
Validation cm: [[1564    0   10    0]
 [ 859    1    0    0]
 [ 397    0    7    0]
 [ 240    1    1    0]]
Validation val_loss: 0.6138772902332924
Validation normalized_cm: [[0.994 0.    0.006 0.   ]
 [0.999 0.001 0.    0.   ]
 [0.983 0.    0.017 0.   ]
 [0.992 0.004 0.004 0.   ]]
Validation acc: 0.5103896103896104
Validation class_accuracies: [0.9936467598475223, 0.0011627906976744186, 0.017326732673267328, 0.0]
Validation sensitivity: 0.005312084993359893
Validation specificity: 0.9936467598475223
Validation icbhi_score: 0.4994794224204411
Validation roc_auc: None
Validation avg_accuracy: 0.253034070804616
Validation one_indexed_epoch: 5
-- New best results were achieved. --
75/75 - 223s - loss: 0.5412 - accuracy: 0.7366 - 223s/epoch - 3s/step
here
There is no such attribute
here2
Epoch 6/110
Validation cm: [[1549    2   23    0]
 [ 856    1    3    0]
 [ 397    0    7    0]
 [ 237    1    4    0]]
Validation val_loss: 0.625582371860162
Validation normalized_cm: [[0.984 0.001 0.015 0.   ]
 [0.995 0.001 0.003 0.   ]
 [0.983 0.    0.017 0.   ]
 [0.979 0.004 0.017 0.   ]]
Validation acc: 0.5055194805194805
Validation class_accuracies: [0.9841168996188056, 0.0011627906976744186, 0.017326732673267328, 0.0]
Validation sensitivity: 0.005312084993359893
Validation specificity: 0.9841168996188056
Validation icbhi_score: 0.4947144923060827
Validation roc_auc: None
Validation avg_accuracy: 0.25065160574743683
Validation one_indexed_epoch: 6
The validation tracker metric at 0.4994794224204411 hasn't increased by 0 in 1 epochs
75/75 - 228s - loss: 0.5001 - accuracy: 0.7746 - 228s/epoch - 3s/step
here
There is no such attribute
here2
Epoch 7/110
Validation cm: [[1516    1   57    0]
 [ 844    9    7    0]
 [ 371    2   31    0]
 [ 223    2   17    0]]
Validation val_loss: 0.6120955133592928
Validation normalized_cm: [[9.632e-01 6.353e-04 3.621e-02 0.000e+00]
 [9.814e-01 1.047e-02 8.140e-03 0.000e+00]
 [9.183e-01 4.950e-03 7.673e-02 0.000e+00]
 [9.215e-01 8.264e-03 7.025e-02 0.000e+00]]
Validation acc: 0.5051948051948052
Validation class_accuracies: [0.963151207115629, 0.010465116279069767, 0.07673267326732673, 0.0]
Validation sensitivity: 0.02656042496679947
Validation specificity: 0.963151207115629
Validation icbhi_score: 0.4948558160412142
Validation roc_auc: None
Validation avg_accuracy: 0.26258724916550635
Validation one_indexed_epoch: 7
The validation tracker metric at 0.4994794224204411 hasn't increased by 0 in 2 epochs
75/75 - 227s - loss: 0.4684 - accuracy: 0.7958 - 227s/epoch - 3s/step
here
There is no such attribute
here2
Epoch 8/110
Validation cm: [[1425   14  126    9]
 [ 834   10   15    1]
 [ 325    4   75    0]
 [ 198    3   38    3]]
Validation val_loss: 0.5961925308014472
Validation normalized_cm: [[0.905 0.009 0.08  0.006]
 [0.97  0.012 0.017 0.001]
 [0.804 0.01  0.186 0.   ]
 [0.818 0.012 0.157 0.012]]
Validation acc: 0.49123376623376624
Validation class_accuracies: [0.9053367217280813, 0.011627906976744186, 0.18564356435643564, 0.012396694214876033]
Validation sensitivity: 0.05843293492695883
Validation specificity: 0.9053367217280813
Validation icbhi_score: 0.48188482832752005
Validation roc_auc: None
Validation avg_accuracy: 0.27875122181903433
Validation one_indexed_epoch: 8
The validation tracker metric at 0.4994794224204411 hasn't increased by 0 in 3 epochs
75/75 - 229s - loss: 0.4215 - accuracy: 0.7951 - 229s/epoch - 3s/step
here
There is no such attribute
here2
Epoch 9/110
Validation cm: [[1509   16   49    0]
 [ 829   24    7    0]
 [ 355   11   38    0]
 [ 217    5   19    1]]
Validation val_loss: 0.6052713416746588
Validation normalized_cm: [[0.959 0.01  0.031 0.   ]
 [0.964 0.028 0.008 0.   ]
 [0.879 0.027 0.094 0.   ]
 [0.897 0.021 0.079 0.004]]
Validation acc: 0.5103896103896104
Validation class_accuracies: [0.9587039390088945, 0.027906976744186046, 0.09405940594059406, 0.004132231404958678]
Validation sensitivity: 0.04183266932270916
Validation specificity: 0.9587039390088945
Validation icbhi_score: 0.5002683041658018
Validation roc_auc: None
Validation avg_accuracy: 0.27120063827465835
Validation one_indexed_epoch: 9
-- New best results were achieved. --
75/75 - 228s - loss: 0.3943 - accuracy: 0.8180 - 228s/epoch - 3s/step
here
There is no such attribute
here2
Epoch 10/110
Validation cm: [[1254   78  238    4]
 [ 689  113   53    5]
 [ 222   10  169    3]
 [ 135    9   92    6]]
Validation val_loss: 0.5879276458972267
Validation normalized_cm: [[0.797 0.05  0.151 0.003]
 [0.801 0.131 0.062 0.006]
 [0.55  0.025 0.418 0.007]
 [0.558 0.037 0.38  0.025]]
Validation acc: 0.5006493506493507
Validation class_accuracies: [0.7966963151207116, 0.1313953488372093, 0.4183168316831683, 0.024793388429752067]
Validation sensitivity: 0.19123505976095617
Validation specificity: 0.7966963151207116
Validation icbhi_score: 0.4939656874408339
Validation roc_auc: None
Validation avg_accuracy: 0.3428004710177103
Validation one_indexed_epoch: 10
The validation tracker metric at 0.5002683041658018 hasn't increased by 0 in 1 epochs
75/75 - 228s - loss: 0.3627 - accuracy: 0.8130 - 228s/epoch - 3s/step
Mel loss: <tf.Variable 'Variable:0' shape=() dtype=float32, numpy=0.5>
sinc loss: <tf.Variable 'Variable:0' shape=() dtype=float32, numpy=0.5>
here
There is no such attribute
here2
Epoch 11/110
Validation cm: [[1348  174   48    4]
 [ 691  159   10    0]
 [ 294   29   73    8]
 [ 182   10   46    4]]
Validation val_loss: 0.5959298498638265
Validation normalized_cm: [[0.856 0.111 0.03  0.003]
 [0.803 0.185 0.012 0.   ]
 [0.728 0.072 0.181 0.02 ]
 [0.752 0.041 0.19  0.017]]
Validation acc: 0.5142857142857142
Validation class_accuracies: [0.8564167725540025, 0.18488372093023256, 0.1806930693069307, 0.01652892561983471]
Validation sensitivity: 0.15670650730411687
Validation specificity: 0.8564167725540025
Validation icbhi_score: 0.5065616399290597
Validation roc_auc: None
Validation avg_accuracy: 0.3096306221027501
Validation one_indexed_epoch: 11
-- New best results were achieved. --
75/75 - 227s - loss: 0.3240 - accuracy: 0.8220 - 227s/epoch - 3s/step
here
There is no such attribute
here2
Epoch 12/110
Validation cm: [[1432    5  137    0]
 [ 846    4   10    0]
 [ 339    2   63    0]
 [ 216    2   24    0]]
Validation val_loss: 0.6968723815914195
Validation normalized_cm: [[0.91  0.003 0.087 0.   ]
 [0.984 0.005 0.012 0.   ]
 [0.839 0.005 0.156 0.   ]
 [0.893 0.008 0.099 0.   ]]
Validation acc: 0.48668831168831167
Validation class_accuracies: [0.9097839898348158, 0.004651162790697674, 0.15594059405940594, 0.0]
Validation sensitivity: 0.04448871181938911
Validation specificity: 0.9097839898348158
Validation icbhi_score: 0.47713635082710243
Validation roc_auc: None
Validation avg_accuracy: 0.2675939366712298
Validation one_indexed_epoch: 12
The validation tracker metric at 0.5065616399290597 hasn't increased by 0 in 1 epochs
75/75 - 225s - loss: 0.2953 - accuracy: 0.8360 - 225s/epoch - 3s/step
here
There is no such attribute
here2
Epoch 13/110
Validation cm: [[1320  135   89   30]
 [ 591  231   18   20]
 [ 242   34   86   42]
 [ 138   24   48   32]]
Validation val_loss: 0.5854517320848324
Validation normalized_cm: [[0.839 0.086 0.057 0.019]
 [0.687 0.269 0.021 0.023]
 [0.599 0.084 0.213 0.104]
 [0.57  0.099 0.198 0.132]]
Validation acc: 0.5418831168831169
Validation class_accuracies: [0.8386277001270648, 0.2686046511627907, 0.21287128712871287, 0.1322314049586777]
Validation sensitivity: 0.23173970783532535
Validation specificity: 0.8386277001270648
Validation icbhi_score: 0.5351837039811951
Validation roc_auc: None
Validation avg_accuracy: 0.3630837608443115
Validation one_indexed_epoch: 13
-- New best results were achieved. --
75/75 - 228s - loss: 0.2647 - accuracy: 0.8335 - 228s/epoch - 3s/step
here
There is no such attribute
here2
Epoch 14/110
Validation cm: [[1430   18  117    9]
 [ 826   17   12    5]
 [ 255    8  120   21]
 [ 165    2   67    8]]
Validation val_loss: 0.6378087729557308
Validation normalized_cm: [[0.909 0.011 0.074 0.006]
 [0.96  0.02  0.014 0.006]
 [0.631 0.02  0.297 0.052]
 [0.682 0.008 0.277 0.033]]
Validation acc: 0.5113636363636364
Validation class_accuracies: [0.9085133418043202, 0.019767441860465116, 0.297029702970297, 0.03305785123966942]
Validation sensitivity: 0.09628154050464807
Validation specificity: 0.9085133418043202
Validation icbhi_score: 0.5023974411544841
Validation roc_auc: None
Validation avg_accuracy: 0.3145920844686879
Validation one_indexed_epoch: 14
The validation tracker metric at 0.5351837039811951 hasn't increased by 0 in 1 epochs
75/75 - 223s - loss: 0.2455 - accuracy: 0.8455 - 223s/epoch - 3s/step
here
There is no such attribute
here2
Epoch 15/110
Validation cm: [[1554    2   18    0]
 [ 856    0    4    0]
 [ 357    0   47    0]
 [ 228    0   14    0]]
Validation val_loss: 0.7303773341621816
Validation normalized_cm: [[0.987 0.001 0.011 0.   ]
 [0.995 0.    0.005 0.   ]
 [0.884 0.    0.116 0.   ]
 [0.942 0.    0.058 0.   ]]
Validation acc: 0.5198051948051948
Validation class_accuracies: [0.9872935196950444, 0.0, 0.11633663366336634, 0.0]
Validation sensitivity: 0.031208499335989376
Validation specificity: 0.9872935196950444
Validation icbhi_score: 0.5092510095155169
Validation roc_auc: None
Validation avg_accuracy: 0.2759075383396027
Validation one_indexed_epoch: 15
The validation tracker metric at 0.5351837039811951 hasn't increased by 0 in 2 epochs
75/75 - 227s - loss: 0.2253 - accuracy: 0.8453 - 227s/epoch - 3s/step
here
There is no such attribute
here2
Epoch 16/110
Validation cm: [[1427   69   72    6]
 [ 735  111    8    6]
 [ 288   30   64   22]
 [ 176   16   33   17]]
Validation val_loss: 0.65495427735422
Validation normalized_cm: [[0.907 0.044 0.046 0.004]
 [0.855 0.129 0.009 0.007]
 [0.713 0.074 0.158 0.054]
 [0.727 0.066 0.136 0.07 ]]
Validation acc: 0.5256493506493507
Validation class_accuracies: [0.9066073697585769, 0.12906976744186047, 0.15841584158415842, 0.07024793388429752]
Validation sensitivity: 0.12749003984063745
Validation specificity: 0.9066073697585769
Validation icbhi_score: 0.5170487047996072
Validation roc_auc: None
Validation avg_accuracy: 0.31608522816722334
Validation one_indexed_epoch: 16
The validation tracker metric at 0.5351837039811951 hasn't increased by 0 in 3 epochs
75/75 - 225s - loss: 0.2192 - accuracy: 0.8555 - 225s/epoch - 3s/step
here
There is no such attribute
here2
Epoch 17/110
Validation cm: [[1141  303  112   18]
 [ 503  343   11    3]
 [ 228   71   78   27]
 [ 131   34   58   19]]
Validation val_loss: 0.6786362479049289
Validation normalized_cm: [[0.725 0.193 0.071 0.011]
 [0.585 0.399 0.013 0.003]
 [0.564 0.176 0.193 0.067]
 [0.541 0.14  0.24  0.079]]
Validation acc: 0.5133116883116883
Validation class_accuracies: [0.7249047013977128, 0.3988372093023256, 0.19306930693069307, 0.07851239669421488]
Validation sensitivity: 0.2921646746347942
Validation specificity: 0.7249047013977128
Validation icbhi_score: 0.5085346880162535
Validation roc_auc: None
Validation avg_accuracy: 0.3488309035812366
Validation one_indexed_epoch: 17
The validation tracker metric at 0.5351837039811951 hasn't increased by 0 in 4 epochs
75/75 - 229s - loss: 0.1932 - accuracy: 0.8595 - 229s/epoch - 3s/step
here
There is no such attribute
here2
Epoch 18/110
Validation cm: [[1486   52   22   14]
 [ 791   66    1    2]
 [ 309   32   38   25]
 [ 174   29   21   18]]
Validation val_loss: 0.7485327079470342
Validation normalized_cm: [[0.944 0.033 0.014 0.009]
 [0.92  0.077 0.001 0.002]
 [0.765 0.079 0.094 0.062]
 [0.719 0.12  0.087 0.074]]
Validation acc: 0.522077922077922
Validation class_accuracies: [0.9440914866581956, 0.07674418604651163, 0.09405940594059406, 0.0743801652892562]
Validation sensitivity: 0.08100929614873838
Validation specificity: 0.9440914866581956
Validation icbhi_score: 0.512550391403467
Validation roc_auc: None
Validation avg_accuracy: 0.2973188109836394
Validation one_indexed_epoch: 18
The validation tracker metric at 0.5351837039811951 hasn't increased by 0 in 5 epochs
75/75 - 229s - loss: 0.1839 - accuracy: 0.8503 - 229s/epoch - 3s/step
here
There is no such attribute
here2
Epoch 19/110
Validation cm: [[1170  194  209    1]
 [ 592  244   21    3]
 [ 232   27  136    9]
 [ 123   21   91    7]]
Validation val_loss: 0.6826332279116629
Validation normalized_cm: [[7.433e-01 1.233e-01 1.328e-01 6.353e-04]
 [6.884e-01 2.837e-01 2.442e-02 3.488e-03]
 [5.743e-01 6.683e-02 3.366e-01 2.228e-02]
 [5.083e-01 8.678e-02 3.760e-01 2.893e-02]]
Validation acc: 0.5055194805194805
Validation class_accuracies: [0.7433290978398983, 0.2837209302325581, 0.33663366336633666, 0.028925619834710745]
Validation sensitivity: 0.25697211155378485
Validation specificity: 0.7433290978398983
Validation icbhi_score: 0.5001506046968416
Validation roc_auc: None
Validation avg_accuracy: 0.34815232781837596
Validation one_indexed_epoch: 19
The validation tracker metric at 0.5351837039811951 hasn't increased by 0 in 6 epochs
75/75 - 224s - loss: 0.1585 - accuracy: 0.8480 - 224s/epoch - 3s/step
here
There is no such attribute
here2
Epoch 20/110
Validation cm: [[1338   75  154    7]
 [ 788   56   15    1]
 [ 279   10  106    9]
 [ 163   14   62    3]]
Validation val_loss: 0.7159304756759636
Validation normalized_cm: [[0.85  0.048 0.098 0.004]
 [0.916 0.065 0.017 0.001]
 [0.691 0.025 0.262 0.022]
 [0.674 0.058 0.256 0.012]]
Validation acc: 0.48798701298701297
Validation class_accuracies: [0.8500635324015248, 0.06511627906976744, 0.2623762376237624, 0.012396694214876033]
Validation sensitivity: 0.10956175298804781
Validation specificity: 0.8500635324015248
Validation icbhi_score: 0.4798126426947863
Validation roc_auc: None
Validation avg_accuracy: 0.2974881858274827
Validation one_indexed_epoch: 20
The validation tracker metric at 0.5351837039811951 hasn't increased by 0 in 7 epochs
75/75 - 229s - loss: 0.1607 - accuracy: 0.8580 - 229s/epoch - 3s/step
Mel loss: <tf.Variable 'Variable:0' shape=() dtype=float32, numpy=0.5>
sinc loss: <tf.Variable 'Variable:0' shape=() dtype=float32, numpy=0.5>
here
There is no such attribute
here2
Epoch 21/110
Validation cm: [[1293  148  119   14]
 [ 617  206   33    4]
 [ 243   29  120   12]
 [ 135   30   67   10]]
Validation val_loss: 0.7763332541195079
Validation normalized_cm: [[0.821 0.094 0.076 0.009]
 [0.717 0.24  0.038 0.005]
 [0.601 0.072 0.297 0.03 ]
 [0.558 0.124 0.277 0.041]]
Validation acc: 0.5288961038961039
Validation class_accuracies: [0.8214739517153749, 0.23953488372093024, 0.297029702970297, 0.04132231404958678]
Validation sensitivity: 0.22310756972111553
Validation specificity: 0.8214739517153749
Validation icbhi_score: 0.5222907607182452
Validation roc_auc: None
Validation avg_accuracy: 0.3498402131140473
Validation one_indexed_epoch: 21
The validation tracker metric at 0.5351837039811951 hasn't increased by 0 in 8 epochs
75/75 - 230s - loss: 0.1390 - accuracy: 0.8658 - 230s/epoch - 3s/step
here
There is no such attribute
here2
Epoch 22/110
Validation cm: [[957 304 309   4]
 [494 323  35   8]
 [168  49 172  15]
 [ 96  27 106  13]]
Validation val_loss: 0.7926275651059627
Validation normalized_cm: [[0.608 0.193 0.196 0.003]
 [0.574 0.376 0.041 0.009]
 [0.416 0.121 0.426 0.037]
 [0.397 0.112 0.438 0.054]]
Validation acc: 0.47564935064935066
Validation class_accuracies: [0.6080050825921219, 0.3755813953488372, 0.42574257425742573, 0.05371900826446281]
Validation sensitivity: 0.33731739707835323
Validation specificity: 0.6080050825921219
Validation icbhi_score: 0.47266123983523756
Validation roc_auc: None
Validation avg_accuracy: 0.3657620151157119
Validation one_indexed_epoch: 22
The validation tracker metric at 0.5351837039811951 hasn't increased by 0 in 9 epochs
75/75 - 231s - loss: 0.1288 - accuracy: 0.8448 - 231s/epoch - 3s/step
here
There is no such attribute
here2
Epoch 23/110
Validation cm: [[1551   10   11    2]
 [ 832   26    2    0]
 [ 338    4   50   12]
 [ 204   11   24    3]]
Validation val_loss: 0.9658592223643337
Validation normalized_cm: [[0.985 0.006 0.007 0.001]
 [0.967 0.03  0.002 0.   ]
 [0.837 0.01  0.124 0.03 ]
 [0.843 0.045 0.099 0.012]]
Validation acc: 0.5292207792207793
Validation class_accuracies: [0.9853875476493011, 0.030232558139534883, 0.12376237623762376, 0.012396694214876033]
Validation sensitivity: 0.05245683930942895
Validation specificity: 0.9853875476493011
Validation icbhi_score: 0.5189221934793651
Validation roc_auc: None
Validation avg_accuracy: 0.287944794060334
Validation one_indexed_epoch: 23
The validation tracker metric at 0.5351837039811951 hasn't increased by 0 in 10 epochs
Lr has been adjusted to 0.0024999999441206455
75/75 - 226s - loss: 0.1207 - accuracy: 0.8543 - 226s/epoch - 3s/step
here
There is no such attribute
here2
Epoch 24/110
Validation cm: [[937 515  84  38]
 [298 537  11  14]
 [197  84  64  59]
 [102  60  49  31]]
Validation val_loss: 0.8247353205225492
Validation normalized_cm: [[0.595 0.327 0.053 0.024]
 [0.347 0.624 0.013 0.016]
 [0.488 0.208 0.158 0.146]
 [0.421 0.248 0.202 0.128]]
Validation acc: 0.5094155844155844
Validation class_accuracies: [0.5952986022871665, 0.6244186046511628, 0.15841584158415842, 0.128099173553719]
Validation sensitivity: 0.4196547144754316
Validation specificity: 0.5952986022871665
Validation icbhi_score: 0.5074766583812991
Validation roc_auc: None
Validation avg_accuracy: 0.37655805551905164
Validation one_indexed_epoch: 24
The validation tracker metric at 0.5351837039811951 hasn't increased by 0 in 11 epochs
75/75 - 232s - loss: 0.1024 - accuracy: 0.8520 - 232s/epoch - 3s/step
here
There is no such attribute
here2
Epoch 25/110
Validation cm: [[856 394 252  72]
 [322 421  75  42]
 [163  32 151  58]
 [ 68  17 106  51]]
Validation val_loss: 0.9706895017773208
Validation normalized_cm: [[0.544 0.25  0.16  0.046]
 [0.374 0.49  0.087 0.049]
 [0.403 0.079 0.374 0.144]
 [0.281 0.07  0.438 0.211]]
Validation acc: 0.4801948051948052
Validation class_accuracies: [0.5438373570520966, 0.48953488372093024, 0.37376237623762376, 0.21074380165289255]
Validation sensitivity: 0.41367861885790175
Validation specificity: 0.5438373570520966
Validation icbhi_score: 0.47875798795499913
Validation roc_auc: None
Validation avg_accuracy: 0.40446960466588583
Validation one_indexed_epoch: 25
The validation tracker metric at 0.5351837039811951 hasn't increased by 0 in 12 epochs
75/75 - 230s - loss: 0.0869 - accuracy: 0.8461 - 230s/epoch - 3s/step
here
There is no such attribute
here2
Epoch 26/110
Validation cm: [[1238  262   73    1]
 [ 565  287    6    2]
 [ 232   61  100   11]
 [ 137   42   53   10]]
Validation val_loss: 0.8121372853357842
Validation normalized_cm: [[7.865e-01 1.665e-01 4.638e-02 6.353e-04]
 [6.570e-01 3.337e-01 6.977e-03 2.326e-03]
 [5.743e-01 1.510e-01 2.475e-01 2.723e-02]
 [5.661e-01 1.736e-01 2.190e-01 4.132e-02]]
Validation acc: 0.5308441558441559
Validation class_accuracies: [0.7865311308767471, 0.33372093023255817, 0.24752475247524752, 0.04132231404958678]
Validation sensitivity: 0.2636122177954847
Validation specificity: 0.7865311308767471
Validation icbhi_score: 0.5250716743361159
Validation roc_auc: None
Validation avg_accuracy: 0.3522747819085349
Validation one_indexed_epoch: 26
The validation tracker metric at 0.5351837039811951 hasn't increased by 0 in 13 epochs
75/75 - 232s - loss: 0.0827 - accuracy: 0.8543 - 232s/epoch - 3s/step
here
There is no such attribute
here2
Epoch 27/110
Validation cm: [[770 389 334  81]
 [285 457  55  63]
 [106  47 181  70]
 [ 58  24  98  62]]
Validation val_loss: 1.0044749782022746
Validation normalized_cm: [[0.489 0.247 0.212 0.051]
 [0.331 0.531 0.064 0.073]
 [0.262 0.116 0.448 0.173]
 [0.24  0.099 0.405 0.256]]
Validation acc: 0.4772727272727273
Validation class_accuracies: [0.4891994917407878, 0.5313953488372093, 0.44801980198019803, 0.256198347107438]
Validation sensitivity: 0.4648074369189907
Validation specificity: 0.4891994917407878
Validation icbhi_score: 0.47700346432988927
Validation roc_auc: None
Validation avg_accuracy: 0.43120324741640825
Validation one_indexed_epoch: 27
The validation tracker metric at 0.5351837039811951 hasn't increased by 0 in 14 epochs
75/75 - 230s - loss: 0.0784 - accuracy: 0.8490 - 230s/epoch - 3s/step
here
There is no such attribute
here2
Epoch 28/110
Validation cm: [[1057  170  323   24]
 [ 514  257   64   25]
 [ 144   32  185   43]
 [  70   14  132   26]]
Validation val_loss: 1.1649128386884158
Validation normalized_cm: [[0.672 0.108 0.205 0.015]
 [0.598 0.299 0.074 0.029]
 [0.356 0.079 0.458 0.106]
 [0.289 0.058 0.545 0.107]]
Validation acc: 0.49512987012987014
Validation class_accuracies: [0.6715374841168996, 0.2988372093023256, 0.45792079207920794, 0.10743801652892562]
Validation sensitivity: 0.3107569721115538
Validation specificity: 0.6715374841168996
Validation icbhi_score: 0.49114722811422673
Validation roc_auc: None
Validation avg_accuracy: 0.3839333755068397
Validation one_indexed_epoch: 28
The number of epochs since last 1% equals the patience
75/75 - 231s - loss: 0.0749 - accuracy: 0.8530 - 231s/epoch - 3s/step
----------------------------------
The best metrics for this job are: 

Best icbhi_score: 0.5351837039811951
Best cm: [[1320  135   89   30]
 [ 591  231   18   20]
 [ 242   34   86   42]
 [ 138   24   48   32]]
Best val_loss: 0.5854517320848324
Best normalized_cm: [[0.839 0.086 0.057 0.019]
 [0.687 0.269 0.021 0.023]
 [0.599 0.084 0.213 0.104]
 [0.57  0.099 0.198 0.132]]
Best acc: 0.5418831168831169
Best class_accuracies: [0.8386277001270648, 0.2686046511627907, 0.21287128712871287, 0.1322314049586777]
Best sensitivity: 0.23173970783532535
Best specificity: 0.8386277001270648
Best roc_auc: None
Best avg_accuracy: 0.3630837608443115
Best one_indexed_epoch: 13
icbhi_score
model
cm
val_loss
normalized_cm
acc
class_accuracies
sensitivity
specificity
roc_auc
avg_accuracy
one_indexed_epoch
25
25
Initial weights
[]
Post training weights
[]
Weight difference
[]
{'loss': [0.705339789390564, 0.6774562001228333, 0.6423019170761108, 0.5952085256576538, 0.5411649942398071, 0.5001201629638672, 0.4684266149997711, 0.42151662707328796, 0.39432498812675476, 0.36272940039634705, 0.3240492343902588, 0.2953319847583771, 0.26474496722221375, 0.24549278616905212, 0.2252957671880722, 0.21915790438652039, 0.19317319989204407, 0.18389448523521423, 0.1585419476032257, 0.16068758070468903, 0.1389828771352768, 0.12882226705551147, 0.12065146863460541, 0.10244657099246979, 0.0868791863322258, 0.08273570239543915, 0.07837891578674316, 0.07492674887180328], 'accuracy': [0.4959110915660858, 0.5661564469337463, 0.554413914680481, 0.6603061556816101, 0.7366324067115784, 0.7745858430862427, 0.7957643270492554, 0.7951352596282959, 0.8179911971092224, 0.8129587173461914, 0.8219752311706543, 0.8360243439674377, 0.8335080742835999, 0.8454602360725403, 0.8452505469322205, 0.8555252552032471, 0.8595093488693237, 0.8502830862998962, 0.8479765057563782, 0.858041524887085, 0.8657999634742737, 0.8448312282562256, 0.8542671203613281, 0.8519605994224548, 0.8460893034934998, 0.8542671203613281, 0.8490249514579773, 0.853009045124054]}
End
####################################
Job dir: ../cache/cw/train203/2
Job id is 3.
Job dir: ../cache/cw/train203/3
- Loading Icbhi.
920 Icbhi audios have been loaded.
- Preparing Icbhi.
126 Icbhi groups of audio chunks (by filename or patients) have been prepared.
--- Samples are being split into training/val groups and de-grouped by patient ---
Job id is 4.
len(_all_samples)
7857
-----------------------
--- Final training dataset went from 0 to 4769 elements, with 2299 none's, 1353 crakles, 554 wheezes and 563 both ---
--- Final Validation dataset contains 3080 elements, with 1574 none, 860 crackles, 404 wheezes and 242 both ---
GPUs
['/device:GPU:0']
Initializing weights...
weights = {0: 0.518595041322314, 1: 0.881189948263119, 2: 2.152075812274368, 3: 2.1176731793960926}
Model: "sequential_1"
_________________________________________________________________
 Layer (type)                Output Shape              Param #   
=================================================================
 resnet50 (Functional)       (None, 3, 7, 2048)        23587712  
                                                                 
 global_average_pooling2d_1   (None, 2048)             0         
 (GlobalAveragePooling2D)                                        
                                                                 
 dense_3 (Dense)             (None, 100)               204900    
                                                                 
 dropout_2 (Dropout)         (None, 100)               0         
                                                                 
 dense_4 (Dense)             (None, 50)                5050      
                                                                 
 dropout_3 (Dropout)         (None, 50)                0         
                                                                 
 dense_5 (Dense)             (None, 2)                 102       
                                                                 
=================================================================
Total params: 23,797,764
Trainable params: 23,744,644
Non-trainable params: 53,120
_________________________________________________________________
Model: "leaf_model9_model_efnet1_1"
______________________________________________________________________________________________________________
 Layer (type)                                    Output Shape                                Param #          
==============================================================================================================
 mel_filterbanks_2 (MelFilterbanks)              multiple                                    0                
                                                                                                              
 mel_filterbanks_3 (MelFilterbanks)              multiple                                    0 (unused)       
                                                                                                              
 sincnet (SincNet)                               multiple                                    0 (unused)       
                                                                                                              
 sequential_1 (Sequential)                       (None, 2)                                   23797764         
                                                                                                              
==============================================================================================================
Total params: 23,797,926
Trainable params: 23,744,806
Non-trainable params: 53,120
______________________________________________________________________________________________________________
Target metric is icbhi_score
here
There is no such attribute
here2
Epoch 1/110
/home/alirachidi/classification_algorithm/trainers/modules/main/global_helpers.py:48: UserWarning: Matplotlib is currently using agg, which is a non-GUI backend, so cannot show the figure.
  plt.show()
WARNING:tensorflow:Gradients do not exist for variables ['kernel:0', 'Variable:0', 'Variable:0'] when minimizing the loss. If you're using `model.compile()`, did you forget to provide a `loss`argument?
WARNING:tensorflow:Gradients do not exist for variables ['kernel:0', 'Variable:0', 'Variable:0'] when minimizing the loss. If you're using `model.compile()`, did you forget to provide a `loss`argument?
WARNING:tensorflow:Gradients do not exist for variables ['kernel:0', 'Variable:0', 'Variable:0'] when minimizing the loss. If you're using `model.compile()`, did you forget to provide a `loss`argument?
WARNING:tensorflow:Gradients do not exist for variables ['kernel:0', 'Variable:0', 'Variable:0'] when minimizing the loss. If you're using `model.compile()`, did you forget to provide a `loss`argument?
Validation cm: [[ 381 1186    4    3]
 [ 186  672    0    2]
 [  94  303    7    0]
 [  93  146    2    1]]
Validation val_loss: 0.6555493515129988
Validation normalized_cm: [[0.242 0.753 0.003 0.002]
 [0.216 0.781 0.    0.002]
 [0.233 0.75  0.017 0.   ]
 [0.384 0.603 0.008 0.004]]
Validation acc: 0.3444805194805195
Validation class_accuracies: [0.2420584498094028, 0.7813953488372093, 0.017326732673267328, 0.004132231404958678]
Validation sensitivity: 0.45152722443559096
Validation specificity: 0.2420584498094028
Validation icbhi_score: 0.34679283712249687
Validation roc_auc: None
Validation avg_accuracy: 0.26122819068120956
Validation one_indexed_epoch: 1
-- New best results were achieved. --
75/75 - 208s - loss: 0.6686 - accuracy: 0.5848 - 208s/epoch - 3s/step
here
There is no such attribute
here2
Epoch 2/110
Validation cm: [[736 607 228   3]
 [320 488  49   3]
 [153 176  74   1]
 [118  98  26   0]]
Validation val_loss: 0.6347744125534188
Validation normalized_cm: [[0.468 0.386 0.145 0.002]
 [0.372 0.567 0.057 0.003]
 [0.379 0.436 0.183 0.002]
 [0.488 0.405 0.107 0.   ]]
Validation acc: 0.42142857142857143
Validation class_accuracies: [0.4675984752223634, 0.5674418604651162, 0.18316831683168316, 0.0]
Validation sensitivity: 0.37317397078353254
Validation specificity: 0.4675984752223634
Validation icbhi_score: 0.420386223002948
Validation roc_auc: None
Validation avg_accuracy: 0.30455216312979067
Validation one_indexed_epoch: 2
-- New best results were achieved. --
75/75 - 198s - loss: 0.5532 - accuracy: 0.7220 - 198s/epoch - 3s/step
here
There is no such attribute
here2
Epoch 3/110
Validation cm: [[878  84 610   2]
 [537  35 288   0]
 [211  31 162   0]
 [131  13  98   0]]
Validation val_loss: 0.6949554503931628
Validation normalized_cm: [[0.558 0.053 0.388 0.001]
 [0.624 0.041 0.335 0.   ]
 [0.522 0.077 0.401 0.   ]
 [0.541 0.054 0.405 0.   ]]
Validation acc: 0.349025974025974
Validation class_accuracies: [0.5578144853875476, 0.040697674418604654, 0.400990099009901, 0.0]
Validation sensitivity: 0.13081009296148738
Validation specificity: 0.5578144853875476
Validation icbhi_score: 0.3443122891745175
Validation roc_auc: None
Validation avg_accuracy: 0.24987556470401331
