Tensorflow Version: 2.8.0
Num GPUs Available:  1
Collecting Variables...
All variables have been collected.
../cache/
cw
train204
Description:  effnet: kfold, mel, no normalizing, 1 optimizer w adaptive lr, overlap threshold = 0.3,
-----------------------
training parameters
[('cache_root', '../cache/'), ('data_root', '../data/'), ('jordan_root', '../data/jwyy9np4gv-3/'), ('icbhi_root', '../data/raw_audios/icbhi_preprocessed_v2_8000/'), ('bd_root', '../data/PCV_SEGMENTED_Processed_Files/'), ('excel_path', '../data/Bangladesh_PCV_onlyStudyPatients.xlsx'), ('perch_root', '../data/raw_audios/perch_8000_10seconds'), ('ant_root', '../data/raw_audios/Antwerp_Clinical_Complete'), ('description', ' effnet: kfold, mel, no normalizing, 1 optimizer w adaptive lr, overlap threshold = 0.3,'), ('job_id', 0), ('mode', 'cw'), ('n_classes', 2), ('shape', (40, 200, 3)), ('n_epochs', 110), ('lr', 0.005), ('batch_size', 64), ('ll2_reg', 0), ('weight_decay', 0.0001), ('label_smoothing', 0), ('epsilon', 1e-07), ('es_patience', 15), ('min_delta', 0), ('train_test_ratio', 0.8), ('kfold', False), ('clause', 0), ('epoch_start', 0), ('testing', 0), ('adaptive_lr', True), ('cuberooting', 1), ('normalizing', 1), ('class_weights', True), ('early_stopping', True), ('initial_channels', 1), ('factor', 0.5), ('lr_patience', 10), ('min_lr', 1e-05), ('sr', 8000), ('audio_length', 5), ('step_size', 2.5), ('n_fft', 2048), ('hop_length', 254), ('n_mels', 128), ('overlap_threshold', 0.3), ('trainable_fb', False), ('to_decibel', True), ('train_nn', False), ('train_mel', False), ('file_dir', '../cache/cw/train204'), ('n_sequences', 9), ('activate_spectral_loss', False), ('normalize', False), ('stacking', False), ('oversample', False), ('one_hot_encoding', False), ('activation', 'sigmoid'), ('n_filters', 40), ('code', -1), ('distillation', False), ('window_len', 100), ('window_stride', 25)]
Job id is 1.
Job dir: ../cache/cw/train204/1
- Loading Icbhi.
920 Icbhi audios have been loaded.
- Preparing Icbhi.
126 Icbhi groups of audio chunks (by filename or patients) have been prepared.
--- Samples are being split into training/val groups and de-grouped by patient ---
Job id is 2.
len(_all_samples)
7857
-----------------------
--- Final training dataset went from 0 to 4769 elements, with 2299 none's, 1353 crakles, 554 wheezes and 563 both ---
--- Final Validation dataset contains 3080 elements, with 1574 none, 860 crackles, 404 wheezes and 242 both ---
GPUs
['/device:GPU:0']
Initializing weights...
weights = {0: 0.518595041322314, 1: 0.881189948263119, 2: 2.152075812274368, 3: 2.1176731793960926}
Model: "sequential"
_________________________________________________________________
 Layer (type)                Output Shape              Param #   
=================================================================
 efficientnetb1 (Functional)  (None, 2, 7, 1280)       6575239   
                                                                 
 global_average_pooling2d (G  (None, 1280)             0         
 lobalAveragePooling2D)                                          
                                                                 
 dense (Dense)               (None, 100)               128100    
                                                                 
 dropout (Dropout)           (None, 100)               0         
                                                                 
 dense_1 (Dense)             (None, 50)                5050      
                                                                 
 dropout_1 (Dropout)         (None, 50)                0         
                                                                 
 dense_2 (Dense)             (None, 2)                 102       
                                                                 
=================================================================
Total params: 6,708,491
Trainable params: 6,646,436
Non-trainable params: 62,055
_________________________________________________________________
Model: "leaf_model9_model_efnet1"
______________________________________________________________________________________________________________
 Layer (type)                                    Output Shape                                Param #          
==============================================================================================================
 mel_filterbanks (MelFilterbanks)                multiple                                    0                
                                                                                                              
 mel_filterbanks_1 (MelFilterbanks)              multiple                                    0 (unused)       
                                                                                                              
 sincnet (SincNet)                               multiple                                    0 (unused)       
                                                                                                              
 sequential (Sequential)                         (None, 2)                                   6708491          
                                                                                                              
==============================================================================================================
Total params: 6,708,573
Trainable params: 6,646,518
Non-trainable params: 62,055
______________________________________________________________________________________________________________
Target metric is icbhi_score
here
There is no such attribute
here2
Epoch 1/110
/home/alirachidi/classification_algorithm/trainers/modules/main/global_helpers.py:48: UserWarning: Matplotlib is currently using agg, which is a non-GUI backend, so cannot show the figure.
  plt.show()
WARNING:tensorflow:Gradients do not exist for variables ['kernel:0', 'Variable:0', 'Variable:0'] when minimizing the loss. If you're using `model.compile()`, did you forget to provide a `loss`argument?
WARNING:tensorflow:Gradients do not exist for variables ['kernel:0', 'Variable:0', 'Variable:0'] when minimizing the loss. If you're using `model.compile()`, did you forget to provide a `loss`argument?
WARNING:tensorflow:Gradients do not exist for variables ['kernel:0', 'Variable:0', 'Variable:0'] when minimizing the loss. If you're using `model.compile()`, did you forget to provide a `loss`argument?
WARNING:tensorflow:Gradients do not exist for variables ['kernel:0', 'Variable:0', 'Variable:0'] when minimizing the loss. If you're using `model.compile()`, did you forget to provide a `loss`argument?
Validation cm: [[1449  115    3    7]
 [ 843   15    1    1]
 [ 368   35    0    1]
 [ 234    8    0    0]]
Validation val_loss: 0.6128403389802227
Validation normalized_cm: [[0.921 0.073 0.002 0.004]
 [0.98  0.017 0.001 0.001]
 [0.911 0.087 0.    0.002]
 [0.967 0.033 0.    0.   ]]
Validation acc: 0.4753246753246753
Validation class_accuracies: [0.920584498094028, 0.01744186046511628, 0.0, 0.0]
Validation sensitivity: 0.0099601593625498
Validation specificity: 0.920584498094028
Validation icbhi_score: 0.4652723287282889
Validation roc_auc: None
Validation avg_accuracy: 0.23450658963978607
Validation one_indexed_epoch: 1
-- New best results were achieved. --
75/75 - 238s - loss: 0.7074 - accuracy: 0.4947 - 238s/epoch - 3s/step
here
There is no such attribute
here2
Epoch 2/110
Validation cm: [[1563    9    2    0]
 [ 854    5    1    0]
 [ 396    4    4    0]
 [ 240    2    0    0]]
Validation val_loss: 0.6314125336029313
Validation normalized_cm: [[0.993 0.006 0.001 0.   ]
 [0.993 0.006 0.001 0.   ]
 [0.98  0.01  0.01  0.   ]
 [0.992 0.008 0.    0.   ]]
Validation acc: 0.5103896103896104
Validation class_accuracies: [0.9930114358322745, 0.005813953488372093, 0.009900990099009901, 0.0]
Validation sensitivity: 0.00597609561752988
Validation specificity: 0.9930114358322745
Validation icbhi_score: 0.4994937657249022
Validation roc_auc: None
Validation avg_accuracy: 0.2521815948549141
Validation one_indexed_epoch: 2
-- New best results were achieved. --
75/75 - 210s - loss: 0.6721 - accuracy: 0.5813 - 210s/epoch - 3s/step
here
There is no such attribute
here2
Epoch 3/110
Validation cm: [[1574    0    0    0]
 [ 860    0    0    0]
 [ 402    1    1    0]
 [ 242    0    0    0]]
Validation val_loss: 0.587192653971059
Validation normalized_cm: [[1.    0.    0.    0.   ]
 [1.    0.    0.    0.   ]
 [0.995 0.002 0.002 0.   ]
 [1.    0.    0.    0.   ]]
Validation acc: 0.5113636363636364
Validation class_accuracies: [1.0, 0.0, 0.0024752475247524753, 0.0]
Validation sensitivity: 0.0006640106241699867
Validation specificity: 1.0
Validation icbhi_score: 0.500332005312085
Validation roc_auc: None
Validation avg_accuracy: 0.2506188118811881
Validation one_indexed_epoch: 3
-- New best results were achieved. --
75/75 - 219s - loss: 0.6322 - accuracy: 0.6066 - 219s/epoch - 3s/step
here
There is no such attribute
here2
Epoch 4/110
Validation cm: [[1546    5   23    0]
 [ 858    0    2    0]
 [ 396    1    7    0]
 [ 242    0    0    0]]
Validation val_loss: 0.5835433157233448
Validation normalized_cm: [[0.982 0.003 0.015 0.   ]
 [0.998 0.    0.002 0.   ]
 [0.98  0.002 0.017 0.   ]
 [1.    0.    0.    0.   ]]
Validation acc: 0.5042207792207792
Validation class_accuracies: [0.9822109275730623, 0.0, 0.017326732673267328, 0.0]
Validation sensitivity: 0.004648074369189907
Validation specificity: 0.9822109275730623
Validation icbhi_score: 0.4934295009711261
Validation roc_auc: None
Validation avg_accuracy: 0.2498844150615824
Validation one_indexed_epoch: 4
The validation tracker metric at 0.500332005312085 hasn't increased by 0 in 1 epochs
75/75 - 220s - loss: 0.5928 - accuracy: 0.7031 - 220s/epoch - 3s/step
here
There is no such attribute
here2
Epoch 5/110
Validation cm: [[1504   60   10    0]
 [ 848    9    3    0]
 [ 394    6    4    0]
 [ 236    6    0    0]]
Validation val_loss: 0.6108320241140854
Validation normalized_cm: [[0.956 0.038 0.006 0.   ]
 [0.986 0.01  0.003 0.   ]
 [0.975 0.015 0.01  0.   ]
 [0.975 0.025 0.    0.   ]]
Validation acc: 0.49253246753246754
Validation class_accuracies: [0.9555273189326556, 0.010465116279069767, 0.009900990099009901, 0.0]
Validation sensitivity: 0.008632138114209827
Validation specificity: 0.9555273189326556
Validation icbhi_score: 0.4820797285234327
Validation roc_auc: None
Validation avg_accuracy: 0.24397335632768383
Validation one_indexed_epoch: 5
The validation tracker metric at 0.500332005312085 hasn't increased by 0 in 2 epochs
75/75 - 223s - loss: 0.5593 - accuracy: 0.7452 - 223s/epoch - 3s/step
here
There is no such attribute
here2
Epoch 6/110
Validation cm: [[1530    2   42    0]
 [ 858    0    2    0]
 [ 387    1   16    0]
 [ 236    1    5    0]]
Validation val_loss: 0.6061867544741987
Validation normalized_cm: [[0.972 0.001 0.027 0.   ]
 [0.998 0.    0.002 0.   ]
 [0.958 0.002 0.04  0.   ]
 [0.975 0.004 0.021 0.   ]]
Validation acc: 0.5019480519480519
Validation class_accuracies: [0.9720457433290979, 0.0, 0.039603960396039604, 0.0]
Validation sensitivity: 0.010624169986719787
Validation specificity: 0.9720457433290979
Validation icbhi_score: 0.49133495665790883
Validation roc_auc: None
Validation avg_accuracy: 0.2529124259312844
Validation one_indexed_epoch: 6
The validation tracker metric at 0.500332005312085 hasn't increased by 0 in 3 epochs
75/75 - 225s - loss: 0.5265 - accuracy: 0.7574 - 225s/epoch - 3s/step
here
There is no such attribute
here2
Epoch 7/110
Validation cm: [[756 579 223  16]
 [305 539  15   1]
 [177 163  61   3]
 [123 104  10   5]]
Validation val_loss: 0.663468576072679
Validation normalized_cm: [[0.48  0.368 0.142 0.01 ]
 [0.355 0.627 0.017 0.001]
 [0.438 0.403 0.151 0.007]
 [0.508 0.43  0.041 0.021]]
Validation acc: 0.4418831168831169
Validation class_accuracies: [0.48030495552731894, 0.6267441860465116, 0.15099009900990099, 0.02066115702479339]
Validation sensitivity: 0.40172642762284194
Validation specificity: 0.48030495552731894
Validation icbhi_score: 0.44101569157508047
Validation roc_auc: None
Validation avg_accuracy: 0.31967509940213124
Validation one_indexed_epoch: 7
The validation tracker metric at 0.500332005312085 hasn't increased by 0 in 4 epochs
75/75 - 223s - loss: 0.4879 - accuracy: 0.7775 - 223s/epoch - 3s/step
here
There is no such attribute
here2
Epoch 8/110
Validation cm: [[863 402 279  30]
 [362 424  43  31]
 [153 110 119  22]
 [ 97  67  55  23]]
Validation val_loss: 0.6401402650848514
Validation normalized_cm: [[0.548 0.255 0.177 0.019]
 [0.421 0.493 0.05  0.036]
 [0.379 0.272 0.295 0.054]
 [0.401 0.277 0.227 0.095]]
Validation acc: 0.46396103896103896
Validation class_accuracies: [0.548284625158831, 0.4930232558139535, 0.29455445544554454, 0.09504132231404959]
Validation sensitivity: 0.3758300132802125
Validation specificity: 0.548284625158831
Validation icbhi_score: 0.46205731921952176
Validation roc_auc: None
Validation avg_accuracy: 0.35772591468309467
Validation one_indexed_epoch: 8
The validation tracker metric at 0.500332005312085 hasn't increased by 0 in 5 epochs
75/75 - 226s - loss: 0.4581 - accuracy: 0.7782 - 226s/epoch - 3s/step
here
There is no such attribute
here2
Epoch 9/110
Validation cm: [[700 520 275  79]
 [255 501  46  58]
 [ 92 138 115  59]
 [ 58  80  56  48]]
Validation val_loss: 0.6295207141886477
Validation normalized_cm: [[0.445 0.33  0.175 0.05 ]
 [0.297 0.583 0.053 0.067]
 [0.228 0.342 0.285 0.146]
 [0.24  0.331 0.231 0.198]]
Validation acc: 0.44285714285714284
Validation class_accuracies: [0.44472681067344344, 0.5825581395348837, 0.28465346534653463, 0.19834710743801653]
Validation sensitivity: 0.4409030544488712
Validation specificity: 0.44472681067344344
Validation icbhi_score: 0.44281493256115734
Validation roc_auc: None
Validation avg_accuracy: 0.37757138074821955
Validation one_indexed_epoch: 9
The validation tracker metric at 0.500332005312085 hasn't increased by 0 in 6 epochs
75/75 - 225s - loss: 0.4267 - accuracy: 0.7951 - 225s/epoch - 3s/step
here
There is no such attribute
here2
Epoch 10/110
Validation cm: [[650 612 260  52]
 [250 567  33  10]
 [110 170  89  35]
 [ 68 101  51  22]]
Validation val_loss: 0.6580087897785056
Validation normalized_cm: [[0.413 0.389 0.165 0.033]
 [0.291 0.659 0.038 0.012]
 [0.272 0.421 0.22  0.087]
 [0.281 0.417 0.211 0.091]]
Validation acc: 0.43116883116883115
Validation class_accuracies: [0.41296060991105465, 0.6593023255813953, 0.2202970297029703, 0.09090909090909091]
Validation sensitivity: 0.450199203187251
Validation specificity: 0.41296060991105465
Validation icbhi_score: 0.4315799065491528
Validation roc_auc: None
Validation avg_accuracy: 0.3458672640261278
Validation one_indexed_epoch: 10
The validation tracker metric at 0.500332005312085 hasn't increased by 0 in 7 epochs
75/75 - 225s - loss: 0.3953 - accuracy: 0.8065 - 225s/epoch - 3s/step
Mel loss: <tf.Variable 'Variable:0' shape=() dtype=float32, numpy=0.5>
sinc loss: <tf.Variable 'Variable:0' shape=() dtype=float32, numpy=0.5>
here
There is no such attribute
here2
Epoch 11/110
Validation cm: [[868 395 246  65]
 [455 367  26  12]
 [154  97  99  54]
 [100  69  41  32]]
Validation val_loss: 0.6749962714682152
Validation normalized_cm: [[0.551 0.251 0.156 0.041]
 [0.529 0.427 0.03  0.014]
 [0.381 0.24  0.245 0.134]
 [0.413 0.285 0.169 0.132]]
Validation acc: 0.4435064935064935
Validation class_accuracies: [0.5514612452350699, 0.42674418604651165, 0.24504950495049505, 0.1322314049586777]
Validation sensitivity: 0.33067729083665337
Validation specificity: 0.5514612452350699
Validation icbhi_score: 0.44106926803586166
Validation roc_auc: None
Validation avg_accuracy: 0.33887158529768857
Validation one_indexed_epoch: 11
The validation tracker metric at 0.500332005312085 hasn't increased by 0 in 8 epochs
75/75 - 223s - loss: 0.3600 - accuracy: 0.8127 - 223s/epoch - 3s/step
here
There is no such attribute
here2
Epoch 12/110
Validation cm: [[566 473 406 129]
 [211 437  88 124]
 [ 69  67 165 103]
 [ 37  66  71  68]]
Validation val_loss: 0.8579902258574434
Validation normalized_cm: [[0.36  0.301 0.258 0.082]
 [0.245 0.508 0.102 0.144]
 [0.171 0.166 0.408 0.255]
 [0.153 0.273 0.293 0.281]]
Validation acc: 0.4012987012987013
Validation class_accuracies: [0.3595933926302414, 0.5081395348837209, 0.4084158415841584, 0.2809917355371901]
Validation sensitivity: 0.4448871181938911
Validation specificity: 0.3595933926302414
Validation icbhi_score: 0.40224025541206626
Validation roc_auc: None
Validation avg_accuracy: 0.38928512615882765
Validation one_indexed_epoch: 12
The validation tracker metric at 0.500332005312085 hasn't increased by 0 in 9 epochs
75/75 - 224s - loss: 0.3267 - accuracy: 0.8272 - 224s/epoch - 3s/step
here
There is no such attribute
here2
Epoch 13/110
Validation cm: [[525 588 215 246]
 [196 481  28 155]
 [ 72 129  68 135]
 [ 53  81  34  74]]
Validation val_loss: 0.8799048897379392
Validation normalized_cm: [[0.334 0.374 0.137 0.156]
 [0.228 0.559 0.033 0.18 ]
 [0.178 0.319 0.168 0.334]
 [0.219 0.335 0.14  0.306]]
Validation acc: 0.37272727272727274
Validation class_accuracies: [0.3335451080050826, 0.5593023255813954, 0.16831683168316833, 0.30578512396694213]
Validation sensitivity: 0.41367861885790175
Validation specificity: 0.3335451080050826
Validation icbhi_score: 0.37361186343149216
Validation roc_auc: None
Validation avg_accuracy: 0.34173734730914707
Validation one_indexed_epoch: 13
The validation tracker metric at 0.500332005312085 hasn't increased by 0 in 10 epochs
Lr has been adjusted to 0.0024999999441206455
75/75 - 222s - loss: 0.2933 - accuracy: 0.8180 - 222s/epoch - 3s/step
here
There is no such attribute
here2
Epoch 14/110
Validation cm: [[580 396 326 272]
 [207 403  69 181]
 [ 62  69 116 157]
 [ 35  40  72  95]]
Validation val_loss: 1.0109881661079696
Validation normalized_cm: [[0.368 0.252 0.207 0.173]
 [0.241 0.469 0.08  0.21 ]
 [0.153 0.171 0.287 0.389]
 [0.145 0.165 0.298 0.393]]
Validation acc: 0.38766233766233765
Validation class_accuracies: [0.3684879288437103, 0.4686046511627907, 0.2871287128712871, 0.3925619834710744]
Validation sensitivity: 0.4077025232403719
Validation specificity: 0.3684879288437103
Validation icbhi_score: 0.38809522604204105
Validation roc_auc: None
Validation avg_accuracy: 0.37919581908721567
Validation one_indexed_epoch: 14
The validation tracker metric at 0.500332005312085 hasn't increased by 0 in 11 epochs
75/75 - 224s - loss: 0.2691 - accuracy: 0.8316 - 224s/epoch - 3s/step
here
There is no such attribute
here2
Epoch 15/110
Validation cm: [[1137  175  188   74]
 [ 561  203   55   41]
 [ 188   63   94   59]
 [ 112   33   60   37]]
Validation val_loss: 0.6532905998069781
Validation normalized_cm: [[0.722 0.111 0.119 0.047]
 [0.652 0.236 0.064 0.048]
 [0.465 0.156 0.233 0.146]
 [0.463 0.136 0.248 0.153]]
Validation acc: 0.4775974025974026
Validation class_accuracies: [0.7223634053367217, 0.23604651162790696, 0.23267326732673269, 0.15289256198347106]
Validation sensitivity: 0.22177954847277556
Validation specificity: 0.7223634053367217
Validation icbhi_score: 0.47207147690474865
Validation roc_auc: None
Validation avg_accuracy: 0.33599393656870813
Validation one_indexed_epoch: 15
The validation tracker metric at 0.500332005312085 hasn't increased by 0 in 12 epochs
75/75 - 226s - loss: 0.2347 - accuracy: 0.8413 - 226s/epoch - 3s/step
here
There is no such attribute
here2
Epoch 16/110
Validation cm: [[902 378 228  66]
 [401 427  25   7]
 [153 113  73  65]
 [ 97  83  27  35]]
Validation val_loss: 0.8242449894019058
Validation normalized_cm: [[0.573 0.24  0.145 0.042]
 [0.466 0.497 0.029 0.008]
 [0.379 0.28  0.181 0.161]
 [0.401 0.343 0.112 0.145]]
Validation acc: 0.46655844155844156
Validation class_accuracies: [0.5730622617534943, 0.4965116279069767, 0.1806930693069307, 0.1446280991735537]
Validation sensitivity: 0.3552456839309429
Validation specificity: 0.5730622617534943
Validation icbhi_score: 0.4641539728422186
Validation roc_auc: None
Validation avg_accuracy: 0.34872376453523884
Validation one_indexed_epoch: 16
The validation tracker metric at 0.500332005312085 hasn't increased by 0 in 13 epochs
75/75 - 223s - loss: 0.2345 - accuracy: 0.8343 - 223s/epoch - 3s/step
here
There is no such attribute
here2
Epoch 17/110
Validation cm: [[1206   61  239   68]
 [ 666   71   74   49]
 [ 192   43  104   65]
 [ 115   22   69   36]]
Validation val_loss: 0.7270396714198158
Validation normalized_cm: [[0.766 0.039 0.152 0.043]
 [0.774 0.083 0.086 0.057]
 [0.475 0.106 0.257 0.161]
 [0.475 0.091 0.285 0.149]]
Validation acc: 0.46006493506493507
Validation class_accuracies: [0.7662007623888183, 0.08255813953488372, 0.25742574257425743, 0.1487603305785124]
Validation sensitivity: 0.14010624169986718
Validation specificity: 0.7662007623888183
Validation icbhi_score: 0.45315350204434274
Validation roc_auc: None
Validation avg_accuracy: 0.31373624376911796
Validation one_indexed_epoch: 17
The validation tracker metric at 0.500332005312085 hasn't increased by 0 in 14 epochs
75/75 - 227s - loss: 0.2194 - accuracy: 0.8404 - 227s/epoch - 3s/step
here
There is no such attribute
here2
Epoch 18/110
Validation cm: [[789 350 387  48]
 [345 414  72  29]
 [121  53 163  67]
 [ 59  41  84  58]]
Validation val_loss: 0.9674415976499607
Validation normalized_cm: [[0.501 0.222 0.246 0.03 ]
 [0.401 0.481 0.084 0.034]
 [0.3   0.131 0.403 0.166]
 [0.244 0.169 0.347 0.24 ]]
Validation acc: 0.4623376623376623
Validation class_accuracies: [0.5012706480304956, 0.4813953488372093, 0.4034653465346535, 0.2396694214876033]
Validation sensitivity: 0.4216467463479416
Validation specificity: 0.5012706480304956
Validation icbhi_score: 0.4614586971892186
Validation roc_auc: None
Validation avg_accuracy: 0.40645019122249043
Validation one_indexed_epoch: 18
The validation tracker metric at 0.500332005312085 hasn't increased by 0 in 15 epochs
75/75 - 225s - loss: 0.2056 - accuracy: 0.8446 - 225s/epoch - 3s/step
here
There is no such attribute
here2
Epoch 19/110
Validation cm: [[849 269 367  89]
 [394 373  51  42]
 [109  85 134  76]
 [ 62  56  54  70]]
Validation val_loss: 0.8283202930425019
Validation normalized_cm: [[0.539 0.171 0.233 0.057]
 [0.458 0.434 0.059 0.049]
 [0.27  0.21  0.332 0.188]
 [0.256 0.231 0.223 0.289]]
Validation acc: 0.462987012987013
Validation class_accuracies: [0.5393900889453621, 0.43372093023255814, 0.3316831683168317, 0.2892561983471074]
Validation sensitivity: 0.38313413014608233
Validation specificity: 0.5393900889453621
Validation icbhi_score: 0.4612621095457222
Validation roc_auc: None
Validation avg_accuracy: 0.39851259646046483
Validation one_indexed_epoch: 19
The validation tracker metric at 0.500332005312085 hasn't increased by 0 in 16 epochs
75/75 - 226s - loss: 0.1971 - accuracy: 0.8434 - 226s/epoch - 3s/step
here
There is no such attribute
here2
Epoch 20/110
Validation cm: [[1108  171  283   12]
 [ 603  233   23    1]
 [ 238   46  100   20]
 [ 137   37   53   15]]
Validation val_loss: 0.8350381134317916
Validation normalized_cm: [[0.704 0.109 0.18  0.008]
 [0.701 0.271 0.027 0.001]
 [0.589 0.114 0.248 0.05 ]
 [0.566 0.153 0.219 0.062]]
Validation acc: 0.4727272727272727
Validation class_accuracies: [0.7039390088945362, 0.2709302325581395, 0.24752475247524752, 0.06198347107438017]
Validation sensitivity: 0.23107569721115537
Validation specificity: 0.7039390088945362
Validation icbhi_score: 0.4675073530528458
Validation roc_auc: None
Validation avg_accuracy: 0.32109436625057586
Validation one_indexed_epoch: 20
The validation tracker metric at 0.500332005312085 hasn't increased by 0 in 17 epochs
75/75 - 225s - loss: 0.1795 - accuracy: 0.8503 - 225s/epoch - 3s/step
Mel loss: <tf.Variable 'Variable:0' shape=() dtype=float32, numpy=0.5>
sinc loss: <tf.Variable 'Variable:0' shape=() dtype=float32, numpy=0.5>
here
There is no such attribute
here2
Epoch 21/110
Validation cm: [[1145  102  316   11]
 [ 674  135   40   11]
 [ 217   35  135   17]
 [ 125   31   56   30]]
Validation val_loss: 0.9831848433362288
Validation normalized_cm: [[0.727 0.065 0.201 0.007]
 [0.784 0.157 0.047 0.013]
 [0.537 0.087 0.334 0.042]
 [0.517 0.128 0.231 0.124]]
Validation acc: 0.46915584415584416
Validation class_accuracies: [0.727445997458704, 0.1569767441860465, 0.3341584158415842, 0.12396694214876033]
Validation sensitivity: 0.199203187250996
Validation specificity: 0.727445997458704
Validation icbhi_score: 0.46332459235485
Validation roc_auc: None
Validation avg_accuracy: 0.3356370249087738
Validation one_indexed_epoch: 21
The validation tracker metric at 0.500332005312085 hasn't increased by 0 in 18 epochs
75/75 - 228s - loss: 0.1698 - accuracy: 0.8536 - 228s/epoch - 3s/step
here
There is no such attribute
here2
Epoch 22/110
Validation cm: [[676 465 365  68]
 [241 516  64  39]
 [ 90  95 133  86]
 [ 52  62  68  60]]
Validation val_loss: 0.9948193042569652
Validation normalized_cm: [[0.429 0.295 0.232 0.043]
 [0.28  0.6   0.074 0.045]
 [0.223 0.235 0.329 0.213]
 [0.215 0.256 0.281 0.248]]
Validation acc: 0.4496753246753247
Validation class_accuracies: [0.42947903430749684, 0.6, 0.3292079207920792, 0.24793388429752067]
Validation sensitivity: 0.4707835325365206
Validation specificity: 0.42947903430749684
Validation icbhi_score: 0.4501312834220087
Validation roc_auc: None
Validation avg_accuracy: 0.4016552098492742
Validation one_indexed_epoch: 22
The number of epochs since last 1% equals the patience
75/75 - 227s - loss: 0.1634 - accuracy: 0.8381 - 227s/epoch - 3s/step
----------------------------------
The best metrics for this job are: 

Best icbhi_score: 0.500332005312085
Best cm: [[1574    0    0    0]
 [ 860    0    0    0]
 [ 402    1    1    0]
 [ 242    0    0    0]]
Best val_loss: 0.587192653971059
Best normalized_cm: [[1.    0.    0.    0.   ]
 [1.    0.    0.    0.   ]
 [0.995 0.002 0.002 0.   ]
 [1.    0.    0.    0.   ]]
Best acc: 0.5113636363636364
Best class_accuracies: [1.0, 0.0, 0.0024752475247524753, 0.0]
Best sensitivity: 0.0006640106241699867
Best specificity: 1.0
Best roc_auc: None
Best avg_accuracy: 0.2506188118811881
Best one_indexed_epoch: 3
icbhi_score
model
cm
val_loss
normalized_cm
acc
class_accuracies
sensitivity
specificity
roc_auc
avg_accuracy
one_indexed_epoch
25
25
Initial weights
[]
Post training weights
[]
Weight difference
[]
{'loss': [0.7073650360107422, 0.6720651984214783, 0.6322173476219177, 0.5928338766098022, 0.5592513680458069, 0.5265014171600342, 0.4879254996776581, 0.4581212103366852, 0.426691472530365, 0.395295649766922, 0.36004528403282166, 0.32665887475013733, 0.2933271527290344, 0.2690746486186981, 0.23467470705509186, 0.2345033884048462, 0.21935686469078064, 0.2055937498807907, 0.19710533320903778, 0.1794586479663849, 0.16977182030677795, 0.16344888508319855], 'accuracy': [0.49465295672416687, 0.5812539458274841, 0.6066261529922485, 0.7030823826789856, 0.7452296018600464, 0.7573915123939514, 0.7775214910507202, 0.7781505584716797, 0.7951352596282959, 0.8064583539962769, 0.8127490282058716, 0.8272174596786499, 0.8179911971092224, 0.8316208720207214, 0.8412665128707886, 0.8343468308448792, 0.8404277563095093, 0.8446215391159058, 0.8433634042739868, 0.8502830862998962, 0.8536380529403687, 0.8381211757659912]}
End
####################################
Job dir: ../cache/cw/train204/2
Job id is 3.
Job dir: ../cache/cw/train204/3
- Loading Icbhi.
920 Icbhi audios have been loaded.
- Preparing Icbhi.
126 Icbhi groups of audio chunks (by filename or patients) have been prepared.
--- Samples are being split into training/val groups and de-grouped by patient ---
Job id is 4.
len(_all_samples)
7857
-----------------------
--- Final training dataset went from 0 to 4769 elements, with 2299 none's, 1353 crakles, 554 wheezes and 563 both ---
--- Final Validation dataset contains 3080 elements, with 1574 none, 860 crackles, 404 wheezes and 242 both ---
GPUs
['/device:GPU:0']
Initializing weights...
weights = {0: 0.518595041322314, 1: 0.881189948263119, 2: 2.152075812274368, 3: 2.1176731793960926}
Model: "sequential_1"
_________________________________________________________________
 Layer (type)                Output Shape              Param #   
=================================================================
 resnet50 (Functional)       (None, 2, 7, 2048)        23587712  
                                                                 
 global_average_pooling2d_1   (None, 2048)             0         
 (GlobalAveragePooling2D)                                        
                                                                 
 dense_3 (Dense)             (None, 100)               204900    
                                                                 
 dropout_2 (Dropout)         (None, 100)               0         
                                                                 
 dense_4 (Dense)             (None, 50)                5050      
                                                                 
 dropout_3 (Dropout)         (None, 50)                0         
                                                                 
 dense_5 (Dense)             (None, 2)                 102       
                                                                 
=================================================================
Total params: 23,797,764
Trainable params: 23,744,644
Non-trainable params: 53,120
_________________________________________________________________
Model: "leaf_model9_model_efnet1_1"
______________________________________________________________________________________________________________
 Layer (type)                                    Output Shape                                Param #          
==============================================================================================================
 mel_filterbanks_2 (MelFilterbanks)              multiple                                    0                
                                                                                                              
 mel_filterbanks_3 (MelFilterbanks)              multiple                                    0 (unused)       
                                                                                                              
 sincnet (SincNet)                               multiple                                    0 (unused)       
                                                                                                              
 sequential_1 (Sequential)                       (None, 2)                                   23797764         
                                                                                                              
==============================================================================================================
Total params: 23,797,846
Trainable params: 23,744,726
Non-trainable params: 53,120
______________________________________________________________________________________________________________
Target metric is icbhi_score
here
There is no such attribute
here2
Epoch 1/110
/home/alirachidi/classification_algorithm/trainers/modules/main/global_helpers.py:48: UserWarning: Matplotlib is currently using agg, which is a non-GUI backend, so cannot show the figure.
  plt.show()
WARNING:tensorflow:Gradients do not exist for variables ['kernel:0', 'Variable:0', 'Variable:0'] when minimizing the loss. If you're using `model.compile()`, did you forget to provide a `loss`argument?
WARNING:tensorflow:Gradients do not exist for variables ['kernel:0', 'Variable:0', 'Variable:0'] when minimizing the loss. If you're using `model.compile()`, did you forget to provide a `loss`argument?
WARNING:tensorflow:Gradients do not exist for variables ['kernel:0', 'Variable:0', 'Variable:0'] when minimizing the loss. If you're using `model.compile()`, did you forget to provide a `loss`argument?
WARNING:tensorflow:Gradients do not exist for variables ['kernel:0', 'Variable:0', 'Variable:0'] when minimizing the loss. If you're using `model.compile()`, did you forget to provide a `loss`argument?
Validation cm: [[289 860 140 285]
 [111 597  45 107]
 [ 82 248  34  40]
 [ 50 154  19  19]]
Validation val_loss: 0.6764374528999453
Validation normalized_cm: [[0.184 0.546 0.089 0.181]
 [0.129 0.694 0.052 0.124]
 [0.203 0.614 0.084 0.099]
 [0.207 0.636 0.079 0.079]]
Validation acc: 0.30487012987012985
Validation class_accuracies: [0.18360864040660738, 0.6941860465116279, 0.08415841584158416, 0.07851239669421488]
Validation sensitivity: 0.4316069057104914
Validation specificity: 0.18360864040660738
Validation icbhi_score: 0.30760777305854936
Validation roc_auc: None
Validation avg_accuracy: 0.2601163748635086
Validation one_indexed_epoch: 1
-- New best results were achieved. --
75/75 - 204s - loss: 0.7004 - accuracy: 0.5511 - 204s/epoch - 3s/step
here
There is no such attribute
here2
Epoch 2/110
Validation cm: [[788 427 271  88]
 [460 297  79  24]
 [155 117 109  23]
 [ 87  77  62  16]]
Validation val_loss: 0.6731214695162587
Validation normalized_cm: [[0.501 0.271 0.172 0.056]
 [0.535 0.345 0.092 0.028]
 [0.384 0.29  0.27  0.057]
 [0.36  0.318 0.256 0.066]]
Validation acc: 0.39285714285714285
Validation class_accuracies: [0.5006353240152478, 0.3453488372093023, 0.2698019801980198, 0.06611570247933884]
Validation sensitivity: 0.28021248339973437
Validation specificity: 0.5006353240152478
Validation icbhi_score: 0.3904239037074911
Validation roc_auc: None
Validation avg_accuracy: 0.2954754609754772
Validation one_indexed_epoch: 2
-- New best results were achieved. --
75/75 - 195s - loss: 0.6253 - accuracy: 0.6347 - 195s/epoch - 3s/step
here
There is no such attribute
here2
Epoch 3/110
Validation cm: [[871 531 163   9]
 [521 307  28   4]
 [217 117  64   6]
 [116  70  51   5]]
Validation val_loss: 0.6233656794219822
Validation normalized_cm: [[0.553 0.337 0.104 0.006]
 [0.606 0.357 0.033 0.005]
 [0.537 0.29  0.158 0.015]
 [0.479 0.289 0.211 0.021]]
Validation acc: 0.4048701298701299
Validation class_accuracies: [0.5533672172808132, 0.3569767441860465, 0.15841584158415842, 0.02066115702479339]
Validation sensitivity: 0.249667994687915
Validation specificity: 0.5533672172808132
Validation icbhi_score: 0.4015176059843641
Validation roc_auc: None
Validation avg_accuracy: 0.2723552400189529
Validation one_indexed_epoch: 3
-- New best results were achieved. --
75/75 - 195s - loss: 0.5697 - accuracy: 0.6957 - 195s/epoch - 3s/step
here
There is no such attribute
here2
Epoch 4/110
Validation cm: [[1027  385  140   22]
 [ 624  222   11    3]
 [ 270   89   36    9]
 [ 168   63    9    2]]
Validation val_loss: 0.6195585772491895
Validation normalized_cm: [[0.652 0.245 0.089 0.014]
 [0.726 0.258 0.013 0.003]
 [0.668 0.22  0.089 0.022]
 [0.694 0.26  0.037 0.008]]
Validation acc: 0.41785714285714287
Validation class_accuracies: [0.6524777636594663, 0.25813953488372093, 0.0891089108910891, 0.008264462809917356]
Validation sensitivity: 0.17264276228419656
Validation specificity: 0.6524777636594663
Validation icbhi_score: 0.41256026297183146
Validation roc_auc: None
Validation avg_accuracy: 0.25199766806104845
Validation one_indexed_epoch: 4
-- New best results were achieved. --
75/75 - 195s - loss: 0.5072 - accuracy: 0.7532 - 195s/epoch - 3s/step
here
There is no such attribute
here2
Epoch 5/110
Validation cm: [[531 695 278  70]
 [246 526  28  60]
 [117 147  81  59]
 [ 87 107  29  19]]
Validation val_loss: 0.7010114996560982
Validation normalized_cm: [[0.337 0.442 0.177 0.044]
 [0.286 0.612 0.033 0.07 ]
 [0.29  0.364 0.2   0.146]
 [0.36  0.442 0.12  0.079]]
Validation acc: 0.3756493506493506
Validation class_accuracies: [0.33735705209656924, 0.6116279069767442, 0.2004950495049505, 0.07851239669421488]
Validation sensitivity: 0.4156706507304117
Validation specificity: 0.33735705209656924
Validation icbhi_score: 0.3765138514134905
Validation roc_auc: None
Validation avg_accuracy: 0.3069981013181197
Validation one_indexed_epoch: 5
The validation tracker metric at 0.41256026297183146 hasn't increased by 0 in 1 epochs
75/75 - 196s - loss: 0.4509 - accuracy: 0.7628 - 196s/epoch - 3s/step
here
There is no such attribute
here2
Epoch 6/110
Validation cm: [[1183  148  232   11]
 [ 695  115   29   21]
 [ 275   44   82    3]
 [ 168   36   34    4]]
Validation val_loss: 0.7080759445771533
Validation normalized_cm: [[0.752 0.094 0.147 0.007]
 [0.808 0.134 0.034 0.024]
 [0.681 0.109 0.203 0.007]
 [0.694 0.149 0.14  0.017]]
Validation acc: 0.44935064935064933
Validation class_accuracies: [0.7515883100381194, 0.13372093023255813, 0.20297029702970298, 0.01652892561983471]
Validation sensitivity: 0.13346613545816732
Validation specificity: 0.7515883100381194
Validation icbhi_score: 0.4425272227481434
Validation roc_auc: None
Validation avg_accuracy: 0.2762021157300538
Validation one_indexed_epoch: 6
-- New best results were achieved. --
75/75 - 197s - loss: 0.3948 - accuracy: 0.7853 - 197s/epoch - 3s/step
here
There is no such attribute
here2
Epoch 7/110
Validation cm: [[804 154 611   5]
 [387 127 342   4]
 [185  41 174   4]
 [104  21 115   2]]
Validation val_loss: 0.8963965717629316
Validation normalized_cm: [[0.511 0.098 0.388 0.003]
 [0.45  0.148 0.398 0.005]
 [0.458 0.101 0.431 0.01 ]
 [0.43  0.087 0.475 0.008]]
Validation acc: 0.3594155844155844
Validation class_accuracies: [0.5108005082592122, 0.14767441860465116, 0.4306930693069307, 0.008264462809917356]
Validation sensitivity: 0.20119521912350596
Validation specificity: 0.5108005082592122
Validation icbhi_score: 0.3559978636913591
Validation roc_auc: None
Validation avg_accuracy: 0.27435811474517785
Validation one_indexed_epoch: 7
The validation tracker metric at 0.4425272227481434 hasn't increased by 0 in 1 epochs
75/75 - 197s - loss: 0.3407 - accuracy: 0.8140 - 197s/epoch - 3s/step
here
There is no such attribute
here2
Epoch 8/110
Validation cm: [[733 579 252  10]
 [284 548  27   1]
 [169 141  90   4]
 [113  81  43   5]]
Validation val_loss: 0.7330044672348954
Validation normalized_cm: [[0.466 0.368 0.16  0.006]
 [0.33  0.637 0.031 0.001]
 [0.418 0.349 0.223 0.01 ]
 [0.467 0.335 0.178 0.021]]
Validation acc: 0.44675324675324674
Validation class_accuracies: [0.4656925031766201, 0.6372093023255814, 0.22277227722772278, 0.02066115702479339]
Validation sensitivity: 0.42695883134130147
Validation specificity: 0.4656925031766201
Validation icbhi_score: 0.4463256672589608
Validation roc_auc: None
Validation avg_accuracy: 0.3365838099386794
Validation one_indexed_epoch: 8
-- New best results were achieved. --
75/75 - 196s - loss: 0.3126 - accuracy: 0.8119 - 196s/epoch - 3s/step
here
There is no such attribute
here2
Epoch 9/110
Validation cm: [[277 784 158 355]
 [160 543  31 126]
 [ 59 130  38 177]
 [ 46  84  16  96]]
Validation val_loss: 1.113505137474071
Validation normalized_cm: [[0.176 0.498 0.1   0.226]
 [0.186 0.631 0.036 0.147]
 [0.146 0.322 0.094 0.438]
 [0.19  0.347 0.066 0.397]]
Validation acc: 0.30974025974025976
Validation class_accuracies: [0.17598475222363405, 0.6313953488372093, 0.09405940594059406, 0.39669421487603307]
Validation sensitivity: 0.449535192563081
Validation specificity: 0.17598475222363405
Validation icbhi_score: 0.3127599723933575
Validation roc_auc: None
Validation avg_accuracy: 0.3245334304693676
Validation one_indexed_epoch: 9
The validation tracker metric at 0.4463256672589608 hasn't increased by 0 in 1 epochs
75/75 - 198s - loss: 0.2548 - accuracy: 0.8243 - 198s/epoch - 3s/step
here
There is no such attribute
here2
Epoch 10/110
Validation cm: [[355 302 607 310]
 [152 326 201 181]
 [ 69  29 217  89]
 [ 52  20 108  62]]
Validation val_loss: 1.1492487055315126
Validation normalized_cm: [[0.226 0.192 0.386 0.197]
 [0.177 0.379 0.234 0.21 ]
 [0.171 0.072 0.537 0.22 ]
 [0.215 0.083 0.446 0.256]]
Validation acc: 0.3116883116883117
Validation class_accuracies: [0.22554002541296062, 0.37906976744186044, 0.5371287128712872, 0.256198347107438]
Validation sensitivity: 0.40172642762284194
Validation specificity: 0.22554002541296062
