Tensorflow Version: 2.8.0
Num GPUs Available:  1
Collecting Variables...
All variables have been collected.
../cache/
cw
train212
Description:  effnet: kfold, mel, no normalizing, 1 optimizer w adaptive lr, overlap threshold = 0.3,
-----------------------
training parameters
[('cache_root', '../cache/'), ('data_root', '../data/'), ('jordan_root', '../data/jwyy9np4gv-3/'), ('icbhi_root', '../data/raw_audios/icbhi_preprocessed_v2_8000/'), ('bd_root', '../data/PCV_SEGMENTED_Processed_Files/'), ('excel_path', '../data/Bangladesh_PCV_onlyStudyPatients.xlsx'), ('perch_root', '../data/raw_audios/perch_8000_10seconds'), ('ant_root', '../data/raw_audios/Antwerp_Clinical_Complete'), ('description', ' effnet: kfold, mel, no normalizing, 1 optimizer w adaptive lr, overlap threshold = 0.3,'), ('job_id', 0), ('mode', 'cw'), ('n_classes', 2), ('shape', (80, 200, 3)), ('n_epochs', 110), ('lr', 0.005), ('batch_size', 64), ('ll2_reg', 0), ('weight_decay', 0.0001), ('label_smoothing', 0), ('epsilon', 1e-07), ('es_patience', 15), ('min_delta', 0), ('train_test_ratio', 0.8), ('kfold', False), ('clause', 0), ('epoch_start', 0), ('testing', 0), ('adaptive_lr', True), ('cuberooting', 1), ('normalizing', 1), ('class_weights', False), ('early_stopping', True), ('initial_channels', 1), ('factor', 0.5), ('lr_patience', 10), ('min_lr', 1e-05), ('sr', 8000), ('audio_length', 5), ('step_size', 2.5), ('n_fft', 2048), ('hop_length', 254), ('n_mels', 128), ('overlap_threshold', 0.3), ('trainable_fb', False), ('to_decibel', True), ('train_nn', False), ('train_mel', False), ('file_dir', '../cache/cw/train212'), ('n_sequences', 9), ('activate_spectral_loss', False), ('normalize', False), ('stacking', False), ('oversample', False), ('one_hot_encoding', False), ('activation', 'sigmoid'), ('n_filters', 80), ('code', -1), ('distillation', True), ('load_path', '/home/alirachidi/classification_algorithm/cache/cw/train203/4/'), ('load_epoch', '19'), ('window_len', 100), ('window_stride', 25), ('frontend_argument', <leaf_audio.frontend.MelFilterbanks object at 0x7fae13b15b50>), ('model', 'resnet'), ('_alpha', 0.8), ('temperature', 1), ('distill_features', False)]
Job id is 1.
Job dir: ../cache/cw/train212/1
- Loading Icbhi.
920 Icbhi audios have been loaded.
- Preparing Icbhi.
126 Icbhi groups of audio chunks (by filename or patients) have been prepared.
--- Samples are being split into training/val groups and de-grouped by patient ---
Job id is 2.
len(_all_samples)
7857
-----------------------
--- Final training dataset went from 0 to 4769 elements, with 2299 none's, 1353 crakles, 554 wheezes and 563 both ---
--- Final Validation dataset contains 3080 elements, with 1574 none, 860 crackles, 404 wheezes and 242 both ---
GPUs
['/device:GPU:0']
Initializing weights...
weights = {0: 0.518595041322314, 1: 0.881189948263119, 2: 2.152075812274368, 3: 2.1176731793960926}
Model: "sequential"
_________________________________________________________________
 Layer (type)                Output Shape              Param #   
=================================================================
 resnet50 (Functional)       (None, 3, 7, 2048)        23587712  
                                                                 
 global_average_pooling2d (G  (None, 2048)             0         
 lobalAveragePooling2D)                                          
                                                                 
 dense (Dense)               (None, 100)               204900    
                                                                 
 dropout (Dropout)           (None, 100)               0         
                                                                 
 dense_1 (Dense)             (None, 50)                5050      
                                                                 
 dropout_1 (Dropout)         (None, 50)                0         
                                                                 
 dense_2 (Dense)             (None, 2)                 102       
                                                                 
=================================================================
Total params: 23,797,764
Trainable params: 23,744,644
Non-trainable params: 53,120
_________________________________________________________________
There is no such attribute
Model: "leaf_efnet1"
______________________________________________________________________________________________________________
 Layer (type)                                    Output Shape                                Param #          
==============================================================================================================
 mel_filterbanks (MelFilterbanks)                multiple                                    0                
                                                                                                              
 mel_filterbanks_1 (MelFilterbanks)              multiple                                    0 (unused)       
                                                                                                              
 sincnet (SincNet)                               multiple                                    0 (unused)       
                                                                                                              
 sequential (Sequential)                         (None, 2)                                   23797764         
                                                                                                              
==============================================================================================================
Total params: 23,797,926
Trainable params: 23,744,806
Non-trainable params: 53,120
______________________________________________________________________________________________________________
Model: "sequential_1"
_________________________________________________________________
 Layer (type)                Output Shape              Param #   
=================================================================
 efficientnetb1 (Functional)  (None, 3, 7, 1280)       6575239   
                                                                 
 global_average_pooling2d_1   (None, 1280)             0         
 (GlobalAveragePooling2D)                                        
                                                                 
 dense_3 (Dense)             (None, 100)               128100    
                                                                 
 dropout_2 (Dropout)         (None, 100)               0         
                                                                 
 dense_4 (Dense)             (None, 50)                5050      
                                                                 
 dropout_3 (Dropout)         (None, 50)                0         
                                                                 
 dense_5 (Dense)             (None, 2)                 102       
                                                                 
=================================================================
Total params: 6,708,491
Trainable params: 6,646,436
Non-trainable params: 62,055
_________________________________________________________________
Model: "leaf_efnet1_1"
______________________________________________________________________________________________________________
 Layer (type)                                    Output Shape                                Param #          
==============================================================================================================
 mel_filterbanks (MelFilterbanks)                multiple                                    0                
                                                                                                              
 mel_filterbanks_2 (MelFilterbanks)              multiple                                    0 (unused)       
                                                                                                              
 sincnet (SincNet)                               multiple                                    0 (unused)       
                                                                                                              
 sequential_1 (Sequential)                       (None, 2)                                   6708491          
                                                                                                              
==============================================================================================================
Total params: 6,708,653
Trainable params: 6,646,598
Non-trainable params: 62,055
______________________________________________________________________________________________________________
Target metric is icbhi_score
here
There is no such attribute
here2
Epoch 1/110
/home/alirachidi/classification_algorithm/trainers/modules/main/global_helpers.py:48: UserWarning: Matplotlib is currently using agg, which is a non-GUI backend, so cannot show the figure.
  plt.show()
WARNING:tensorflow:Gradients do not exist for variables ['kernel:0', 'Variable:0', 'Variable:0'] when minimizing the loss. If you're using `model.compile()`, did you forget to provide a `loss`argument?
WARNING:tensorflow:Gradients do not exist for variables ['kernel:0', 'Variable:0', 'Variable:0'] when minimizing the loss. If you're using `model.compile()`, did you forget to provide a `loss`argument?
WARNING:tensorflow:Gradients do not exist for variables ['kernel:0', 'Variable:0', 'Variable:0'] when minimizing the loss. If you're using `model.compile()`, did you forget to provide a `loss`argument?
WARNING:tensorflow:Gradients do not exist for variables ['kernel:0', 'Variable:0', 'Variable:0'] when minimizing the loss. If you're using `model.compile()`, did you forget to provide a `loss`argument?
Validation cm: [[1571    3    0    0]
 [ 860    0    0    0]
 [ 404    0    0    0]
 [ 242    0    0    0]]
Validation val_loss: 0.5934080487915447
Validation normalized_cm: [[0.998 0.002 0.    0.   ]
 [1.    0.    0.    0.   ]
 [1.    0.    0.    0.   ]
 [1.    0.    0.    0.   ]]
Validation acc: 0.5100649350649351
Validation class_accuracies: [0.9980940279542567, 0.0, 0.0, 0.0]
Validation sensitivity: 0.0
Validation specificity: 0.9980940279542567
Validation icbhi_score: 0.49904701397712836
Validation roc_auc: None
Validation avg_accuracy: 0.24952350698856418
Validation one_indexed_epoch: 1
-- New best results were achieved. --
75/75 - 1012s - accuracy: 0.6746 - student_loss: 0.6133 - distillation_loss: 0.6168 - val_accuracy: 0.8542 - val_student_loss: 0.3675 - 1012s/epoch - 13s/step
here
There is no such attribute
here2
Epoch 2/110
Validation cm: [[1536   38    0    0]
 [ 854    6    0    0]
 [ 396    8    0    0]
 [ 240    2    0    0]]
Validation val_loss: 0.5865960995049833
Validation normalized_cm: [[0.976 0.024 0.    0.   ]
 [0.993 0.007 0.    0.   ]
 [0.98  0.02  0.    0.   ]
 [0.992 0.008 0.    0.   ]]
Validation acc: 0.5006493506493507
Validation class_accuracies: [0.9758576874205845, 0.0069767441860465115, 0.0, 0.0]
Validation sensitivity: 0.00398406374501992
Validation specificity: 0.9758576874205845
Validation icbhi_score: 0.48992087558280223
Validation roc_auc: None
Validation avg_accuracy: 0.24570860790165777
Validation one_indexed_epoch: 2
The validation tracker metric at 0.49904701397712836 hasn't increased by 0 in 1 epochs
75/75 - 974s - accuracy: 0.7987 - student_loss: 0.5479 - distillation_loss: 0.5500 - val_accuracy: 0.8682 - val_student_loss: 0.3370 - 974s/epoch - 13s/step
here
There is no such attribute
here2
Epoch 3/110
Validation cm: [[1540   34    0    0]
 [ 858    2    0    0]
 [ 403    1    0    0]
 [ 234    8    0    0]]
Validation val_loss: 0.5965792005422054
Validation normalized_cm: [[0.978 0.022 0.    0.   ]
 [0.998 0.002 0.    0.   ]
 [0.998 0.002 0.    0.   ]
 [0.967 0.033 0.    0.   ]]
Validation acc: 0.5006493506493507
Validation class_accuracies: [0.9783989834815756, 0.002325581395348837, 0.0, 0.0]
Validation sensitivity: 0.0013280212483399733
Validation specificity: 0.9783989834815756
Validation icbhi_score: 0.4898635023649578
Validation roc_auc: None
Validation avg_accuracy: 0.24518114121923112
Validation one_indexed_epoch: 3
The validation tracker metric at 0.49904701397712836 hasn't increased by 0 in 2 epochs
75/75 - 956s - accuracy: 0.7981 - student_loss: 0.4721 - distillation_loss: 0.4734 - val_accuracy: 0.8685 - val_student_loss: 0.4037 - 956s/epoch - 13s/step
here
There is no such attribute
here2
Epoch 4/110
Validation cm: [[1556   18    0    0]
 [ 853    7    0    0]
 [ 399    5    0    0]
 [ 236    6    0    0]]
Validation val_loss: 0.6471227158598796
Validation normalized_cm: [[0.989 0.011 0.    0.   ]
 [0.992 0.008 0.    0.   ]
 [0.988 0.012 0.    0.   ]
 [0.975 0.025 0.    0.   ]]
Validation acc: 0.5074675324675325
Validation class_accuracies: [0.98856416772554, 0.00813953488372093, 0.0, 0.0]
Validation sensitivity: 0.004648074369189907
Validation specificity: 0.98856416772554
Validation icbhi_score: 0.49660612104736496
Validation roc_auc: None
Validation avg_accuracy: 0.24917592565231522
Validation one_indexed_epoch: 4
The validation tracker metric at 0.49904701397712836 hasn't increased by 0 in 3 epochs
75/75 - 963s - accuracy: 0.8218 - student_loss: 0.4666 - distillation_loss: 0.4768 - val_accuracy: 0.8672 - val_student_loss: 0.2759 - 963s/epoch - 13s/step
here
There is no such attribute
here2
Epoch 5/110
Validation cm: [[1556    4   11    3]
 [ 858    0    2    0]
 [ 398    1    4    1]
 [ 241    0    1    0]]
Validation val_loss: 0.6747026850003749
Validation normalized_cm: [[0.989 0.003 0.007 0.002]
 [0.998 0.    0.002 0.   ]
 [0.985 0.002 0.01  0.002]
 [0.996 0.    0.004 0.   ]]
Validation acc: 0.5064935064935064
Validation class_accuracies: [0.98856416772554, 0.0, 0.009900990099009901, 0.0]
Validation sensitivity: 0.0026560424966799467
Validation specificity: 0.98856416772554
Validation icbhi_score: 0.49561010511111
Validation roc_auc: None
Validation avg_accuracy: 0.24961628945613748
Validation one_indexed_epoch: 5
The validation tracker metric at 0.49904701397712836 hasn't increased by 0 in 4 epochs
75/75 - 973s - accuracy: 0.8270 - student_loss: 0.4116 - distillation_loss: 0.4119 - val_accuracy: 0.8380 - val_student_loss: 0.1179 - 973s/epoch - 13s/step
here
There is no such attribute
here2
Epoch 6/110
Validation cm: [[1519    8   38    9]
 [ 842   10    5    3]
 [ 365    4   32    3]
 [ 221    1   17    3]]
Validation val_loss: 0.722274811019102
Validation normalized_cm: [[0.965 0.005 0.024 0.006]
 [0.979 0.012 0.006 0.003]
 [0.903 0.01  0.079 0.007]
 [0.913 0.004 0.07  0.012]]
Validation acc: 0.5077922077922078
Validation class_accuracies: [0.9650571791613723, 0.011627906976744186, 0.07920792079207921, 0.012396694214876033]
Validation sensitivity: 0.029880478087649404
Validation specificity: 0.9650571791613723
Validation icbhi_score: 0.49746882862451086
Validation roc_auc: None
Validation avg_accuracy: 0.26707242528626796
Validation one_indexed_epoch: 6
The validation tracker metric at 0.49904701397712836 hasn't increased by 0 in 5 epochs
75/75 - 975s - accuracy: 0.8123 - student_loss: 0.3666 - distillation_loss: 0.3669 - val_accuracy: 0.8312 - val_student_loss: 0.3109 - 975s/epoch - 13s/step
here
There is no such attribute
here2
Epoch 7/110
Validation cm: [[1447   24   74   29]
 [ 838    7    3   12]
 [ 323    8   49   24]
 [ 192    4   26   20]]
Validation val_loss: 0.765331185547285
Validation normalized_cm: [[0.919 0.015 0.047 0.018]
 [0.974 0.008 0.003 0.014]
 [0.8   0.02  0.121 0.059]
 [0.793 0.017 0.107 0.083]]
Validation acc: 0.49448051948051946
Validation class_accuracies: [0.9193138500635324, 0.00813953488372093, 0.12128712871287128, 0.08264462809917356]
Validation sensitivity: 0.05046480743691899
Validation specificity: 0.9193138500635324
Validation icbhi_score: 0.48488932875022567
Validation roc_auc: None
Validation avg_accuracy: 0.28284628543982454
Validation one_indexed_epoch: 7
The validation tracker metric at 0.49904701397712836 hasn't increased by 0 in 6 epochs
75/75 - 976s - accuracy: 0.8285 - student_loss: 0.5091 - distillation_loss: 0.5084 - val_accuracy: 0.8169 - val_student_loss: 0.3309 - 976s/epoch - 13s/step
here
There is no such attribute
here2
Epoch 8/110
Validation cm: [[1382   20  159   13]
 [ 813   29   16    2]
 [ 284    7   99   14]
 [ 170   10   46   16]]
Validation val_loss: 0.6638396215197999
Validation normalized_cm: [[0.878 0.013 0.101 0.008]
 [0.945 0.034 0.019 0.002]
 [0.703 0.017 0.245 0.035]
 [0.702 0.041 0.19  0.066]]
Validation acc: 0.4954545454545455
Validation class_accuracies: [0.8780177890724269, 0.03372093023255814, 0.24504950495049505, 0.06611570247933884]
Validation sensitivity: 0.09561752988047809
Validation specificity: 0.8780177890724269
Validation icbhi_score: 0.4868176594764525
Validation roc_auc: None
Validation avg_accuracy: 0.30572598168370474
Validation one_indexed_epoch: 8
The validation tracker metric at 0.49904701397712836 hasn't increased by 0 in 7 epochs
75/75 - 980s - accuracy: 0.8216 - student_loss: 0.3537 - distillation_loss: 0.3553 - val_accuracy: 0.7763 - val_student_loss: 0.3667 - 980s/epoch - 13s/step
here
There is no such attribute
here2
Epoch 9/110
Validation cm: [[1447   68   55    4]
 [ 805   48    5    2]
 [ 325   20   51    8]
 [ 197   20   20    5]]
Validation val_loss: 0.6402187547428752
Validation normalized_cm: [[0.919 0.043 0.035 0.003]
 [0.936 0.056 0.006 0.002]
 [0.804 0.05  0.126 0.02 ]
 [0.814 0.083 0.083 0.021]]
Validation acc: 0.5035714285714286
Validation class_accuracies: [0.9193138500635324, 0.05581395348837209, 0.12623762376237624, 0.02066115702479339]
Validation sensitivity: 0.06905710491367861
Validation specificity: 0.9193138500635324
Validation icbhi_score: 0.49418547748860553
Validation roc_auc: None
Validation avg_accuracy: 0.28050664608476855
Validation one_indexed_epoch: 9
The validation tracker metric at 0.49904701397712836 hasn't increased by 0 in 8 epochs
75/75 - 977s - accuracy: 0.8343 - student_loss: 0.4325 - distillation_loss: 0.4348 - val_accuracy: 0.8351 - val_student_loss: 0.2279 - 977s/epoch - 13s/step
here
There is no such attribute
here2
Epoch 10/110
Validation cm: [[1516    3   47    8]
 [ 856    2    1    1]
 [ 351    0   52    1]
 [ 215    1   18    8]]
Validation val_loss: 1.0326350777117372
Validation normalized_cm: [[0.963 0.002 0.03  0.005]
 [0.995 0.002 0.001 0.001]
 [0.869 0.    0.129 0.002]
 [0.888 0.004 0.074 0.033]]
Validation acc: 0.5123376623376623
Validation class_accuracies: [0.963151207115629, 0.002325581395348837, 0.12871287128712872, 0.03305785123966942]
Validation sensitivity: 0.041168658698539175
Validation specificity: 0.963151207115629
Validation icbhi_score: 0.502159932907084
Validation roc_auc: None
Validation avg_accuracy: 0.28181187775944394
Validation one_indexed_epoch: 10
-- New best results were achieved. --
75/75 - 976s - accuracy: 0.8270 - student_loss: 0.3181 - distillation_loss: 0.3194 - val_accuracy: 0.8201 - val_student_loss: 0.3426 - 976s/epoch - 13s/step
here
There is no such attribute
here2
Epoch 11/110
Validation cm: [[1493   21   57    3]
 [ 805   40   14    1]
 [ 292   13   96    3]
 [ 189    7   45    1]]
Validation val_loss: 0.7082972211539598
Validation normalized_cm: [[0.949 0.013 0.036 0.002]
 [0.936 0.047 0.016 0.001]
 [0.723 0.032 0.238 0.007]
 [0.781 0.029 0.186 0.004]]
Validation acc: 0.5292207792207793
Validation class_accuracies: [0.9485387547649301, 0.046511627906976744, 0.2376237623762376, 0.004132231404958678]
Validation sensitivity: 0.09096945551128818
Validation specificity: 0.9485387547649301
Validation icbhi_score: 0.5197541051381092
Validation roc_auc: None
Validation avg_accuracy: 0.3092015941132758
Validation one_indexed_epoch: 11
-- New best results were achieved. --
75/75 - 975s - accuracy: 0.8306 - student_loss: 0.4160 - distillation_loss: 0.4176 - val_accuracy: 0.8101 - val_student_loss: 0.1908 - 975s/epoch - 13s/step
here
There is no such attribute
here2
Epoch 12/110
Validation cm: [[1353   81  119   21]
 [ 705  104   33   18]
 [ 243   17  115   29]
 [ 141   12   78   11]]
Validation val_loss: 0.6749677084391262
Validation normalized_cm: [[0.86  0.051 0.076 0.013]
 [0.82  0.121 0.038 0.021]
 [0.601 0.042 0.285 0.072]
 [0.583 0.05  0.322 0.045]]
Validation acc: 0.513961038961039
Validation class_accuracies: [0.8595933926302414, 0.12093023255813953, 0.28465346534653463, 0.045454545454545456]
Validation sensitivity: 0.15272244355909695
Validation specificity: 0.8595933926302414
Validation icbhi_score: 0.5061579180946691
Validation roc_auc: None
Validation avg_accuracy: 0.32765790899736524
Validation one_indexed_epoch: 12
The validation tracker metric at 0.5197541051381092 hasn't increased by 0 in 1 epochs
75/75 - 968s - accuracy: 0.8392 - student_loss: 0.3209 - distillation_loss: 0.3241 - val_accuracy: 0.7620 - val_student_loss: 0.1928 - 968s/epoch - 13s/step
here
There is no such attribute
here2
Epoch 13/110
Validation cm: [[1347   45  174    8]
 [ 738   56   59    7]
 [ 253   27  117    7]
 [ 142   19   68   13]]
Validation val_loss: 0.7235672849272706
Validation normalized_cm: [[0.856 0.029 0.111 0.005]
 [0.858 0.065 0.069 0.008]
 [0.626 0.067 0.29  0.017]
 [0.587 0.079 0.281 0.054]]
Validation acc: 0.49772727272727274
Validation class_accuracies: [0.8557814485387548, 0.06511627906976744, 0.2896039603960396, 0.05371900826446281]
Validation sensitivity: 0.12350597609561753
Validation specificity: 0.8557814485387548
Validation icbhi_score: 0.4896437123171862
Validation roc_auc: None
Validation avg_accuracy: 0.31605517406725614
Validation one_indexed_epoch: 13
The validation tracker metric at 0.5197541051381092 hasn't increased by 0 in 2 epochs
75/75 - 976s - accuracy: 0.8325 - student_loss: 0.2163 - distillation_loss: 0.2319 - val_accuracy: 0.6828 - val_student_loss: 0.1515 - 976s/epoch - 13s/step
here
There is no such attribute
here2
Epoch 14/110
Validation cm: [[1116  197  205   56]
 [ 505  241   73   41]
 [ 195   42  147   20]
 [ 116   35   76   15]]
Validation val_loss: 0.6560187892278587
Validation normalized_cm: [[0.709 0.125 0.13  0.036]
 [0.587 0.28  0.085 0.048]
 [0.483 0.104 0.364 0.05 ]
 [0.479 0.145 0.314 0.062]]
Validation acc: 0.49318181818181817
Validation class_accuracies: [0.7090216010165185, 0.2802325581395349, 0.36386138613861385, 0.06198347107438017]
Validation sensitivity: 0.26759628154050463
Validation specificity: 0.7090216010165185
Validation icbhi_score: 0.48830894127851154
Validation roc_auc: None
Validation avg_accuracy: 0.3537747540922618
Validation one_indexed_epoch: 14
The validation tracker metric at 0.5197541051381092 hasn't increased by 0 in 3 epochs
75/75 - 976s - accuracy: 0.8379 - student_loss: 0.3182 - distillation_loss: 0.3217 - val_accuracy: 0.7058 - val_student_loss: 0.3612 - 976s/epoch - 13s/step
here
There is no such attribute
here2
Epoch 15/110
Validation cm: [[1372  152   48    2]
 [ 645  199   10    6]
 [ 323   20   57    4]
 [ 201   27   12    2]]
Validation val_loss: 0.7973888955182442
Validation normalized_cm: [[0.872 0.097 0.03  0.001]
 [0.75  0.231 0.012 0.007]
 [0.8   0.05  0.141 0.01 ]
 [0.831 0.112 0.05  0.008]]
Validation acc: 0.5292207792207793
Validation class_accuracies: [0.8716645489199492, 0.2313953488372093, 0.14108910891089108, 0.008264462809917356]
Validation sensitivity: 0.17131474103585656
Validation specificity: 0.8716645489199492
Validation icbhi_score: 0.5214896449779028
Validation roc_auc: None
Validation avg_accuracy: 0.3131033673694917
Validation one_indexed_epoch: 15
-- New best results were achieved. --
75/75 - 963s - accuracy: 0.8310 - student_loss: 0.1526 - distillation_loss: 0.1900 - val_accuracy: 0.8036 - val_student_loss: 0.0229 - 963s/epoch - 13s/step
here
There is no such attribute
here2
Epoch 16/110
Validation cm: [[1278   79  192   25]
 [ 674   96   54   36]
 [ 227    9  146   22]
 [ 128    6   89   19]]
Validation val_loss: 0.9227294079390725
Validation normalized_cm: [[0.812 0.05  0.122 0.016]
 [0.784 0.112 0.063 0.042]
 [0.562 0.022 0.361 0.054]
 [0.529 0.025 0.368 0.079]]
Validation acc: 0.49967532467532466
Validation class_accuracies: [0.8119440914866582, 0.11162790697674418, 0.3613861386138614, 0.07851239669421488]
Validation sensitivity: 0.17330677290836655
Validation specificity: 0.8119440914866582
Validation icbhi_score: 0.4926254321975124
Validation roc_auc: None
Validation avg_accuracy: 0.3408676334428697
Validation one_indexed_epoch: 16
The validation tracker metric at 0.5214896449779028 hasn't increased by 0 in 1 epochs
75/75 - 920s - accuracy: 0.8253 - student_loss: 0.1989 - distillation_loss: 0.2016 - val_accuracy: 0.6981 - val_student_loss: 0.9701 - 920s/epoch - 12s/step
here
There is no such attribute
here2
Epoch 17/110
Validation cm: [[955 460 125  34]
 [363 456  22  19]
 [191  64 118  31]
 [109  39  62  32]]
Validation val_loss: 0.7142770279214622
Validation normalized_cm: [[0.607 0.292 0.079 0.022]
 [0.422 0.53  0.026 0.022]
 [0.473 0.158 0.292 0.077]
 [0.45  0.161 0.256 0.132]]
Validation acc: 0.5068181818181818
Validation class_accuracies: [0.6067344345616265, 0.5302325581395348, 0.29207920792079206, 0.1322314049586777]
Validation sensitivity: 0.40239043824701193
Validation specificity: 0.6067344345616265
Validation icbhi_score: 0.5045624364043192
Validation roc_auc: None
Validation avg_accuracy: 0.3903194013951578
Validation one_indexed_epoch: 17
The validation tracker metric at 0.5214896449779028 hasn't increased by 0 in 2 epochs
75/75 - 925s - accuracy: 0.8169 - student_loss: 0.1581 - distillation_loss: 0.1600 - val_accuracy: 0.7841 - val_student_loss: 0.2313 - 925s/epoch - 12s/step
here
There is no such attribute
here2
Epoch 18/110
Validation cm: [[1241  132  154   47]
 [ 633  134   56   37]
 [ 224   25  132   23]
 [ 136   12   82   12]]
Validation val_loss: 0.8215795411651754
Validation normalized_cm: [[0.788 0.084 0.098 0.03 ]
 [0.736 0.156 0.065 0.043]
 [0.554 0.062 0.327 0.057]
 [0.562 0.05  0.339 0.05 ]]
Validation acc: 0.49318181818181817
Validation class_accuracies: [0.7884371029224905, 0.1558139534883721, 0.32673267326732675, 0.049586776859504134]
Validation sensitivity: 0.1845949535192563
Validation specificity: 0.7884371029224905
Validation icbhi_score: 0.48651602822087336
Validation roc_auc: None
Validation avg_accuracy: 0.3301426266344234
Validation one_indexed_epoch: 18
The validation tracker metric at 0.5214896449779028 hasn't increased by 0 in 3 epochs
75/75 - 922s - accuracy: 0.8260 - student_loss: 0.1515 - distillation_loss: 0.1552 - val_accuracy: 0.6786 - val_student_loss: 0.2079 - 922s/epoch - 12s/step
here
There is no such attribute
here2
Epoch 19/110
Validation cm: [[1274   61  201   38]
 [ 670   96   51   43]
 [ 237    6  143   18]
 [ 124    2   88   28]]
Validation val_loss: 1.1872352143437168
Validation normalized_cm: [[0.809 0.039 0.128 0.024]
 [0.779 0.112 0.059 0.05 ]
 [0.587 0.015 0.354 0.045]
 [0.512 0.008 0.364 0.116]]
Validation acc: 0.5003246753246753
Validation class_accuracies: [0.8094027954256671, 0.11162790697674418, 0.35396039603960394, 0.11570247933884298]
Validation sensitivity: 0.17729083665338646
Validation specificity: 0.8094027954256671
Validation icbhi_score: 0.4933468160395268
Validation roc_auc: None
Validation avg_accuracy: 0.34767339444521456
Validation one_indexed_epoch: 19
The validation tracker metric at 0.5214896449779028 hasn't increased by 0 in 4 epochs
75/75 - 922s - accuracy: 0.8037 - student_loss: 0.1714 - distillation_loss: 0.1442 - val_accuracy: 0.6571 - val_student_loss: 1.6795 - 922s/epoch - 12s/step
here
There is no such attribute
here2
Epoch 20/110
Validation cm: [[1449   12  103   10]
 [ 840    4   16    0]
 [ 319    0   82    3]
 [ 188    1   52    1]]
Validation val_loss: 1.8542212596296124
Validation normalized_cm: [[0.921 0.008 0.065 0.006]
 [0.977 0.005 0.019 0.   ]
 [0.79  0.    0.203 0.007]
 [0.777 0.004 0.215 0.004]]
Validation acc: 0.4987012987012987
Validation class_accuracies: [0.920584498094028, 0.004651162790697674, 0.20297029702970298, 0.004132231404958678]
Validation sensitivity: 0.05776892430278884
Validation specificity: 0.920584498094028
Validation icbhi_score: 0.4891767111984084
Validation roc_auc: None
Validation avg_accuracy: 0.28308454732984684
Validation one_indexed_epoch: 20
The validation tracker metric at 0.5214896449779028 hasn't increased by 0 in 5 epochs
75/75 - 920s - accuracy: 0.8144 - student_loss: 0.0890 - distillation_loss: 0.0986 - val_accuracy: 0.7185 - val_student_loss: 0.8014 - 920s/epoch - 12s/step
here
There is no such attribute
here2
Epoch 21/110
Validation cm: [[1399   40  115   20]
 [ 733   63   42   22]
 [ 264    4  129    7]
 [ 145    4   75   18]]
Validation val_loss: 1.2862410492431888
Validation normalized_cm: [[0.889 0.025 0.073 0.013]
 [0.852 0.073 0.049 0.026]
 [0.653 0.01  0.319 0.017]
 [0.599 0.017 0.31  0.074]]
Validation acc: 0.5224025974025974
Validation class_accuracies: [0.8888182973316391, 0.07325581395348837, 0.3193069306930693, 0.0743801652892562]
Validation sensitivity: 0.1394422310756972
Validation specificity: 0.8888182973316391
Validation icbhi_score: 0.5141302642036681
Validation roc_auc: None
Validation avg_accuracy: 0.33894030181686324
Validation one_indexed_epoch: 21
The validation tracker metric at 0.5214896449779028 hasn't increased by 0 in 6 epochs
75/75 - 921s - accuracy: 0.8092 - student_loss: 0.0325 - distillation_loss: 0.0580 - val_accuracy: 0.6756 - val_student_loss: 0.2748 - 921s/epoch - 12s/step
here
There is no such attribute
here2
Epoch 22/110
Validation cm: [[1218  242   74   40]
 [ 555  269   18   18]
 [ 222   58   62   62]
 [ 132   42   31   37]]
Validation val_loss: 0.9938052868925095
Validation normalized_cm: [[0.774 0.154 0.047 0.025]
 [0.645 0.313 0.021 0.021]
 [0.55  0.144 0.153 0.153]
 [0.545 0.174 0.128 0.153]]
Validation acc: 0.5149350649350649
Validation class_accuracies: [0.7738246505717916, 0.3127906976744186, 0.15346534653465346, 0.15289256198347106]
Validation sensitivity: 0.24435590969455512
Validation specificity: 0.7738246505717916
Validation icbhi_score: 0.5090902801331734
Validation roc_auc: None
Validation avg_accuracy: 0.3482433141910837
Validation one_indexed_epoch: 22
The validation tracker metric at 0.5214896449779028 hasn't increased by 0 in 7 epochs
75/75 - 935s - accuracy: 0.7960 - student_loss: 0.2364 - distillation_loss: 0.2514 - val_accuracy: 0.7893 - val_student_loss: 0.2846 - 935s/epoch - 12s/step
here
There is no such attribute
here2
Epoch 23/110
Validation cm: [[1416   11  141    6]
 [ 825   15   16    4]
 [ 287    3  110    4]
 [ 178    3   55    6]]
Validation val_loss: 1.6878007403178226
Validation normalized_cm: [[0.9   0.007 0.09  0.004]
 [0.959 0.017 0.019 0.005]
 [0.71  0.007 0.272 0.01 ]
 [0.736 0.012 0.227 0.025]]
Validation acc: 0.5022727272727273
Validation class_accuracies: [0.8996188055908514, 0.01744186046511628, 0.2722772277227723, 0.024793388429752067]
Validation sensitivity: 0.08698539176626827
Validation specificity: 0.8996188055908514
Validation icbhi_score: 0.49330209867855984
Validation roc_auc: None
Validation avg_accuracy: 0.303532820552123
Validation one_indexed_epoch: 23
The validation tracker metric at 0.5214896449779028 hasn't increased by 0 in 8 epochs
75/75 - 928s - accuracy: 0.7958 - student_loss: 0.1752 - distillation_loss: 0.1805 - val_accuracy: 0.6506 - val_student_loss: 0.1840 - 928s/epoch - 12s/step
here
There is no such attribute
here2
Epoch 24/110
Validation cm: [[1381    1  192    0]
 [ 833    0   27    0]
 [ 289    1  114    0]
 [ 190    1   51    0]]
Validation val_loss: 1.4349761019233918
Validation normalized_cm: [[8.774e-01 6.353e-04 1.220e-01 0.000e+00]
 [9.686e-01 0.000e+00 3.140e-02 0.000e+00]
 [7.153e-01 2.475e-03 2.822e-01 0.000e+00]
 [7.851e-01 4.132e-03 2.107e-01 0.000e+00]]
Validation acc: 0.48538961038961037
Validation class_accuracies: [0.8773824650571792, 0.0, 0.28217821782178215, 0.0]
Validation sensitivity: 0.07569721115537849
Validation specificity: 0.8773824650571792
Validation icbhi_score: 0.47653983810627887
Validation roc_auc: None
Validation avg_accuracy: 0.2898901707197403
Validation one_indexed_epoch: 24
The validation tracker metric at 0.5214896449779028 hasn't increased by 0 in 9 epochs
75/75 - 929s - accuracy: 0.7884 - student_loss: 0.1017 - distillation_loss: 0.1058 - val_accuracy: 0.5432 - val_student_loss: 0.2875 - 929s/epoch - 12s/step
here
There is no such attribute
here2
Epoch 25/110
Validation cm: [[1179  277  108   10]
 [ 458  358   33   11]
 [ 226   60  110    8]
 [ 146   30   58    8]]
Validation val_loss: 0.9456329608127034
Validation normalized_cm: [[0.749 0.176 0.069 0.006]
 [0.533 0.416 0.038 0.013]
 [0.559 0.149 0.272 0.02 ]
 [0.603 0.124 0.24  0.033]]
Validation acc: 0.5373376623376623
Validation class_accuracies: [0.7490470139771284, 0.41627906976744183, 0.2722772277227723, 0.03305785123966942]
Validation sensitivity: 0.3160690571049137
Validation specificity: 0.7490470139771284
Validation icbhi_score: 0.532558035541021
Validation roc_auc: None
Validation avg_accuracy: 0.367665290676753
Validation one_indexed_epoch: 25
-- New best results were achieved. --
75/75 - 927s - accuracy: 0.7918 - student_loss: 0.1342 - distillation_loss: 0.1384 - val_accuracy: 0.7545 - val_student_loss: 0.0026 - 927s/epoch - 12s/step
here
There is no such attribute
here2
Epoch 26/110
Validation cm: [[1153  173  201   47]
 [ 564  233   45   18]
 [ 184   30  166   24]
 [ 119   11   97   15]]
Validation val_loss: 0.8968564206303197
Validation normalized_cm: [[0.733 0.11  0.128 0.03 ]
 [0.656 0.271 0.052 0.021]
 [0.455 0.074 0.411 0.059]
 [0.492 0.045 0.401 0.062]]
Validation acc: 0.5087662337662338
Validation class_accuracies: [0.7325285895806861, 0.2709302325581395, 0.41089108910891087, 0.06198347107438017]
Validation sensitivity: 0.2749003984063745
Validation specificity: 0.7325285895806861
Validation icbhi_score: 0.5037144939935303
Validation roc_auc: None
Validation avg_accuracy: 0.36908334558052913
Validation one_indexed_epoch: 26
The validation tracker metric at 0.532558035541021 hasn't increased by 0 in 1 epochs
75/75 - 928s - accuracy: 0.7847 - student_loss: 0.1892 - distillation_loss: 0.1991 - val_accuracy: 0.6740 - val_student_loss: 1.1247 - 928s/epoch - 12s/step
here
There is no such attribute
here2
Epoch 27/110
Validation cm: [[1353   83  126   12]
 [ 741   87   26    6]
 [ 252   12  127   13]
 [ 148    8   65   21]]
Validation val_loss: 1.3544819956016465
Validation normalized_cm: [[0.86  0.053 0.08  0.008]
 [0.862 0.101 0.03  0.007]
 [0.624 0.03  0.314 0.032]
 [0.612 0.033 0.269 0.087]]
Validation acc: 0.5155844155844156
Validation class_accuracies: [0.8595933926302414, 0.10116279069767442, 0.31435643564356436, 0.08677685950413223]
Validation sensitivity: 0.15604249667994688
Validation specificity: 0.8595933926302414
Validation icbhi_score: 0.5078179446550941
Validation roc_auc: None
Validation avg_accuracy: 0.3404723696189031
Validation one_indexed_epoch: 27
The validation tracker metric at 0.532558035541021 hasn't increased by 0 in 2 epochs
75/75 - 933s - accuracy: 0.7631 - student_loss: 0.1143 - distillation_loss: 0.1172 - val_accuracy: 0.7218 - val_student_loss: 2.4580 - 933s/epoch - 12s/step
here
There is no such attribute
here2
Epoch 28/110
Validation cm: [[1418   35  121    0]
 [ 799   36   23    2]
 [ 284    4  112    4]
 [ 163    2   72    5]]
Validation val_loss: 1.8417872078952795
Validation normalized_cm: [[0.901 0.022 0.077 0.   ]
 [0.929 0.042 0.027 0.002]
 [0.703 0.01  0.277 0.01 ]
 [0.674 0.008 0.298 0.021]]
Validation acc: 0.5100649350649351
Validation class_accuracies: [0.9008894536213469, 0.04186046511627907, 0.27722772277227725, 0.02066115702479339]
Validation sensitivity: 0.10159362549800798
Validation specificity: 0.9008894536213469
Validation icbhi_score: 0.5012415395596774
Validation roc_auc: None
Validation avg_accuracy: 0.3101596996336741
Validation one_indexed_epoch: 28
The validation tracker metric at 0.532558035541021 hasn't increased by 0 in 3 epochs
75/75 - 931s - accuracy: 0.7800 - student_loss: 0.0673 - distillation_loss: 0.0839 - val_accuracy: 0.6003 - val_student_loss: 1.2517 - 931s/epoch - 12s/step
here
There is no such attribute
here2
Epoch 29/110
Validation cm: [[1090  237  228   19]
 [ 444  366   41    9]
 [ 200   67  125   12]
 [ 121   50   61   10]]
Validation val_loss: 0.8848127499432447
Validation normalized_cm: [[0.693 0.151 0.145 0.012]
 [0.516 0.426 0.048 0.01 ]
 [0.495 0.166 0.309 0.03 ]
 [0.5   0.207 0.252 0.041]]
Validation acc: 0.5165584415584416
Validation class_accuracies: [0.6925031766200762, 0.4255813953488372, 0.3094059405940594, 0.04132231404958678]
Validation sensitivity: 0.33266932270916333
Validation specificity: 0.6925031766200762
Validation icbhi_score: 0.5125862496646197
Validation roc_auc: None
Validation avg_accuracy: 0.36720320665313994
Validation one_indexed_epoch: 29
The validation tracker metric at 0.532558035541021 hasn't increased by 0 in 4 epochs
75/75 - 930s - accuracy: 0.7851 - student_loss: 0.0437 - distillation_loss: 0.0485 - val_accuracy: 0.7175 - val_student_loss: 0.6364 - 930s/epoch - 12s/step
here
There is no such attribute
here2
Epoch 30/110
Validation cm: [[1315   59  177   23]
 [ 700  103   44   13]
 [ 236    5  149   14]
 [ 138    7   86   11]]
Validation val_loss: 1.4135318575026274
Validation normalized_cm: [[0.835 0.037 0.112 0.015]
 [0.814 0.12  0.051 0.015]
 [0.584 0.012 0.369 0.035]
 [0.57  0.029 0.355 0.045]]
Validation acc: 0.5123376623376623
Validation class_accuracies: [0.8354510800508259, 0.11976744186046512, 0.3688118811881188, 0.045454545454545456]
Validation sensitivity: 0.17463479415670652
Validation specificity: 0.8354510800508259
Validation icbhi_score: 0.5050429371037662
Validation roc_auc: None
Validation avg_accuracy: 0.3423712371384888
Validation one_indexed_epoch: 30
The validation tracker metric at 0.532558035541021 hasn't increased by 0 in 5 epochs
75/75 - 926s - accuracy: 0.7953 - student_loss: 0.0683 - distillation_loss: 0.0811 - val_accuracy: 0.6380 - val_student_loss: 1.8300 - 926s/epoch - 12s/step
here
There is no such attribute
here2
Epoch 31/110
Validation cm: [[1491    4   79    0]
 [ 833   16    9    2]
 [ 351    0   53    0]
 [ 213    1   28    0]]
Validation val_loss: 1.5248054585177975
Validation normalized_cm: [[0.947 0.003 0.05  0.   ]
 [0.969 0.019 0.01  0.002]
 [0.869 0.    0.131 0.   ]
 [0.88  0.004 0.116 0.   ]]
Validation acc: 0.5064935064935064
Validation class_accuracies: [0.9472681067344345, 0.018604651162790697, 0.1311881188118812, 0.0]
Validation sensitivity: 0.045816733067729085
Validation specificity: 0.9472681067344345
Validation icbhi_score: 0.4965424199010818
Validation roc_auc: None
Validation avg_accuracy: 0.27426521917727664
Validation one_indexed_epoch: 31
The validation tracker metric at 0.532558035541021 hasn't increased by 0 in 6 epochs
75/75 - 921s - accuracy: 0.8016 - student_loss: 0.0916 - distillation_loss: 0.0923 - val_accuracy: 0.7669 - val_student_loss: 0.0084 - 921s/epoch - 12s/step
here
There is no such attribute
here2
Epoch 32/110
Validation cm: [[1170  139  258    7]
 [ 619  184   53    4]
 [ 162   26  210    6]
 [ 102    7  123   10]]
Validation val_loss: 1.1766961230334323
Validation normalized_cm: [[0.743 0.088 0.164 0.004]
 [0.72  0.214 0.062 0.005]
 [0.401 0.064 0.52  0.015]
 [0.421 0.029 0.508 0.041]]
Validation acc: 0.5110389610389611
Validation class_accuracies: [0.7433290978398983, 0.21395348837209302, 0.5198019801980198, 0.04132231404958678]
Validation sensitivity: 0.2682602921646746
Validation specificity: 0.7433290978398983
Validation icbhi_score: 0.5057946950022865
Validation roc_auc: None
Validation avg_accuracy: 0.3796017201148995
Validation one_indexed_epoch: 32
The validation tracker metric at 0.532558035541021 hasn't increased by 0 in 7 epochs
