Tensorflow Version: 2.8.0
Num GPUs Available:  1
Collecting Variables...
All variables have been collected.
../cache/
cw
train216
Description: kfold with all data
-----------------------
training parameters
[('cache_root', '../cache/'), ('data_root', '../data/'), ('jordan_root', '../data/jwyy9np4gv-3/'), ('icbhi_root', '../data/raw_audios/icbhi_preprocessed_v2_8000/'), ('bd_root', '../data/PCV_SEGMENTED_Processed_Files/'), ('excel_path', '../data/Bangladesh_PCV_onlyStudyPatients.xlsx'), ('perch_root', '../data/raw_audios/perch_8000_10seconds'), ('ant_root', '../data/raw_audios/Antwerp_Clinical_Complete'), ('description', 'kfold with all data'), ('job_id', 0), ('mode', 'cw'), ('n_classes', 2), ('shape', (80, 200, 3)), ('n_epochs', 100), ('lr', 0.005), ('batch_size', 64), ('ll2_reg', 0), ('weight_decay', 0.0001), ('label_smoothing', 0), ('epsilon', 1e-07), ('es_patience', 13), ('min_delta', 0), ('train_test_ratio', 0.8), ('kfold', True), ('clause', 0), ('epoch_start', 0), ('testing', 0), ('adaptive_lr', True), ('cuberooting', 1), ('normalizing', 1), ('class_weights', True), ('early_stopping', True), ('initial_channels', 1), ('factor', 0.5), ('lr_patience', 6), ('min_lr', 1e-05), ('sr', 8000), ('audio_length', 5), ('step_size', 2.5), ('n_fft', 2048), ('hop_length', 254), ('n_mels', 128), ('overlap_threshold', 0.3), ('trainable_fb', False), ('to_decibel', True), ('train_nn', False), ('train_mel', False), ('file_dir', '../cache/cw/train216'), ('n_sequences', 9), ('activate_spectral_loss', False), ('normalize', False), ('stacking', False), ('oversample', False), ('one_hot_encoding', False), ('activation', 'sigmoid'), ('n_filters', 80), ('code', -1), ('distillation', False), ('viz_count', 5), ('window_len', 100), ('window_stride', 25)]
Job id is 1.
Job dir: ../cache/cw/train216/1
- Loading Perch.
3278 Perch audios have been loaded.
- Loading Icbhi.
920 Icbhi audios have been loaded.
- Loading Antwerp.
131 Antwerp audios have been loaded.
- Preparing Perch.
862 Perch groups of audio chunks (by filename or patients) have been prepared.
- Preparing Icbhi.
126 Icbhi groups of audio chunks (by filename or patients) have been prepared.
- Preparing Antwerp.
15 Antwerp groups of audio chunks (by filename or patients) have been prepared.
--- Samples are being split into training/val groups and de-grouped by patient ---
Job id is 2.
len of icbhi
7857
len of train icbhi
4769
len of val icbhi
3080
before icbhi addition
11647
after icbhi addition
16416
-----------------------
--- Final training dataset went from 0 to 16416 elements, with 11726 none's, 1637 crakles, 2096 wheezes and 957 both ---
--- Final Validation dataset contains 2912 elements, with 2424 none, 60 crackles, 324 wheezes and 104 both ---
Initializing weights...
weights = {0: 0.3499914719426915, 1: 2.5070250458155163, 2: 1.9580152671755726, 3: 4.2884012539184955}
Model: "sequential"
_________________________________________________________________
 Layer (type)                Output Shape              Param #   
=================================================================
 efficientnetb1 (Functional)  (None, 3, 7, 1280)       6575239   
                                                                 
 global_average_pooling2d (G  (None, 1280)             0         
 lobalAveragePooling2D)                                          
                                                                 
 dense (Dense)               (None, 100)               128100    
                                                                 
 dropout (Dropout)           (None, 100)               0         
                                                                 
 dense_1 (Dense)             (None, 50)                5050      
                                                                 
 dropout_1 (Dropout)         (None, 50)                0         
                                                                 
 dense_2 (Dense)             (None, 2)                 102       
                                                                 
=================================================================
Total params: 6,708,491
Trainable params: 6,646,436
Non-trainable params: 62,055
_________________________________________________________________
Model: "leaf_pretrained"
______________________________________________________________________________________________________________
 Layer (type)                                    Output Shape                                Param #          
==============================================================================================================
 mel_filterbanks (MelFilterbanks)                multiple                                    0                
                                                                                                              
 sequential (Sequential)                         (None, 2)                                   6708491          
                                                                                                              
==============================================================================================================
Total params: 6,708,491
Trainable params: 6,646,436
Non-trainable params: 62,055
______________________________________________________________________________________________________________
Target metric is icbhi_score
Target metric is icbhi_score
here
There is no such attribute
here2
Epoch 1/100
Validation cm: [[2283   89   46    6]
 [  54    2    4    0]
 [ 163  158    2    1]
 [  37   64    1    2]]
Validation val_loss: 0.5473740566010167
Validation normalized_cm: [[0.942 0.037 0.019 0.002]
 [0.9   0.033 0.067 0.   ]
 [0.503 0.488 0.006 0.003]
 [0.356 0.615 0.01  0.019]]
Validation acc: 0.7860576923076923
Validation class_accuracies: [0.9418316831683168, 0.03333333333333333, 0.006172839506172839, 0.019230769230769232]
Validation sensitivity: 0.012295081967213115
Validation specificity: 0.9418316831683168
Validation icbhi_score: 0.4770633825677649
Validation roc_auc: None
Validation avg_accuracy: 0.25014215630964803
Validation one_indexed_epoch: 1
Validation cm: [[1375  149   16   34]
 [ 805   52    2    1]
 [ 334   55    2   13]
 [ 170   70    1    1]]
Validation val_loss: 0.6275052343096051
Validation normalized_cm: [[0.874 0.095 0.01  0.022]
 [0.936 0.06  0.002 0.001]
 [0.827 0.136 0.005 0.032]
 [0.702 0.289 0.004 0.004]]
Validation acc: 0.4642857142857143
Validation class_accuracies: [0.8735705209656925, 0.06046511627906977, 0.0049504950495049506, 0.004132231404958678]
Validation sensitivity: 0.03652058432934927
Validation specificity: 0.8735705209656925
Validation icbhi_score: 0.4550455526475209
Validation roc_auc: None
Validation avg_accuracy: 0.2357795909248065
Validation one_indexed_epoch: 1
-----------------------------
-- New best results were achieved. --
-----------------------------
-----------------------------
-- New best results were achieved. --
-----------------------------
257/257 - 1043s - loss: 0.6160 - accuracy: 0.4543 - 1043s/epoch - 4s/step
here
There is no such attribute
here2
Epoch 2/100
Validation cm: [[2412    0   12    0]
 [  59    0    1    0]
 [ 304    0   20    0]
 [  79    0   25    0]]
Validation val_loss: 0.41353416675957594
Validation normalized_cm: [[0.995 0.    0.005 0.   ]
 [0.983 0.    0.017 0.   ]
 [0.938 0.    0.062 0.   ]
 [0.76  0.    0.24  0.   ]]
Validation acc: 0.8351648351648352
Validation class_accuracies: [0.995049504950495, 0.0, 0.06172839506172839, 0.0]
Validation sensitivity: 0.040983606557377046
Validation specificity: 0.995049504950495
Validation icbhi_score: 0.518016555753936
Validation roc_auc: None
Validation avg_accuracy: 0.2641944750030559
Validation one_indexed_epoch: 2
Validation cm: [[1504    0   67    3]
 [ 858    0    2    0]
 [ 392    0   12    0]
 [ 238    0    3    1]]
Validation val_loss: 0.634644989911225
Validation normalized_cm: [[0.956 0.    0.043 0.002]
 [0.998 0.    0.002 0.   ]
 [0.97  0.    0.03  0.   ]
 [0.983 0.    0.012 0.004]]
Validation acc: 0.49253246753246754
Validation class_accuracies: [0.9555273189326556, 0.0, 0.0297029702970297, 0.004132231404958678]
Validation sensitivity: 0.008632138114209827
Validation specificity: 0.9555273189326556
Validation icbhi_score: 0.4820797285234327
Validation roc_auc: None
Validation avg_accuracy: 0.247340630158661
Validation one_indexed_epoch: 2
-----------------------------
-- New best results were achieved. --
-----------------------------
-----------------------------
-- New best results were achieved. --
-----------------------------
257/257 - 1016s - loss: 0.5280 - accuracy: 0.4522 - 1016s/epoch - 4s/step
here
There is no such attribute
here2
Epoch 3/100
Validation cm: [[2338    5   77    4]
 [  55    0    5    0]
 [ 260    2   56    6]
 [  34    0   55   15]]
Validation val_loss: 0.3206999691943305
Validation normalized_cm: [[0.965 0.002 0.032 0.002]
 [0.917 0.    0.083 0.   ]
 [0.802 0.006 0.173 0.019]
 [0.327 0.    0.529 0.144]]
Validation acc: 0.8272664835164835
Validation class_accuracies: [0.9645214521452146, 0.0, 0.1728395061728395, 0.14423076923076922]
Validation sensitivity: 0.14549180327868852
Validation specificity: 0.9645214521452146
Validation icbhi_score: 0.5550066277119515
Validation roc_auc: None
Validation avg_accuracy: 0.3203979318872058
Validation one_indexed_epoch: 3
Validation cm: [[1298    7  250   19]
 [ 818   18   21    3]
 [ 284   10   92   18]
 [ 195    3   39    5]]
Validation val_loss: 0.6422249068324636
Validation normalized_cm: [[0.825 0.004 0.159 0.012]
 [0.951 0.021 0.024 0.003]
 [0.703 0.025 0.228 0.045]
 [0.806 0.012 0.161 0.021]]
Validation acc: 0.45876623376623377
Validation class_accuracies: [0.8246505717916137, 0.020930232558139535, 0.22772277227722773, 0.02066115702479339]
Validation sensitivity: 0.07636122177954847
Validation specificity: 0.8246505717916137
Validation icbhi_score: 0.4505058967855811
Validation roc_auc: None
Validation avg_accuracy: 0.2734911834129436
Validation one_indexed_epoch: 3
-----------------------------
-- New best results were achieved. --
-----------------------------
-----------------------------
The validation tracker metric at 0.4820797285234327 hasn't increased by 0 in 1 epochs
-----------------------------
257/257 - 972s - loss: 0.4553 - accuracy: 0.5362 - 972s/epoch - 4s/step
here
There is no such attribute
here2
Epoch 4/100
Validation cm: [[2000   31  344   49]
 [  37    1   11   11]
 [  73    0  244    7]
 [  17    0   62   25]]
Validation val_loss: 0.3554413981375027
Validation normalized_cm: [[0.825 0.013 0.142 0.02 ]
 [0.617 0.017 0.183 0.183]
 [0.225 0.    0.753 0.022]
 [0.163 0.    0.596 0.24 ]]
Validation acc: 0.779532967032967
Validation class_accuracies: [0.8250825082508251, 0.016666666666666666, 0.7530864197530864, 0.2403846153846154]
Validation sensitivity: 0.5532786885245902
Validation specificity: 0.8250825082508251
Validation icbhi_score: 0.6891805983877076
Validation roc_auc: None
Validation avg_accuracy: 0.45880505251379844
Validation one_indexed_epoch: 4
Validation cm: [[1030  267  247   30]
 [ 582  245   25    8]
 [ 206   38  122   38]
 [ 135   14   59   34]]
Validation val_loss: 0.6285041852249438
Validation normalized_cm: [[0.654 0.17  0.157 0.019]
 [0.677 0.285 0.029 0.009]
 [0.51  0.094 0.302 0.094]
 [0.558 0.058 0.244 0.14 ]]
Validation acc: 0.4646103896103896
Validation class_accuracies: [0.6543837357052097, 0.28488372093023256, 0.30198019801980197, 0.14049586776859505]
Validation sensitivity: 0.26626826029216466
Validation specificity: 0.6543837357052097
Validation icbhi_score: 0.4603259979986872
Validation roc_auc: None
Validation avg_accuracy: 0.3454358806059598
Validation one_indexed_epoch: 4
-----------------------------
-- New best results were achieved. --
-----------------------------
-----------------------------
The validation tracker metric at 0.4820797285234327 hasn't increased by 0 in 2 epochs
-----------------------------
257/257 - 1011s - loss: 0.4152 - accuracy: 0.5279 - 1011s/epoch - 4s/step
here
There is no such attribute
here2
Epoch 5/100
Validation cm: [[2155  152   79   38]
 [  41   13    2    4]
 [ 170   12  118   24]
 [  29    3   39   33]]
Validation val_loss: 0.31764336065049353
Validation normalized_cm: [[0.889 0.063 0.033 0.016]
 [0.683 0.217 0.033 0.067]
 [0.525 0.037 0.364 0.074]
 [0.279 0.029 0.375 0.317]]
Validation acc: 0.7963598901098901
Validation class_accuracies: [0.889026402640264, 0.21666666666666667, 0.36419753086419754, 0.3173076923076923]
Validation sensitivity: 0.3360655737704918
Validation specificity: 0.889026402640264
Validation icbhi_score: 0.6125459882053779
Validation roc_auc: None
Validation avg_accuracy: 0.44679957311970514
Validation one_indexed_epoch: 5
Validation cm: [[1114  273  141   46]
 [ 637  206   10    7]
 [ 276   53   49   26]
 [ 157   39   14   32]]
Validation val_loss: 0.6541642723769833
Validation normalized_cm: [[0.708 0.173 0.09  0.029]
 [0.741 0.24  0.012 0.008]
 [0.683 0.131 0.121 0.064]
 [0.649 0.161 0.058 0.132]]
Validation acc: 0.45487012987012987
Validation class_accuracies: [0.7077509529860229, 0.23953488372093024, 0.12128712871287128, 0.1322314049586777]
Validation sensitivity: 0.19057104913678619
Validation specificity: 0.7077509529860229
Validation icbhi_score: 0.44916100106140455
Validation roc_auc: None
Validation avg_accuracy: 0.3002010925946255
Validation one_indexed_epoch: 5
-----------------------------
The validation tracker metric at 0.6891805983877076 hasn't increased by 0 in 1 epochs
-----------------------------
-----------------------------
The validation tracker metric at 0.4820797285234327 hasn't increased by 0 in 3 epochs
-----------------------------
257/257 - 965s - loss: 0.3685 - accuracy: 0.5431 - 965s/epoch - 4s/step
here
There is no such attribute
here2
Epoch 6/100
Validation cm: [[2230   55  108   31]
 [  40   13    3    4]
 [ 112    5  193   14]
 [  22    2   50   30]]
Validation val_loss: 0.27228601556995785
Validation normalized_cm: [[0.92  0.023 0.045 0.013]
 [0.667 0.217 0.05  0.067]
 [0.346 0.015 0.596 0.043]
 [0.212 0.019 0.481 0.288]]
Validation acc: 0.8468406593406593
Validation class_accuracies: [0.91996699669967, 0.21666666666666667, 0.595679012345679, 0.28846153846153844]
Validation sensitivity: 0.48360655737704916
Validation specificity: 0.91996699669967
Validation icbhi_score: 0.7017867770383596
Validation roc_auc: None
Validation avg_accuracy: 0.5051935535433886
Validation one_indexed_epoch: 6
Validation cm: [[649 663 230  32]
 [266 566  17  11]
 [181  91 110  22]
 [112  46  69  15]]
Validation val_loss: 0.6798950963449142
Validation normalized_cm: [[0.412 0.421 0.146 0.02 ]
 [0.309 0.658 0.02  0.013]
 [0.448 0.225 0.272 0.054]
 [0.463 0.19  0.285 0.062]]
Validation acc: 0.43506493506493504
Validation class_accuracies: [0.41232528589580686, 0.6581395348837209, 0.2722772277227723, 0.06198347107438017]
Validation sensitivity: 0.4588313413014608
Validation specificity: 0.41232528589580686
Validation icbhi_score: 0.43557831359863386
Validation roc_auc: None
Validation avg_accuracy: 0.35118137989417003
Validation one_indexed_epoch: 6
-----------------------------
-- New best results were achieved. --
-----------------------------
-----------------------------
The validation tracker metric at 0.4820797285234327 hasn't increased by 0 in 4 epochs
-----------------------------
257/257 - 997s - loss: 0.3356 - accuracy: 0.5325 - 997s/epoch - 4s/step
here
There is no such attribute
here2
Epoch 7/100
Validation cm: [[1855  215  215  139]
 [  30   16    4   10]
 [ 106    7  180   31]
 [  16    6   26   56]]
Validation val_loss: 0.40395478793422107
Validation normalized_cm: [[0.765 0.089 0.089 0.057]
 [0.5   0.267 0.067 0.167]
 [0.327 0.022 0.556 0.096]
 [0.154 0.058 0.25  0.538]]
Validation acc: 0.7235576923076923
Validation class_accuracies: [0.7652640264026402, 0.26666666666666666, 0.5555555555555556, 0.5384615384615384]
Validation sensitivity: 0.5163934426229508
Validation specificity: 0.7652640264026402
Validation icbhi_score: 0.6408287345127955
Validation roc_auc: None
Validation avg_accuracy: 0.5314869467716002
Validation one_indexed_epoch: 7
Validation cm: [[989 282 157 146]
 [542 260  17  41]
 [167  48  70 119]
 [ 89  23  31  99]]
Validation val_loss: 0.7306476733817374
Validation normalized_cm: [[0.628 0.179 0.1   0.093]
 [0.63  0.302 0.02  0.048]
 [0.413 0.119 0.173 0.295]
 [0.368 0.095 0.128 0.409]]
Validation acc: 0.4603896103896104
Validation class_accuracies: [0.6283354510800508, 0.3023255813953488, 0.17326732673267325, 0.4090909090909091]
Validation sensitivity: 0.2848605577689243
Validation specificity: 0.6283354510800508
Validation icbhi_score: 0.4565980044244876
Validation roc_auc: None
Validation avg_accuracy: 0.3782548170747455
Validation one_indexed_epoch: 7
-----------------------------
The validation tracker metric at 0.7017867770383596 hasn't increased by 0 in 1 epochs
-----------------------------
-----------------------------
The validation tracker metric at 0.4820797285234327 hasn't increased by 0 in 5 epochs
-----------------------------
257/257 - 954s - loss: 0.3000 - accuracy: 0.5211 - 954s/epoch - 4s/step
here
There is no such attribute
here2
Epoch 8/100
Validation cm: [[2125  198   39   62]
 [  34   21    0    5]
 [ 186   15   88   35]
 [  23   10   35   36]]
Validation val_loss: 0.3122736010590163
Validation normalized_cm: [[0.877 0.082 0.016 0.026]
 [0.567 0.35  0.    0.083]
 [0.574 0.046 0.272 0.108]
 [0.221 0.096 0.337 0.346]]
Validation acc: 0.779532967032967
Validation class_accuracies: [0.8766501650165016, 0.35, 0.2716049382716049, 0.34615384615384615]
Validation sensitivity: 0.29713114754098363
Validation specificity: 0.8766501650165016
Validation icbhi_score: 0.5868906562787426
Validation roc_auc: None
Validation avg_accuracy: 0.46110223736048817
Validation one_indexed_epoch: 8
Validation cm: [[838 491 102 143]
 [443 392  12  13]
 [183  89  56  76]
 [120  52  43  27]]
Validation val_loss: 0.7850230468458337
Validation normalized_cm: [[0.532 0.312 0.065 0.091]
 [0.515 0.456 0.014 0.015]
 [0.453 0.22  0.139 0.188]
 [0.496 0.215 0.178 0.112]]
Validation acc: 0.4262987012987013
Validation class_accuracies: [0.5324015247776366, 0.4558139534883721, 0.13861386138613863, 0.1115702479338843]
Validation sensitivity: 0.3154050464807437
Validation specificity: 0.5324015247776366
Validation icbhi_score: 0.4239032856291901
Validation roc_auc: None
Validation avg_accuracy: 0.30959989689650785
Validation one_indexed_epoch: 8
-----------------------------
The validation tracker metric at 0.7017867770383596 hasn't increased by 0 in 2 epochs
-----------------------------
-----------------------------
The validation tracker metric at 0.4820797285234327 hasn't increased by 0 in 6 epochs
Lr has been adjusted to 0.0024999999441206455
-----------------------------
257/257 - 996s - loss: 0.2662 - accuracy: 0.4995 - 996s/epoch - 4s/step
here
There is no such attribute
here2
Epoch 9/100
Validation cm: [[2051  183  115   75]
 [  34   16    0   10]
 [  89   16  184   35]
 [  12   10   28   54]]
Validation val_loss: 0.3224304942799016
Validation normalized_cm: [[0.846 0.075 0.047 0.031]
 [0.567 0.267 0.    0.167]
 [0.275 0.049 0.568 0.108]
 [0.115 0.096 0.269 0.519]]
Validation acc: 0.7915521978021978
Validation class_accuracies: [0.8461221122112211, 0.26666666666666666, 0.5679012345679012, 0.5192307692307693]
Validation sensitivity: 0.5204918032786885
Validation specificity: 0.8461221122112211
Validation icbhi_score: 0.6833069577449549
Validation roc_auc: None
Validation avg_accuracy: 0.5499801956691396
Validation one_indexed_epoch: 9
Validation cm: [[567 733 177  97]
 [207 612  13  28]
 [ 99 112 115  78]
 [ 70  59  53  60]]
Validation val_loss: 0.8062272344443872
Validation normalized_cm: [[0.36  0.466 0.112 0.062]
 [0.241 0.712 0.015 0.033]
 [0.245 0.277 0.285 0.193]
 [0.289 0.244 0.219 0.248]]
Validation acc: 0.4396103896103896
Validation class_accuracies: [0.3602287166454892, 0.7116279069767442, 0.28465346534653463, 0.24793388429752067]
Validation sensitivity: 0.5225763612217795
Validation specificity: 0.3602287166454892
Validation icbhi_score: 0.44140253893363435
Validation roc_auc: None
Validation avg_accuracy: 0.4011109933165722
Validation one_indexed_epoch: 9
-----------------------------
The validation tracker metric at 0.7017867770383596 hasn't increased by 0 in 3 epochs
-----------------------------
-----------------------------
The validation tracker metric at 0.4820797285234327 hasn't increased by 0 in 7 epochs
-----------------------------
257/257 - 963s - loss: 0.2218 - accuracy: 0.5023 - 963s/epoch - 4s/step
here
There is no such attribute
here2
Epoch 10/100
Validation cm: [[1999   60  308   57]
 [  29   14   10    7]
 [  61    2  250   11]
 [   5    6   51   42]]
Validation val_loss: 0.37810466793278785
Validation normalized_cm: [[0.825 0.025 0.127 0.024]
 [0.483 0.233 0.167 0.117]
 [0.188 0.006 0.772 0.034]
 [0.048 0.058 0.49  0.404]]
Validation acc: 0.7915521978021978
Validation class_accuracies: [0.8246699669966997, 0.23333333333333334, 0.7716049382716049, 0.40384615384615385]
Validation sensitivity: 0.6270491803278688
Validation specificity: 0.8246699669966997
Validation icbhi_score: 0.7258595736622843
Validation roc_auc: None
Validation avg_accuracy: 0.5583635981119479
Validation one_indexed_epoch: 10
Validation cm: [[510 693 284  87]
 [218 546  57  39]
 [ 70  84 207  43]
 [ 50  42 107  43]]
Validation val_loss: 0.8817095540838848
Validation normalized_cm: [[0.324 0.44  0.18  0.055]
 [0.253 0.635 0.066 0.045]
 [0.173 0.208 0.512 0.106]
 [0.207 0.174 0.442 0.178]]
Validation acc: 0.42402597402597403
Validation class_accuracies: [0.3240152477763659, 0.6348837209302326, 0.5123762376237624, 0.17768595041322313]
Validation sensitivity: 0.5285524568393094
Validation specificity: 0.3240152477763659
Validation icbhi_score: 0.42628385230783766
Validation roc_auc: None
Validation avg_accuracy: 0.412240289185896
Validation one_indexed_epoch: 10
-----------------------------
-- New best results were achieved. --
-----------------------------
-----------------------------
The validation tracker metric at 0.4820797285234327 hasn't increased by 0 in 8 epochs
-----------------------------
257/257 - 951s - loss: 0.2064 - accuracy: 0.4952 - 951s/epoch - 4s/step
here
There is no such attribute
here2
Epoch 11/100
Validation cm: [[2120  208   56   40]
 [  31   25    2    2]
 [ 208    8   88   20]
 [  37   15   21   31]]
Validation val_loss: 0.33149239625793153
Validation normalized_cm: [[0.875 0.086 0.023 0.017]
 [0.517 0.417 0.033 0.033]
 [0.642 0.025 0.272 0.062]
 [0.356 0.144 0.202 0.298]]
Validation acc: 0.7774725274725275
Validation class_accuracies: [0.8745874587458746, 0.4166666666666667, 0.2716049382716049, 0.2980769230769231]
Validation sensitivity: 0.29508196721311475
Validation specificity: 0.8745874587458746
Validation icbhi_score: 0.5848347129794946
Validation roc_auc: None
Validation avg_accuracy: 0.4652339966902674
Validation one_indexed_epoch: 11
Validation cm: [[679 653  68 174]
 [255 538  11  56]
 [114 121  34 135]
 [ 74  58  17  93]]
Validation val_loss: 0.8058472677649531
Validation normalized_cm: [[0.431 0.415 0.043 0.111]
 [0.297 0.626 0.013 0.065]
 [0.282 0.3   0.084 0.334]
 [0.306 0.24  0.07  0.384]]
Validation acc: 0.43636363636363634
Validation class_accuracies: [0.4313850063532402, 0.6255813953488372, 0.08415841584158416, 0.384297520661157]
Validation sensitivity: 0.44156706507304117
Validation specificity: 0.4313850063532402
Validation icbhi_score: 0.43647603571314064
Validation roc_auc: None
Validation avg_accuracy: 0.38135558455120466
Validation one_indexed_epoch: 11
-----------------------------
The validation tracker metric at 0.7258595736622843 hasn't increased by 0 in 1 epochs
-----------------------------
-----------------------------
The validation tracker metric at 0.4820797285234327 hasn't increased by 0 in 9 epochs
-----------------------------
257/257 - 988s - loss: 0.1816 - accuracy: 0.4815 - 988s/epoch - 4s/step
here
There is no such attribute
here2
Epoch 12/100
Validation cm: [[2228   77   65   54]
 [  41   13    0    6]
 [ 172   18  116   18]
 [  34    7   40   23]]
Validation val_loss: 0.3461012171567426
Validation normalized_cm: [[0.919 0.032 0.027 0.022]
 [0.683 0.217 0.    0.1  ]
 [0.531 0.056 0.358 0.056]
 [0.327 0.067 0.385 0.221]]
Validation acc: 0.8173076923076923
Validation class_accuracies: [0.9191419141914191, 0.21666666666666667, 0.35802469135802467, 0.22115384615384615]
Validation sensitivity: 0.3114754098360656
Validation specificity: 0.9191419141914191
Validation icbhi_score: 0.6153086620137423
Validation roc_auc: None
Validation avg_accuracy: 0.4287467795924892
Validation one_indexed_epoch: 12
Validation cm: [[1139  271   79   85]
 [ 581  248   11   20]
 [ 252   52   63   37]
 [ 146   17   38   41]]
Validation val_loss: 0.8656391046302224
Validation normalized_cm: [[0.724 0.172 0.05  0.054]
 [0.676 0.288 0.013 0.023]
 [0.624 0.129 0.156 0.092]
 [0.603 0.07  0.157 0.169]]
Validation acc: 0.48409090909090907
Validation class_accuracies: [0.7236340533672173, 0.28837209302325584, 0.15594059405940594, 0.16942148760330578]
Validation sensitivity: 0.2337317397078353
Validation specificity: 0.7236340533672173
Validation icbhi_score: 0.4786828965375263
Validation roc_auc: None
Validation avg_accuracy: 0.33434205701329617
Validation one_indexed_epoch: 12
-----------------------------
The validation tracker metric at 0.7258595736622843 hasn't increased by 0 in 2 epochs
-----------------------------
-----------------------------
The validation tracker metric at 0.4820797285234327 hasn't increased by 0 in 10 epochs
-----------------------------
257/257 - 943s - loss: 0.1725 - accuracy: 0.4793 - 943s/epoch - 4s/step
here
There is no such attribute
here2
Epoch 13/100
Validation cm: [[2047  121  145  111]
 [  41    8    0   11]
 [ 172    3  119   30]
 [  24    5   27   48]]
Validation val_loss: 0.41523428445816973
Validation normalized_cm: [[0.844 0.05  0.06  0.046]
 [0.683 0.133 0.    0.183]
 [0.531 0.009 0.367 0.093]
 [0.231 0.048 0.26  0.462]]
Validation acc: 0.7630494505494505
Validation class_accuracies: [0.8444719471947195, 0.13333333333333333, 0.36728395061728397, 0.46153846153846156]
Validation sensitivity: 0.35860655737704916
Validation specificity: 0.8444719471947195
Validation icbhi_score: 0.6015392522858843
Validation roc_auc: None
Validation avg_accuracy: 0.45165692317094963
Validation one_indexed_epoch: 13
Validation cm: [[864 405 174 131]
 [434 356  20  50]
 [128  66  90 120]
 [ 80  28  47  87]]
Validation val_loss: 0.8439897066942129
Validation normalized_cm: [[0.549 0.257 0.111 0.083]
 [0.505 0.414 0.023 0.058]
 [0.317 0.163 0.223 0.297]
 [0.331 0.116 0.194 0.36 ]]
Validation acc: 0.45357142857142857
Validation class_accuracies: [0.5489199491740788, 0.413953488372093, 0.22277227722772278, 0.359504132231405]
Validation sensitivity: 0.35391766268260294
Validation specificity: 0.5489199491740788
Validation icbhi_score: 0.4514188059283409
Validation roc_auc: None
Validation avg_accuracy: 0.3862874617513249
Validation one_indexed_epoch: 13
-----------------------------
The validation tracker metric at 0.7258595736622843 hasn't increased by 0 in 3 epochs
-----------------------------
-----------------------------
The validation tracker metric at 0.4820797285234327 hasn't increased by 0 in 11 epochs
-----------------------------
257/257 - 987s - loss: 0.1633 - accuracy: 0.4742 - 987s/epoch - 4s/step
here
There is no such attribute
here2
Epoch 14/100
Validation cm: [[2204   79  125   16]
 [  36   17    4    3]
 [  91    6  219    8]
 [  13    9   45   37]]
Validation val_loss: 0.2979768015664417
Validation normalized_cm: [[0.909 0.033 0.052 0.007]
 [0.6   0.283 0.067 0.05 ]
 [0.281 0.019 0.676 0.025]
 [0.125 0.087 0.433 0.356]]
Validation acc: 0.8506181318681318
Validation class_accuracies: [0.9092409240924092, 0.2833333333333333, 0.6759259259259259, 0.3557692307692308]
Validation sensitivity: 0.5594262295081968
Validation specificity: 0.9092409240924092
Validation icbhi_score: 0.734333576800303
Validation roc_auc: None
Validation avg_accuracy: 0.5560673535302249
Validation one_indexed_epoch: 14
Validation cm: [[386 950 172  66]
 [ 90 730  15  25]
 [ 91 142 126  45]
 [ 48  75  72  47]]
Validation val_loss: 0.9786719987311499
Validation normalized_cm: [[0.245 0.604 0.109 0.042]
 [0.105 0.849 0.017 0.029]
 [0.225 0.351 0.312 0.111]
 [0.198 0.31  0.298 0.194]]
Validation acc: 0.4185064935064935
Validation class_accuracies: [0.24523506988564167, 0.8488372093023255, 0.3118811881188119, 0.19421487603305784]
Validation sensitivity: 0.599601593625498
Validation specificity: 0.24523506988564167
Validation icbhi_score: 0.42241833175556986
Validation roc_auc: None
Validation avg_accuracy: 0.4000420858349592
Validation one_indexed_epoch: 14
-----------------------------
-- New best results were achieved. --
-----------------------------
-----------------------------
The validation tracker metric at 0.4820797285234327 hasn't increased by 0 in 12 epochs
Lr has been adjusted to 0.0012499999720603228
-----------------------------
257/257 - 951s - loss: 0.1517 - accuracy: 0.4857 - 951s/epoch - 4s/step
here
There is no such attribute
here2
Epoch 15/100
Validation cm: [[2217   76   90   41]
 [  41   11    1    7]
 [ 128    7  167   22]
 [  21    9   29   45]]
Validation val_loss: 0.3034439260738946
Validation normalized_cm: [[0.915 0.031 0.037 0.017]
 [0.683 0.183 0.017 0.117]
 [0.395 0.022 0.515 0.068]
 [0.202 0.087 0.279 0.433]]
Validation acc: 0.8379120879120879
Validation class_accuracies: [0.9146039603960396, 0.18333333333333332, 0.5154320987654321, 0.4326923076923077]
Validation sensitivity: 0.4569672131147541
Validation specificity: 0.9146039603960396
Validation icbhi_score: 0.6857855867553968
Validation roc_auc: None
Validation avg_accuracy: 0.5115154250467782
Validation one_indexed_epoch: 15
Validation cm: [[1194  142  119  119]
 [ 647  163   17   33]
 [ 217   18   85   84]
 [ 116    8   54   64]]
Validation val_loss: 0.9141741182698958
Validation normalized_cm: [[0.759 0.09  0.076 0.076]
 [0.752 0.19  0.02  0.038]
 [0.537 0.045 0.21  0.208]
 [0.479 0.033 0.223 0.264]]
Validation acc: 0.488961038961039
Validation class_accuracies: [0.758576874205845, 0.18953488372093022, 0.2103960396039604, 0.2644628099173554]
Validation sensitivity: 0.20717131474103587
Validation specificity: 0.758576874205845
Validation icbhi_score: 0.48287409447344043
Validation roc_auc: None
Validation avg_accuracy: 0.35574265186202275
Validation one_indexed_epoch: 15
-----------------------------
The validation tracker metric at 0.734333576800303 hasn't increased by 0 in 1 epochs
-----------------------------
-----------------------------
-- New best results were achieved. --
-----------------------------
257/257 - 1032s - loss: 0.1356 - accuracy: 0.4783 - 1032s/epoch - 4s/step
here
There is no such attribute
here2
Epoch 16/100
Validation cm: [[2165   50  172   37]
 [  37   12    3    8]
 [  80    2  231   11]
 [  13    4   38   49]]
Validation val_loss: 0.333079318105871
Validation normalized_cm: [[0.893 0.021 0.071 0.015]
 [0.617 0.2   0.05  0.133]
 [0.247 0.006 0.713 0.034]
 [0.125 0.038 0.365 0.471]]
Validation acc: 0.84375
Validation class_accuracies: [0.8931518151815182, 0.2, 0.7129629629629629, 0.47115384615384615]
Validation sensitivity: 0.5983606557377049
Validation specificity: 0.8931518151815182
Validation icbhi_score: 0.7457562354596116
Validation roc_auc: None
Validation avg_accuracy: 0.5693171560745819
Validation one_indexed_epoch: 16
Validation cm: [[713 615 185  61]
 [236 565  24  35]
 [134  77 129  64]
 [ 72  51  66  53]]
Validation val_loss: 0.9021100018933575
Validation normalized_cm: [[0.453 0.391 0.118 0.039]
 [0.274 0.657 0.028 0.041]
 [0.332 0.191 0.319 0.158]
 [0.298 0.211 0.273 0.219]]
Validation acc: 0.474025974025974
Validation class_accuracies: [0.45298602287166456, 0.6569767441860465, 0.3193069306930693, 0.2190082644628099]
Validation sensitivity: 0.4960159362549801
Validation specificity: 0.45298602287166456
Validation icbhi_score: 0.4745009795633223
Validation roc_auc: None
Validation avg_accuracy: 0.4120694905533976
Validation one_indexed_epoch: 16
-----------------------------
-- New best results were achieved. --
-----------------------------
-----------------------------
The validation tracker metric at 0.48287409447344043 hasn't increased by 0 in 1 epochs
-----------------------------
257/257 - 931s - loss: 0.1202 - accuracy: 0.4829 - 931s/epoch - 4s/step
here
There is no such attribute
here2
Epoch 17/100
Validation cm: [[2226   86   81   31]
 [  39   16    1    4]
 [ 108    6  190   20]
 [  16   12   23   53]]
Validation val_loss: 0.28735819953807334
Validation normalized_cm: [[0.918 0.035 0.033 0.013]
 [0.65  0.267 0.017 0.067]
 [0.333 0.019 0.586 0.062]
 [0.154 0.115 0.221 0.51 ]]
Validation acc: 0.8533653846153846
Validation class_accuracies: [0.9183168316831684, 0.26666666666666666, 0.5864197530864198, 0.5096153846153846]
Validation sensitivity: 0.5307377049180327
Validation specificity: 0.9183168316831684
Validation icbhi_score: 0.7245272683006005
Validation roc_auc: None
Validation avg_accuracy: 0.5702546590129098
Validation one_indexed_epoch: 17
Validation cm: [[842 438 173 121]
 [369 415  24  52]
 [119  52  93 140]
 [ 78  21  42 101]]
Validation val_loss: 0.9614135199881088
Validation normalized_cm: [[0.535 0.278 0.11  0.077]
 [0.429 0.483 0.028 0.06 ]
 [0.295 0.129 0.23  0.347]
 [0.322 0.087 0.174 0.417]]
Validation acc: 0.4711038961038961
Validation class_accuracies: [0.5349428208386277, 0.48255813953488375, 0.2301980198019802, 0.41735537190082644]
Validation sensitivity: 0.4043824701195219
Validation specificity: 0.5349428208386277
Validation icbhi_score: 0.46966264547907477
Validation roc_auc: None
Validation avg_accuracy: 0.41626358801907953
Validation one_indexed_epoch: 17
-----------------------------
The validation tracker metric at 0.7457562354596116 hasn't increased by 0 in 1 epochs
-----------------------------
-----------------------------
The validation tracker metric at 0.48287409447344043 hasn't increased by 0 in 2 epochs
-----------------------------
257/257 - 995s - loss: 0.1177 - accuracy: 0.4726 - 995s/epoch - 4s/step
here
There is no such attribute
here2
Epoch 18/100
Validation cm: [[2237   25  146   16]
 [  42   10    2    6]
 [  89    1  225    9]
 [   8    8   35   53]]
Validation val_loss: 0.2970534628501555
Validation normalized_cm: [[0.923 0.01  0.06  0.007]
 [0.7   0.167 0.033 0.1  ]
 [0.275 0.003 0.694 0.028]
 [0.077 0.077 0.337 0.51 ]]
Validation acc: 0.8671016483516484
Validation class_accuracies: [0.9228547854785478, 0.16666666666666666, 0.6944444444444444, 0.5096153846153846]
Validation sensitivity: 0.5901639344262295
Validation specificity: 0.9228547854785478
Validation icbhi_score: 0.7565093599523887
Validation roc_auc: None
Validation avg_accuracy: 0.573395320301261
Validation one_indexed_epoch: 18
Validation cm: [[568 716 180 110]
 [191 613  19  37]
 [116  92 103  93]
 [ 57  55  59  71]]
Validation val_loss: 1.0613806486450452
Validation normalized_cm: [[0.361 0.455 0.114 0.07 ]
 [0.222 0.713 0.022 0.043]
 [0.287 0.228 0.255 0.23 ]
 [0.236 0.227 0.244 0.293]]
Validation acc: 0.43993506493506496
Validation class_accuracies: [0.36086404066073696, 0.7127906976744186, 0.25495049504950495, 0.29338842975206614]
Validation sensitivity: 0.5225763612217795
Validation specificity: 0.36086404066073696
Validation icbhi_score: 0.44172020094125825
Validation roc_auc: None
Validation avg_accuracy: 0.40549841578418166
Validation one_indexed_epoch: 18
-----------------------------
-- New best results were achieved. --
-----------------------------
-----------------------------
The validation tracker metric at 0.48287409447344043 hasn't increased by 0 in 3 epochs
-----------------------------
257/257 - 947s - loss: 0.1111 - accuracy: 0.4800 - 947s/epoch - 4s/step
here
There is no such attribute
here2
Epoch 19/100
Validation cm: [[2170  154   67   33]
 [  36   17    3    4]
 [ 209    8   91   16]
 [  20   23   21   40]]
Validation val_loss: 0.3666705225933695
Validation normalized_cm: [[0.895 0.064 0.028 0.014]
 [0.6   0.283 0.05  0.067]
 [0.645 0.025 0.281 0.049]
 [0.192 0.221 0.202 0.385]]
Validation acc: 0.7960164835164835
Validation class_accuracies: [0.8952145214521452, 0.2833333333333333, 0.2808641975308642, 0.38461538461538464]
Validation sensitivity: 0.30327868852459017
Validation specificity: 0.8952145214521452
Validation icbhi_score: 0.5992466049883677
Validation roc_auc: None
Validation avg_accuracy: 0.46100685923293183
Validation one_indexed_epoch: 19
Validation cm: [[892 477  63 142]
 [386 437   5  32]
 [210  80  42  72]
 [103  44  28  67]]
Validation val_loss: 1.058937260219875
Validation normalized_cm: [[0.567 0.303 0.04  0.09 ]
 [0.449 0.508 0.006 0.037]
 [0.52  0.198 0.104 0.178]
 [0.426 0.182 0.116 0.277]]
Validation acc: 0.4668831168831169
Validation class_accuracies: [0.5667090216010165, 0.5081395348837209, 0.10396039603960396, 0.2768595041322314]
Validation sensitivity: 0.36254980079681276
Validation specificity: 0.5667090216010165
Validation icbhi_score: 0.46462941119891465
Validation roc_auc: None
Validation avg_accuracy: 0.36391711416414324
Validation one_indexed_epoch: 19
-----------------------------
The validation tracker metric at 0.7565093599523887 hasn't increased by 0 in 1 epochs
-----------------------------
-----------------------------
The validation tracker metric at 0.48287409447344043 hasn't increased by 0 in 4 epochs
-----------------------------
257/257 - 993s - loss: 0.1030 - accuracy: 0.4950 - 993s/epoch - 4s/step
here
There is no such attribute
here2
Epoch 20/100
Validation cm: [[2039   49  312   24]
 [  34   13    7    6]
 [  72    1  239   12]
 [  15   11   44   34]]
Validation val_loss: 0.33688204517225845
Validation normalized_cm: [[0.841 0.02  0.129 0.01 ]
 [0.567 0.217 0.117 0.1  ]
 [0.222 0.003 0.738 0.037]
 [0.144 0.106 0.423 0.327]]
Validation acc: 0.7984203296703297
Validation class_accuracies: [0.8411716171617162, 0.21666666666666667, 0.7376543209876543, 0.3269230769230769]
Validation sensitivity: 0.5860655737704918
Validation specificity: 0.8411716171617162
Validation icbhi_score: 0.7136185954661041
Validation roc_auc: None
Validation avg_accuracy: 0.5306039204347786
Validation one_indexed_epoch: 20
Validation cm: [[441 823 243  67]
 [116 680  32  32]
 [ 90 112 147  55]
 [ 57  57  84  44]]
Validation val_loss: 1.165505102531016
Validation normalized_cm: [[0.28  0.523 0.154 0.043]
 [0.135 0.791 0.037 0.037]
 [0.223 0.277 0.364 0.136]
 [0.236 0.236 0.347 0.182]]
Validation acc: 0.42597402597402595
Validation class_accuracies: [0.28017789072426935, 0.7906976744186046, 0.36386138613861385, 0.18181818181818182]
Validation sensitivity: 0.5783532536520585
Validation specificity: 0.28017789072426935
Validation icbhi_score: 0.4292655721881639
Validation roc_auc: None
Validation avg_accuracy: 0.4041387832749174
Validation one_indexed_epoch: 20
-----------------------------
The validation tracker metric at 0.7565093599523887 hasn't increased by 0 in 2 epochs
-----------------------------
-----------------------------
The validation tracker metric at 0.48287409447344043 hasn't increased by 0 in 5 epochs
-----------------------------
257/257 - 941s - loss: 0.1018 - accuracy: 0.4830 - 941s/epoch - 4s/step
here
There is no such attribute
here2
Epoch 21/100
Validation cm: [[2283   55   66   20]
 [  43   14    0    3]
 [  96    3  210   15]
 [  15   15   29   45]]
Validation val_loss: 0.2993177789532935
Validation normalized_cm: [[0.942 0.023 0.027 0.008]
 [0.717 0.233 0.    0.05 ]
 [0.296 0.009 0.648 0.046]
 [0.144 0.144 0.279 0.433]]
Validation acc: 0.8763736263736264
Validation class_accuracies: [0.9418316831683168, 0.23333333333333334, 0.6481481481481481, 0.4326923076923077]
Validation sensitivity: 0.5512295081967213
Validation specificity: 0.9418316831683168
