Tensorflow Version: 2.8.0
Num GPUs Available:  1
Collecting Variables...
All variables have been collected.
../cache/
cw
train218
Description: kfold with all data
-----------------------
training parameters
[('cache_root', '../cache/'), ('data_root', '../data/'), ('jordan_root', '../data/jwyy9np4gv-3/'), ('icbhi_root', '../data/raw_audios/icbhi_preprocessed_v2_8000/'), ('bd_root', '../data/PCV_SEGMENTED_Processed_Files/'), ('excel_path', '../data/Bangladesh_PCV_onlyStudyPatients.xlsx'), ('perch_root', '../data/raw_audios/perch_8000_10seconds'), ('ant_root', '../data/raw_audios/Antwerp_Clinical_Complete'), ('description', 'kfold with all data'), ('job_id', 0), ('mode', 'cw'), ('n_classes', 2), ('shape', (80, 200, 3)), ('n_epochs', 100), ('lr', 0.005), ('batch_size', 64), ('ll2_reg', 0), ('weight_decay', 0.0001), ('label_smoothing', 0), ('epsilon', 1e-07), ('es_patience', 13), ('min_delta', 0), ('train_test_ratio', 0.8), ('kfold', True), ('clause', 0), ('epoch_start', 0), ('testing', 0), ('adaptive_lr', True), ('cuberooting', 1), ('normalizing', 1), ('class_weights', True), ('early_stopping', True), ('initial_channels', 1), ('factor', 0.25), ('lr_patience', 6), ('min_lr', 1e-05), ('sr', 8000), ('audio_length', 5), ('step_size', 2.5), ('n_fft', 2048), ('hop_length', 254), ('n_mels', 128), ('overlap_threshold', 0.3), ('trainable_fb', False), ('to_decibel', True), ('train_nn', False), ('train_mel', False), ('file_dir', '../cache/cw/train218'), ('n_sequences', 9), ('activate_spectral_loss', False), ('normalize', False), ('stacking', False), ('oversample', False), ('one_hot_encoding', False), ('activation', 'sigmoid'), ('n_filters', 80), ('code', -1), ('distillation', False), ('viz_count', 5), ('window_len', 100), ('window_stride', 25)]
Job id is 1.
Job dir: ../cache/cw/train218/1
- Loading Perch.
3278 Perch audios have been loaded.
- Loading Icbhi.
920 Icbhi audios have been loaded.
- Loading Antwerp.
131 Antwerp audios have been loaded.
- Preparing Perch.
862 Perch groups of audio chunks (by filename or patients) have been prepared.
- Preparing Icbhi.
126 Icbhi groups of audio chunks (by filename or patients) have been prepared.
- Preparing Antwerp.
15 Antwerp groups of audio chunks (by filename or patients) have been prepared.
--- Samples are being split into training/val groups and de-grouped by patient ---
Job id is 2.
len of icbhi
7857
len of train icbhi
4769
len of val icbhi
3080
before icbhi addition
11647
after icbhi addition
16416
-----------------------
--- Final training dataset went from 0 to 16416 elements, with 11726 none's, 1637 crakles, 2096 wheezes and 957 both ---
--- Final Validation dataset contains 2912 elements, with 2424 none, 60 crackles, 324 wheezes and 104 both ---
Initializing weights...
weights = {0: 0.3499914719426915, 1: 2.5070250458155163, 2: 1.9580152671755726, 3: 4.2884012539184955}
Model: "sequential"
_________________________________________________________________
 Layer (type)                Output Shape              Param #   
=================================================================
 resnet50 (Functional)       (None, 3, 7, 2048)        23587712  
                                                                 
 global_average_pooling2d (G  (None, 2048)             0         
 lobalAveragePooling2D)                                          
                                                                 
 dense (Dense)               (None, 100)               204900    
                                                                 
 dropout (Dropout)           (None, 100)               0         
                                                                 
 dense_1 (Dense)             (None, 50)                5050      
                                                                 
 dropout_1 (Dropout)         (None, 50)                0         
                                                                 
 dense_2 (Dense)             (None, 2)                 102       
                                                                 
=================================================================
Total params: 23,797,764
Trainable params: 23,744,644
Non-trainable params: 53,120
_________________________________________________________________
Model: "leaf_pretrained"
______________________________________________________________________________________________________________
 Layer (type)                                    Output Shape                                Param #          
==============================================================================================================
 mel_filterbanks (MelFilterbanks)                multiple                                    0                
                                                                                                              
 sequential (Sequential)                         (None, 2)                                   23797764         
                                                                                                              
==============================================================================================================
Total params: 23,797,764
Trainable params: 23,744,644
Non-trainable params: 53,120
______________________________________________________________________________________________________________
Target metric is icbhi_score
Target metric is icbhi_score
here
There is no such attribute
here2
Epoch 1/100
Validation cm: [[2351   57   10    6]
 [  59    1    0    0]
 [ 183   44   66   31]
 [  47   34   13   10]]
Validation val_loss: 0.3712114851403205
Validation normalized_cm: [[0.97  0.024 0.004 0.002]
 [0.983 0.017 0.    0.   ]
 [0.565 0.136 0.204 0.096]
 [0.452 0.327 0.125 0.096]]
Validation acc: 0.8337912087912088
Validation class_accuracies: [0.9698844884488449, 0.016666666666666666, 0.2037037037037037, 0.09615384615384616]
Validation sensitivity: 0.15778688524590165
Validation specificity: 0.9698844884488449
Validation icbhi_score: 0.5638356868473733
Validation roc_auc: None
Validation avg_accuracy: 0.32160217624326537
Validation one_indexed_epoch: 1
Validation cm: [[1180  357   30    7]
 [ 642  213    5    0]
 [ 289   98   13    4]
 [ 148   79   14    1]]
Validation val_loss: 0.6005363274486615
Validation normalized_cm: [[0.75  0.227 0.019 0.004]
 [0.747 0.248 0.006 0.   ]
 [0.715 0.243 0.032 0.01 ]
 [0.612 0.326 0.058 0.004]]
Validation acc: 0.45681818181818185
Validation class_accuracies: [0.7496823379923762, 0.24767441860465117, 0.03217821782178218, 0.004132231404958678]
Validation sensitivity: 0.150730411686587
Validation specificity: 0.7496823379923762
Validation icbhi_score: 0.45020637483948156
Validation roc_auc: None
Validation avg_accuracy: 0.2584168014559421
Validation one_indexed_epoch: 1
-----------------------------
-- New best results were achieved. --
-----------------------------
-----------------------------
-- New best results were achieved. --
-----------------------------
257/257 - 522s - loss: 0.5909 - accuracy: 0.4841 - 522s/epoch - 2s/step
here
There is no such attribute
here2
Epoch 2/100
Validation cm: [[2411    4    8    1]
 [  60    0    0    0]
 [ 280    0   42    2]
 [  73    8    9   14]]
Validation val_loss: 0.2593676349051623
Validation normalized_cm: [[9.946e-01 1.650e-03 3.300e-03 4.125e-04]
 [1.000e+00 0.000e+00 0.000e+00 0.000e+00]
 [8.642e-01 0.000e+00 1.296e-01 6.173e-03]
 [7.019e-01 7.692e-02 8.654e-02 1.346e-01]]
Validation acc: 0.8471840659340659
Validation class_accuracies: [0.9946369636963697, 0.0, 0.12962962962962962, 0.1346153846153846]
Validation sensitivity: 0.11475409836065574
Validation specificity: 0.9946369636963697
Validation icbhi_score: 0.5546955310285127
Validation roc_auc: None
Validation avg_accuracy: 0.31472049448534595
Validation one_indexed_epoch: 2
Validation cm: [[1392  100   52   30]
 [ 783   69    4    4]
 [ 353   34   12    5]
 [ 209   25    3    5]]
Validation val_loss: 0.6096958601399772
Validation normalized_cm: [[0.884 0.064 0.033 0.019]
 [0.91  0.08  0.005 0.005]
 [0.874 0.084 0.03  0.012]
 [0.864 0.103 0.012 0.021]]
Validation acc: 0.4798701298701299
Validation class_accuracies: [0.8843710292249047, 0.08023255813953488, 0.0297029702970297, 0.02066115702479339]
Validation sensitivity: 0.057104913678618856
Validation specificity: 0.8843710292249047
Validation icbhi_score: 0.47073797145176177
Validation roc_auc: None
Validation avg_accuracy: 0.2537419286715657
Validation one_indexed_epoch: 2
-----------------------------
The validation tracker metric at 0.5638356868473733 hasn't increased by 0 in 1 epochs
-----------------------------
-----------------------------
-- New best results were achieved. --
-----------------------------
257/257 - 524s - loss: 0.4633 - accuracy: 0.5352 - 524s/epoch - 2s/step
here
There is no such attribute
here2
Epoch 3/100
Validation cm: [[2055    8  349   12]
 [  40    6    9    5]
 [  55    0  269    0]
 [   9    2   57   36]]
Validation val_loss: 0.31344371397392534
Validation normalized_cm: [[0.848 0.003 0.144 0.005]
 [0.667 0.1   0.15  0.083]
 [0.17  0.    0.83  0.   ]
 [0.087 0.019 0.548 0.346]]
Validation acc: 0.8125
Validation class_accuracies: [0.8477722772277227, 0.1, 0.8302469135802469, 0.34615384615384615]
Validation sensitivity: 0.6372950819672131
Validation specificity: 0.8477722772277227
Validation icbhi_score: 0.742533679597468
Validation roc_auc: None
Validation avg_accuracy: 0.5310432592404539
Validation one_indexed_epoch: 3
Validation cm: [[696 317 403 158]
 [263 242 146 209]
 [ 93  27 236  48]
 [ 54  19 113  56]]
Validation val_loss: 0.8829786706737273
Validation normalized_cm: [[0.442 0.201 0.256 0.1  ]
 [0.306 0.281 0.17  0.243]
 [0.23  0.067 0.584 0.119]
 [0.223 0.079 0.467 0.231]]
Validation acc: 0.39935064935064934
Validation class_accuracies: [0.44218551461245237, 0.2813953488372093, 0.5841584158415841, 0.23140495867768596]
Validation sensitivity: 0.3545816733067729
Validation specificity: 0.44218551461245237
Validation icbhi_score: 0.39838359395961265
Validation roc_auc: None
Validation avg_accuracy: 0.384786059492233
Validation one_indexed_epoch: 3
-----------------------------
-- New best results were achieved. --
-----------------------------
-----------------------------
The validation tracker metric at 0.47073797145176177 hasn't increased by 0 in 1 epochs
-----------------------------
257/257 - 526s - loss: 0.4025 - accuracy: 0.5221 - 526s/epoch - 2s/step
here
There is no such attribute
here2
Epoch 4/100
Validation cm: [[1721   70  340  293]
 [  20    3    6   31]
 [  45    6  215   58]
 [   3    0   46   55]]
Validation val_loss: 0.6553878464472597
Validation normalized_cm: [[0.71  0.029 0.14  0.121]
 [0.333 0.05  0.1   0.517]
 [0.139 0.019 0.664 0.179]
 [0.029 0.    0.442 0.529]]
Validation acc: 0.6847527472527473
Validation class_accuracies: [0.709983498349835, 0.05, 0.6635802469135802, 0.5288461538461539]
Validation sensitivity: 0.5594262295081968
Validation specificity: 0.709983498349835
Validation icbhi_score: 0.6347048639290158
Validation roc_auc: None
Validation avg_accuracy: 0.4881024747773922
Validation one_indexed_epoch: 4
Validation cm: [[413 352 647 162]
 [175 281 300 104]
 [ 23  31 303  47]
 [ 27  18 163  34]]
Validation val_loss: 1.09092009106149
Validation normalized_cm: [[0.262 0.224 0.411 0.103]
 [0.203 0.327 0.349 0.121]
 [0.057 0.077 0.75  0.116]
 [0.112 0.074 0.674 0.14 ]]
Validation acc: 0.3347402597402597
Validation class_accuracies: [0.2623888182973316, 0.3267441860465116, 0.75, 0.14049586776859505]
Validation sensitivity: 0.4103585657370518
Validation specificity: 0.2623888182973316
Validation icbhi_score: 0.3363736920171917
Validation roc_auc: None
Validation avg_accuracy: 0.36990721802810955
Validation one_indexed_epoch: 4
-----------------------------
The validation tracker metric at 0.742533679597468 hasn't increased by 0 in 1 epochs
-----------------------------
-----------------------------
The validation tracker metric at 0.47073797145176177 hasn't increased by 0 in 2 epochs
-----------------------------
257/257 - 520s - loss: 0.3430 - accuracy: 0.4942 - 520s/epoch - 2s/step
here
There is no such attribute
here2
Epoch 5/100
Validation cm: [[2307   10   90   17]
 [  48   10    2    0]
 [ 217    5   83   19]
 [  18    2   34   50]]
Validation val_loss: 0.2386923997055768
Validation normalized_cm: [[0.952 0.004 0.037 0.007]
 [0.8   0.167 0.033 0.   ]
 [0.67  0.015 0.256 0.059]
 [0.173 0.019 0.327 0.481]]
Validation acc: 0.8413461538461539
Validation class_accuracies: [0.9517326732673267, 0.16666666666666666, 0.25617283950617287, 0.4807692307692308]
Validation sensitivity: 0.2930327868852459
Validation specificity: 0.9517326732673267
Validation icbhi_score: 0.6223827300762863
Validation roc_auc: None
Validation avg_accuracy: 0.46383535255234926
Validation one_indexed_epoch: 5
Validation cm: [[842  67 661   4]
 [358 136 362   4]
 [142   0 261   1]
 [ 89   1 147   5]]
Validation val_loss: 0.9791941979755523
Validation normalized_cm: [[0.535 0.043 0.42  0.003]
 [0.416 0.158 0.421 0.005]
 [0.351 0.    0.646 0.002]
 [0.368 0.004 0.607 0.021]]
Validation acc: 0.4038961038961039
Validation class_accuracies: [0.5349428208386277, 0.15813953488372093, 0.6460396039603961, 0.02066115702479339]
Validation sensitivity: 0.26693227091633465
Validation specificity: 0.5349428208386277
Validation icbhi_score: 0.40093754587748115
Validation roc_auc: None
Validation avg_accuracy: 0.3399457791768845
Validation one_indexed_epoch: 5
-----------------------------
The validation tracker metric at 0.742533679597468 hasn't increased by 0 in 2 epochs
-----------------------------
-----------------------------
The validation tracker metric at 0.47073797145176177 hasn't increased by 0 in 3 epochs
-----------------------------
257/257 - 517s - loss: 0.2844 - accuracy: 0.5044 - 517s/epoch - 2s/step
here
There is no such attribute
here2
Epoch 6/100
Validation cm: [[1934  119  346   25]
 [  29   15    7    9]
 [  56    7  259    2]
 [   6    2   60   36]]
Validation val_loss: 0.3396226274006469
Validation normalized_cm: [[0.798 0.049 0.143 0.01 ]
 [0.483 0.25  0.117 0.15 ]
 [0.173 0.022 0.799 0.006]
 [0.058 0.019 0.577 0.346]]
Validation acc: 0.7706043956043956
Validation class_accuracies: [0.7978547854785478, 0.25, 0.7993827160493827, 0.34615384615384615]
Validation sensitivity: 0.6352459016393442
Validation specificity: 0.7978547854785478
Validation icbhi_score: 0.716550343558946
Validation roc_auc: None
Validation avg_accuracy: 0.5483478369204442
Validation one_indexed_epoch: 6
Validation cm: [[474 240 718 142]
 [228 296 226 110]
 [ 46  13 268  77]
 [ 30   9 153  50]]
Validation val_loss: 0.9783626350092659
Validation normalized_cm: [[0.301 0.152 0.456 0.09 ]
 [0.265 0.344 0.263 0.128]
 [0.114 0.032 0.663 0.191]
 [0.124 0.037 0.632 0.207]]
Validation acc: 0.35324675324675325
Validation class_accuracies: [0.301143583227446, 0.34418604651162793, 0.6633663366336634, 0.2066115702479339]
Validation sensitivity: 0.4077025232403719
Validation specificity: 0.301143583227446
Validation icbhi_score: 0.35442305323390894
Validation roc_auc: None
Validation avg_accuracy: 0.3788268841551678
Validation one_indexed_epoch: 6
-----------------------------
The validation tracker metric at 0.742533679597468 hasn't increased by 0 in 3 epochs
-----------------------------
-----------------------------
The validation tracker metric at 0.47073797145176177 hasn't increased by 0 in 4 epochs
-----------------------------
257/257 - 513s - loss: 0.2519 - accuracy: 0.4747 - 513s/epoch - 2s/step
here
There is no such attribute
here2
Epoch 7/100
Validation cm: [[1826  349   55  194]
 [  18   20    0   22]
 [ 113   23  144   44]
 [   6    5   55   38]]
Validation val_loss: 0.6922800775001611
Validation normalized_cm: [[0.753 0.144 0.023 0.08 ]
 [0.3   0.333 0.    0.367]
 [0.349 0.071 0.444 0.136]
 [0.058 0.048 0.529 0.365]]
Validation acc: 0.6964285714285714
Validation class_accuracies: [0.7533003300330033, 0.3333333333333333, 0.4444444444444444, 0.36538461538461536]
Validation sensitivity: 0.4139344262295082
Validation specificity: 0.7533003300330033
Validation icbhi_score: 0.5836173781312558
Validation roc_auc: None
Validation avg_accuracy: 0.47411568079884914
Validation one_indexed_epoch: 7
Validation cm: [[590 693 185 106]
 [227 604  12  17]
 [154 128  77  45]
 [ 92  74  31  45]]
Validation val_loss: 0.8257361925773682
Validation normalized_cm: [[0.375 0.44  0.118 0.067]
 [0.264 0.702 0.014 0.02 ]
 [0.381 0.317 0.191 0.111]
 [0.38  0.306 0.128 0.186]]
Validation acc: 0.42727272727272725
Validation class_accuracies: [0.3748411689961881, 0.7023255813953488, 0.1905940594059406, 0.1859504132231405]
Validation sensitivity: 0.4820717131474104
Validation specificity: 0.3748411689961881
Validation icbhi_score: 0.42845644107179925
Validation roc_auc: None
Validation avg_accuracy: 0.3634278057551545
Validation one_indexed_epoch: 7
-----------------------------
The validation tracker metric at 0.742533679597468 hasn't increased by 0 in 4 epochs
-----------------------------
-----------------------------
The validation tracker metric at 0.47073797145176177 hasn't increased by 0 in 5 epochs
-----------------------------
257/257 - 510s - loss: 0.2249 - accuracy: 0.4732 - 510s/epoch - 2s/step
here
There is no such attribute
here2
Epoch 8/100
Validation cm: [[2296    9   99   20]
 [  48    8    4    0]
 [ 109    1  212    2]
 [  23    3   69    9]]
Validation val_loss: 0.30078692858200134
Validation normalized_cm: [[0.947 0.004 0.041 0.008]
 [0.8   0.133 0.067 0.   ]
 [0.336 0.003 0.654 0.006]
 [0.221 0.029 0.663 0.087]]
Validation acc: 0.8671016483516484
Validation class_accuracies: [0.9471947194719472, 0.13333333333333333, 0.654320987654321, 0.08653846153846154]
Validation sensitivity: 0.4692622950819672
Validation specificity: 0.9471947194719472
Validation icbhi_score: 0.7082285072769572
Validation roc_auc: None
Validation avg_accuracy: 0.45534687549951575
Validation one_indexed_epoch: 8
Validation cm: [[879 337 350   8]
 [371 433  52   4]
 [140  65 193   6]
 [ 85  29 121   7]]
Validation val_loss: 0.8757870859115121
Validation normalized_cm: [[0.558 0.214 0.222 0.005]
 [0.431 0.503 0.06  0.005]
 [0.347 0.161 0.478 0.015]
 [0.351 0.12  0.5   0.029]]
Validation acc: 0.4909090909090909
Validation class_accuracies: [0.5584498094027954, 0.5034883720930232, 0.4777227722772277, 0.028925619834710745]
Validation sensitivity: 0.4203187250996016
Validation specificity: 0.5584498094027954
Validation icbhi_score: 0.48938426725119855
Validation roc_auc: None
Validation avg_accuracy: 0.3921466434019393
Validation one_indexed_epoch: 8
-----------------------------
The validation tracker metric at 0.742533679597468 hasn't increased by 0 in 5 epochs
-----------------------------
-----------------------------
-- New best results were achieved. --
-----------------------------
257/257 - 508s - loss: 0.1923 - accuracy: 0.4779 - 508s/epoch - 2s/step
here
There is no such attribute
here2
Epoch 9/100
Validation cm: [[2251   26  123   24]
 [  42   14    2    2]
 [ 102    3  193   26]
 [  11    5   54   34]]
Validation val_loss: 0.30698744101293196
Validation normalized_cm: [[0.929 0.011 0.051 0.01 ]
 [0.7   0.233 0.033 0.033]
 [0.315 0.009 0.596 0.08 ]
 [0.106 0.048 0.519 0.327]]
Validation acc: 0.8557692307692307
Validation class_accuracies: [0.9286303630363036, 0.23333333333333334, 0.595679012345679, 0.3269230769230769]
Validation sensitivity: 0.49385245901639346
Validation specificity: 0.9286303630363036
Validation icbhi_score: 0.7112414110263485
Validation roc_auc: None
Validation avg_accuracy: 0.5211414464095983
Validation one_indexed_epoch: 9
Validation cm: [[485 433 468 188]
 [144 398 110 208]
 [ 27  39 242  96]
 [ 18  28 136  60]]
Validation val_loss: 0.9816253379970258
Validation normalized_cm: [[0.308 0.275 0.297 0.119]
 [0.167 0.463 0.128 0.242]
 [0.067 0.097 0.599 0.238]
 [0.074 0.116 0.562 0.248]]
Validation acc: 0.3847402597402597
Validation class_accuracies: [0.30813214739517153, 0.4627906976744186, 0.599009900990099, 0.24793388429752067]
Validation sensitivity: 0.4648074369189907
Validation specificity: 0.30813214739517153
Validation icbhi_score: 0.3864697921570811
Validation roc_auc: None
Validation avg_accuracy: 0.40446665758930245
Validation one_indexed_epoch: 9
-----------------------------
The validation tracker metric at 0.742533679597468 hasn't increased by 0 in 6 epochs
Lr has been adjusted to 0.0012499999720603228
-----------------------------
-----------------------------
The validation tracker metric at 0.48938426725119855 hasn't increased by 0 in 1 epochs
-----------------------------
257/257 - 508s - loss: 0.1591 - accuracy: 0.4675 - 508s/epoch - 2s/step
here
There is no such attribute
here2
Epoch 10/100
Validation cm: [[2151    5  242   26]
 [  44    7    7    2]
 [  57    0  263    4]
 [   7    3   47   47]]
Validation val_loss: 0.33087584888739957
Validation normalized_cm: [[0.887 0.002 0.1   0.011]
 [0.733 0.117 0.117 0.033]
 [0.176 0.    0.812 0.012]
 [0.067 0.029 0.452 0.452]]
Validation acc: 0.8475274725274725
Validation class_accuracies: [0.8873762376237624, 0.11666666666666667, 0.8117283950617284, 0.4519230769230769]
Validation sensitivity: 0.6495901639344263
Validation specificity: 0.8873762376237624
Validation icbhi_score: 0.7684832007790943
Validation roc_auc: None
Validation avg_accuracy: 0.5669235940688087
Validation one_indexed_epoch: 10
Validation cm: [[375 773 282 144]
 [122 650  39  49]
 [ 54  99 127 124]
 [ 22  57  51 112]]
Validation val_loss: 1.0801239812433339
Validation normalized_cm: [[0.238 0.491 0.179 0.091]
 [0.142 0.756 0.045 0.057]
 [0.134 0.245 0.314 0.307]
 [0.091 0.236 0.211 0.463]]
Validation acc: 0.4103896103896104
Validation class_accuracies: [0.23824650571791614, 0.7558139534883721, 0.31435643564356436, 0.4628099173553719]
Validation sensitivity: 0.5903054448871182
Validation specificity: 0.23824650571791614
Validation icbhi_score: 0.4142759753025172
Validation roc_auc: None
Validation avg_accuracy: 0.44280670305130615
Validation one_indexed_epoch: 10
-----------------------------
-- New best results were achieved. --
-----------------------------
-----------------------------
The validation tracker metric at 0.48938426725119855 hasn't increased by 0 in 2 epochs
-----------------------------
257/257 - 503s - loss: 0.1072 - accuracy: 0.4722 - 503s/epoch - 2s/step
here
There is no such attribute
here2
Epoch 11/100
Validation cm: [[2261   19  121   23]
 [  44   10    2    4]
 [  80    0  237    7]
 [   8    5   45   46]]
Validation val_loss: 0.3140166851658527
Validation normalized_cm: [[0.933 0.008 0.05  0.009]
 [0.733 0.167 0.033 0.067]
 [0.247 0.    0.731 0.022]
 [0.077 0.048 0.433 0.442]]
Validation acc: 0.8770604395604396
Validation class_accuracies: [0.9327557755775577, 0.16666666666666666, 0.7314814814814815, 0.4423076923076923]
Validation sensitivity: 0.6004098360655737
Validation specificity: 0.9327557755775577
Validation icbhi_score: 0.7665828058215658
Validation roc_auc: None
Validation avg_accuracy: 0.5683029040083496
Validation one_indexed_epoch: 11
Validation cm: [[843 318 347  66]
 [384 369  74  33]
 [106  36 190  72]
 [ 57  22  90  73]]
Validation val_loss: 1.0047846395183408
Validation normalized_cm: [[0.536 0.202 0.22  0.042]
 [0.447 0.429 0.086 0.038]
 [0.262 0.089 0.47  0.178]
 [0.236 0.091 0.372 0.302]]
Validation acc: 0.4788961038961039
Validation class_accuracies: [0.5355781448538754, 0.4290697674418605, 0.47029702970297027, 0.30165289256198347]
Validation sensitivity: 0.4196547144754316
Validation specificity: 0.5355781448538754
Validation icbhi_score: 0.47761642966465356
Validation roc_auc: None
Validation avg_accuracy: 0.4341494586401724
Validation one_indexed_epoch: 11
-----------------------------
The validation tracker metric at 0.7684832007790943 hasn't increased by 0 in 1 epochs
-----------------------------
-----------------------------
The validation tracker metric at 0.48938426725119855 hasn't increased by 0 in 3 epochs
-----------------------------
257/257 - 503s - loss: 0.0701 - accuracy: 0.4679 - 503s/epoch - 2s/step
here
There is no such attribute
here2
Epoch 12/100
Validation cm: [[2308   16   80   20]
 [  47   11    1    1]
 [  92    0  228    4]
 [  10    5   46   43]]
Validation val_loss: 0.3279909362225004
Validation normalized_cm: [[0.952 0.007 0.033 0.008]
 [0.783 0.183 0.017 0.017]
 [0.284 0.    0.704 0.012]
 [0.096 0.048 0.442 0.413]]
Validation acc: 0.8894230769230769
Validation class_accuracies: [0.9521452145214522, 0.18333333333333332, 0.7037037037037037, 0.41346153846153844]
Validation sensitivity: 0.5778688524590164
Validation specificity: 0.9521452145214522
Validation icbhi_score: 0.7650070334902344
Validation roc_auc: None
Validation avg_accuracy: 0.5631609475050069
Validation one_indexed_epoch: 12
Validation cm: [[584 583 313  94]
 [219 558  45  38]
 [ 67  82 151 104]
 [ 49  39  68  86]]
Validation val_loss: 1.232999432044607
Validation normalized_cm: [[0.371 0.37  0.199 0.06 ]
 [0.255 0.649 0.052 0.044]
 [0.166 0.203 0.374 0.257]
 [0.202 0.161 0.281 0.355]]
Validation acc: 0.44772727272727275
Validation class_accuracies: [0.3710292249047014, 0.6488372093023256, 0.37376237623762376, 0.35537190082644626]
Validation sensitivity: 0.5278884462151394
Validation specificity: 0.3710292249047014
Validation icbhi_score: 0.4494588355599204
Validation roc_auc: None
Validation avg_accuracy: 0.4372501778177742
Validation one_indexed_epoch: 12
-----------------------------
The validation tracker metric at 0.7684832007790943 hasn't increased by 0 in 2 epochs
-----------------------------
-----------------------------
The validation tracker metric at 0.48938426725119855 hasn't increased by 0 in 4 epochs
-----------------------------
257/257 - 503s - loss: 0.0571 - accuracy: 0.4632 - 503s/epoch - 2s/step
here
There is no such attribute
here2
Epoch 13/100
Validation cm: [[2317   19   71   17]
 [  48   10    0    2]
 [  97    1  223    3]
 [  10    8   47   39]]
Validation val_loss: 0.35824692769441363
Validation normalized_cm: [[0.956 0.008 0.029 0.007]
 [0.8   0.167 0.    0.033]
 [0.299 0.003 0.688 0.009]
 [0.096 0.077 0.452 0.375]]
Validation acc: 0.8890796703296703
Validation class_accuracies: [0.9558580858085809, 0.16666666666666666, 0.6882716049382716, 0.375]
Validation sensitivity: 0.5573770491803278
Validation specificity: 0.9558580858085809
Validation icbhi_score: 0.7566175674944544
Validation roc_auc: None
Validation avg_accuracy: 0.5464490893533798
Validation one_indexed_epoch: 13
Validation cm: [[763 400 341  70]
 [289 479  65  27]
 [106  43 182  73]
 [ 62  25  86  69]]
Validation val_loss: 1.149003503193771
Validation normalized_cm: [[0.485 0.254 0.217 0.044]
 [0.336 0.557 0.076 0.031]
 [0.262 0.106 0.45  0.181]
 [0.256 0.103 0.355 0.285]]
Validation acc: 0.48474025974025975
Validation class_accuracies: [0.48475222363405335, 0.5569767441860465, 0.4504950495049505, 0.28512396694214875]
Validation sensitivity: 0.4847277556440903
Validation specificity: 0.48475222363405335
Validation icbhi_score: 0.48473998963907183
Validation roc_auc: None
Validation avg_accuracy: 0.44433699606679977
Validation one_indexed_epoch: 13
-----------------------------
The validation tracker metric at 0.7684832007790943 hasn't increased by 0 in 3 epochs
-----------------------------
-----------------------------
The validation tracker metric at 0.48938426725119855 hasn't increased by 0 in 5 epochs
-----------------------------
257/257 - 502s - loss: 0.0494 - accuracy: 0.4698 - 502s/epoch - 2s/step
here
There is no such attribute
here2
Epoch 14/100
Validation cm: [[2331   17   59   17]
 [  46   11    2    1]
 [ 100    0  219    5]
 [  10    6   46   42]]
Validation val_loss: 0.3612849946957149
Validation normalized_cm: [[0.962 0.007 0.024 0.007]
 [0.767 0.183 0.033 0.017]
 [0.309 0.    0.676 0.015]
 [0.096 0.058 0.442 0.404]]
Validation acc: 0.8938873626373627
Validation class_accuracies: [0.9616336633663366, 0.18333333333333332, 0.6759259259259259, 0.40384615384615385]
Validation sensitivity: 0.5573770491803278
Validation specificity: 0.9616336633663366
Validation icbhi_score: 0.7595053562733323
Validation roc_auc: None
Validation avg_accuracy: 0.5561847691179373
Validation one_indexed_epoch: 14
Validation cm: [[751 469 290  64]
 [290 501  46  23]
 [105  62 165  72]
 [ 58  35  77  72]]
Validation val_loss: 1.3263263739377749
Validation normalized_cm: [[0.477 0.298 0.184 0.041]
 [0.337 0.583 0.053 0.027]
 [0.26  0.153 0.408 0.178]
 [0.24  0.145 0.318 0.298]]
Validation acc: 0.48344155844155845
Validation class_accuracies: [0.4771283354510801, 0.5825581395348837, 0.4084158415841584, 0.2975206611570248]
Validation sensitivity: 0.4900398406374502
Validation specificity: 0.4771283354510801
Validation icbhi_score: 0.4835840880442651
Validation roc_auc: None
Validation avg_accuracy: 0.4414057444317867
Validation one_indexed_epoch: 14
-----------------------------
The validation tracker metric at 0.7684832007790943 hasn't increased by 0 in 4 epochs
-----------------------------
-----------------------------
The validation tracker metric at 0.48938426725119855 hasn't increased by 0 in 6 epochs
Lr has been adjusted to 0.0003124999930150807
-----------------------------
257/257 - 500s - loss: 0.0397 - accuracy: 0.4759 - 500s/epoch - 2s/step
here
There is no such attribute
here2
Epoch 15/100
Validation cm: [[2313   16   78   17]
 [  45   11    2    2]
 [  93    0  227    4]
 [   9    5   47   43]]
Validation val_loss: 0.36991695604144326
Validation normalized_cm: [[0.954 0.007 0.032 0.007]
 [0.75  0.183 0.033 0.033]
 [0.287 0.    0.701 0.012]
 [0.087 0.048 0.452 0.413]]
Validation acc: 0.8907967032967034
Validation class_accuracies: [0.9542079207920792, 0.18333333333333332, 0.7006172839506173, 0.41346153846153844]
Validation sensitivity: 0.5758196721311475
Validation specificity: 0.9542079207920792
Validation icbhi_score: 0.7650137964616133
Validation roc_auc: None
Validation avg_accuracy: 0.5629050191343921
Validation one_indexed_epoch: 15
Validation cm: [[800 398 313  63]
 [311 469  56  24]
 [107  49 175  73]
 [ 65  27  79  71]]
Validation val_loss: 1.3156697191087758
Validation normalized_cm: [[0.508 0.253 0.199 0.04 ]
 [0.362 0.545 0.065 0.028]
 [0.265 0.121 0.433 0.181]
 [0.269 0.112 0.326 0.293]]
Validation acc: 0.49188311688311687
Validation class_accuracies: [0.5082592121982211, 0.5453488372093023, 0.43316831683168316, 0.29338842975206614]
Validation sensitivity: 0.4747675962815405
Validation specificity: 0.5082592121982211
Validation icbhi_score: 0.4915134042398808
Validation roc_auc: None
Validation avg_accuracy: 0.4450411989978182
Validation one_indexed_epoch: 15
-----------------------------
The validation tracker metric at 0.7684832007790943 hasn't increased by 0 in 5 epochs
-----------------------------
-----------------------------
-- New best results were achieved. --
-----------------------------
257/257 - 501s - loss: 0.0337 - accuracy: 0.4705 - 501s/epoch - 2s/step
here
There is no such attribute
here2
Epoch 16/100
Validation cm: [[2309   16   84   15]
 [  46   10    2    2]
 [  92    0  228    4]
 [   9    5   48   42]]
Validation val_loss: 0.3780293040305785
Validation normalized_cm: [[0.953 0.007 0.035 0.006]
 [0.767 0.167 0.033 0.033]
 [0.284 0.    0.704 0.012]
 [0.087 0.048 0.462 0.404]]
Validation acc: 0.8890796703296703
Validation class_accuracies: [0.9525577557755776, 0.16666666666666666, 0.7037037037037037, 0.40384615384615385]
Validation sensitivity: 0.5737704918032787
Validation specificity: 0.9525577557755776
Validation icbhi_score: 0.7631641237894281
Validation roc_auc: None
Validation avg_accuracy: 0.5566935699980254
Validation one_indexed_epoch: 16
Validation cm: [[774 435 303  62]
 [296 487  55  22]
 [109  51 168  76]
 [ 61  28  81  72]]
Validation val_loss: 1.3589607942404989
Validation normalized_cm: [[0.492 0.276 0.193 0.039]
 [0.344 0.566 0.064 0.026]
 [0.27  0.126 0.416 0.188]
 [0.252 0.116 0.335 0.298]]
Validation acc: 0.48733766233766235
Validation class_accuracies: [0.49174078780177893, 0.5662790697674419, 0.4158415841584158, 0.2975206611570248]
Validation sensitivity: 0.48273572377158036
Validation specificity: 0.49174078780177893
Validation icbhi_score: 0.4872382557866797
Validation roc_auc: None
Validation avg_accuracy: 0.4428455257211653
Validation one_indexed_epoch: 16
-----------------------------
The validation tracker metric at 0.7684832007790943 hasn't increased by 0 in 6 epochs
Lr has been adjusted to 7.812499825377017e-05
-----------------------------
-----------------------------
The validation tracker metric at 0.4915134042398808 hasn't increased by 0 in 1 epochs
-----------------------------
257/257 - 505s - loss: 0.0310 - accuracy: 0.4703 - 505s/epoch - 2s/step
here
There is no such attribute
here2
Epoch 17/100
Validation cm: [[2314   15   81   14]
 [  47    9    2    2]
 [  94    0  225    5]
 [   9    5   48   42]]
Validation val_loss: 0.3744787509391578
Validation normalized_cm: [[0.955 0.006 0.033 0.006]
 [0.783 0.15  0.033 0.033]
 [0.29  0.    0.694 0.015]
 [0.087 0.048 0.462 0.404]]
Validation acc: 0.8894230769230769
Validation class_accuracies: [0.9546204620462047, 0.15, 0.6944444444444444, 0.40384615384615385]
Validation sensitivity: 0.5655737704918032
Validation specificity: 0.9546204620462047
Validation icbhi_score: 0.760097116269004
Validation roc_auc: None
Validation avg_accuracy: 0.5507277650842007
Validation one_indexed_epoch: 17
Validation cm: [[805 420 290  59]
 [312 478  53  17]
 [112  48 172  72]
 [ 67  27  77  71]]
Validation val_loss: 1.3384261691847716
Validation normalized_cm: [[0.511 0.267 0.184 0.037]
 [0.363 0.556 0.062 0.02 ]
 [0.277 0.119 0.426 0.178]
 [0.277 0.112 0.318 0.293]]
Validation acc: 0.4954545454545455
Validation class_accuracies: [0.51143583227446, 0.5558139534883721, 0.42574257425742573, 0.29338842975206614]
Validation sensitivity: 0.47875166002656044
Validation specificity: 0.51143583227446
Validation icbhi_score: 0.4950937461505102
Validation roc_auc: None
Validation avg_accuracy: 0.44659519744308096
Validation one_indexed_epoch: 17
-----------------------------
The validation tracker metric at 0.7684832007790943 hasn't increased by 0 in 7 epochs
-----------------------------
-----------------------------
-- New best results were achieved. --
-----------------------------
257/257 - 505s - loss: 0.0304 - accuracy: 0.4695 - 505s/epoch - 2s/step
here
There is no such attribute
here2
Epoch 18/100
Validation cm: [[2312   14   84   14]
 [  47    9    2    2]
 [  94    0  225    5]
 [   9    5   48   42]]
Validation val_loss: 0.37485699388950094
Validation normalized_cm: [[0.954 0.006 0.035 0.006]
 [0.783 0.15  0.033 0.033]
 [0.29  0.    0.694 0.015]
 [0.087 0.048 0.462 0.404]]
Validation acc: 0.8887362637362637
Validation class_accuracies: [0.9537953795379538, 0.15, 0.6944444444444444, 0.40384615384615385]
Validation sensitivity: 0.5655737704918032
Validation specificity: 0.9537953795379538
Validation icbhi_score: 0.7596845750148785
Validation roc_auc: None
Validation avg_accuracy: 0.550521494457138
Validation one_indexed_epoch: 18
Validation cm: [[808 401 306  59]
 [324 462  55  19]
 [112  46 172  74]
 [ 66  24  80  72]]
Validation val_loss: 1.3621410876158822
Validation normalized_cm: [[0.513 0.255 0.194 0.037]
 [0.377 0.537 0.064 0.022]
 [0.277 0.114 0.426 0.183]
 [0.273 0.099 0.331 0.298]]
Validation acc: 0.4915584415584416
Validation class_accuracies: [0.5133418043202033, 0.5372093023255814, 0.42574257425742573, 0.2975206611570248]
Validation sensitivity: 0.46879150066401065
Validation specificity: 0.5133418043202033
Validation icbhi_score: 0.49106665249210696
Validation roc_auc: None
Validation avg_accuracy: 0.44345358551505876
Validation one_indexed_epoch: 18
-----------------------------
The validation tracker metric at 0.7684832007790943 hasn't increased by 0 in 8 epochs
-----------------------------
-----------------------------
The validation tracker metric at 0.4950937461505102 hasn't increased by 0 in 1 epochs
-----------------------------
257/257 - 503s - loss: 0.0293 - accuracy: 0.4698 - 503s/epoch - 2s/step
here
There is no such attribute
here2
Epoch 19/100
Validation cm: [[2319   14   76   15]
 [  46   10    2    2]
 [  98    0  221    5]
 [   9    5   48   42]]
Validation val_loss: 0.37457818402481996
Validation normalized_cm: [[0.957 0.006 0.031 0.006]
 [0.767 0.167 0.033 0.033]
 [0.302 0.    0.682 0.015]
 [0.087 0.048 0.462 0.404]]
Validation acc: 0.8901098901098901
Validation class_accuracies: [0.9566831683168316, 0.16666666666666666, 0.6820987654320988, 0.40384615384615385]
Validation sensitivity: 0.5594262295081968
Validation specificity: 0.9566831683168316
Validation icbhi_score: 0.7580546989125142
Validation roc_auc: None
Validation avg_accuracy: 0.5523236885654377
Validation one_indexed_epoch: 19
Validation cm: [[838 392 288  56]
 [335 456  51  18]
 [118  46 173  67]
 [ 71  24  78  69]]
Validation val_loss: 1.3626384012077581
Validation normalized_cm: [[0.532 0.249 0.183 0.036]
 [0.39  0.53  0.059 0.021]
 [0.292 0.114 0.428 0.166]
 [0.293 0.099 0.322 0.285]]
Validation acc: 0.4987012987012987
Validation class_accuracies: [0.5324015247776366, 0.5302325581395348, 0.4282178217821782, 0.28512396694214875]
Validation sensitivity: 0.4634794156706507
Validation specificity: 0.5324015247776366
Validation icbhi_score: 0.49794047022414367
Validation roc_auc: None
Validation avg_accuracy: 0.4439939679103746
Validation one_indexed_epoch: 19
-----------------------------
The validation tracker metric at 0.7684832007790943 hasn't increased by 0 in 9 epochs
-----------------------------
-----------------------------
-- New best results were achieved. --
-----------------------------
257/257 - 502s - loss: 0.0282 - accuracy: 0.4720 - 502s/epoch - 2s/step
here
There is no such attribute
here2
Epoch 20/100
Validation cm: [[2315   14   80   15]
 [  47    9    2    2]
 [  98    0  221    5]
 [   9    5   48   42]]
Validation val_loss: 0.3757592942280178
Validation normalized_cm: [[0.955 0.006 0.033 0.006]
 [0.783 0.15  0.033 0.033]
 [0.302 0.    0.682 0.015]
 [0.087 0.048 0.462 0.404]]
Validation acc: 0.8883928571428571
Validation class_accuracies: [0.95503300330033, 0.15, 0.6820987654320988, 0.40384615384615385]
Validation sensitivity: 0.5573770491803278
Validation specificity: 0.95503300330033
Validation icbhi_score: 0.7562050262403289
Validation roc_auc: None
Validation avg_accuracy: 0.5477444806446456
Validation one_indexed_epoch: 20
Validation cm: [[812 409 292  61]
 [308 476  56  20]
 [109  51 169  75]
 [ 66  26  77  73]]
Validation val_loss: 1.3794367372117662
Validation normalized_cm: [[0.516 0.26  0.186 0.039]
 [0.358 0.553 0.065 0.023]
 [0.27  0.126 0.418 0.186]
 [0.273 0.107 0.318 0.302]]
Validation acc: 0.4967532467532468
Validation class_accuracies: [0.5158831003811944, 0.5534883720930233, 0.4183168316831683, 0.30165289256198347]
Validation sensitivity: 0.4767596281540505
Validation specificity: 0.5158831003811944
Validation icbhi_score: 0.49632136426762247
Validation roc_auc: None
Validation avg_accuracy: 0.4473352991798424
Validation one_indexed_epoch: 20
-----------------------------
The validation tracker metric at 0.7684832007790943 hasn't increased by 0 in 10 epochs
-----------------------------
-----------------------------
The validation tracker metric at 0.49794047022414367 hasn't increased by 0 in 1 epochs
-----------------------------
257/257 - 501s - loss: 0.0288 - accuracy: 0.4666 - 501s/epoch - 2s/step
here
There is no such attribute
here2
Epoch 21/100
Validation cm: [[2318   14   78   14]
 [  46   10    2    2]
 [  98    0  221    5]
 [   9    5   48   42]]
Validation val_loss: 0.37524938310907197
Validation normalized_cm: [[0.956 0.006 0.032 0.006]
 [0.767 0.167 0.033 0.033]
 [0.302 0.    0.682 0.015]
 [0.087 0.048 0.462 0.404]]
Validation acc: 0.8897664835164835
