Validation cm: [[  0 740   0   0]
 [  0  92   0   0]
 [  0  77   0   0]
 [  0 130   0   0]]
Validation normalized_cm: [[0. 1. 0. 0.]
 [0. 1. 0. 0.]
 [0. 1. 0. 0.]
 [0. 1. 0. 0.]]
Validation acc: 0.08854667949951876
Validation class_accuracies: [0.0, 1.0, 0.0, 0.0]
Validation precision: None
Validation recall: None
Validation f1: None
Validation roc_auc: None
Validation avg_accuracy: 0.25
Validation one_indexed_epoch: 1
Tensorflow Version: 2.7.1
Num GPUs Available:  1
Collecting Variables...
All variables have been collected.
../cache/
cw
train36
-----------------------
Job id is 1.
- Loading Perch.
3278 Perch audios have been loaded.
- Loading Icbhi.
725 Icbhi audios have been loaded.
- Loading Antwerp.
131 Antwerp audios have been loaded.
- Preparing Perch.
862 Perch groups of audio chunks (by filename or patients) have been prepared.
- Preparing Icbhi.
112 Icbhi groups of audio chunks (by filename or patients) have been prepared.
- Preparing Antwerp.
15 Antwerp groups of audio chunks (by filename or patients) have been prepared.
--- Samples are being split into training/val groups and de-grouped by patient ---
--- Perch training dataset went from 0 to 2649 elements, with 2346 none's, 61 crakles, 186 wheezes and 56 both ---
--- Perch Validation dataset contains 629 elements, with 551 none, 12 crackles, 54 wheezes and 12 both ---
--- Icbhi training dataset went from 0 to 2040 elements, with 707 none's, 720 crakles, 285 wheezes and 327 both ---
--- Icbhi Validation dataset contains 299 elements, with 172 none, 70 crackles, 18 wheezes and 39 both ---
--- Antwerp training dataset went from 0 to 580 elements, with 82 none's, 16 crakles, 448 wheezes and 34 both ---
--- Antwerp Validation dataset contains 111 elements, with 17 none, 10 crackles, 5 wheezes and 79 both ---
-----------------------
--- Final training dataset went from 0 to 5269 elements, with 3135 none's, 797 crakles, 919 wheezes and 417 both ---
--- Final Validation dataset contains 1039 elements, with 740 none, 92 crackles, 77 wheezes and 130 both ---
Model: "leaf_model9_model"
______________________________________________________________________________________________________________
 Layer (type)                                    Output Shape                                Param #          
==============================================================================================================
 leaf (Leaf)                                     multiple                                    560              
                                                                                                              
 batch_normalization (BatchNormalization)        multiple                                    4                
                                                                                                              
 sequential (Sequential)                         (None, 80, 500, 16)                         2352             
                                                                                                              
 sequential_1 (Sequential)                       (None, 80, 500, 16)                         6448             
                                                                                                              
 sequential_2 (Sequential)                       (None, 80, 500, 16)                         32               
                                                                                                              
 concatenate (Concatenate)                       multiple                                    0                
                                                                                                              
 sequential_3 (Sequential)                       (None, 512)                                 6191296          
                                                                                                              
 dense (Dense)                                   multiple                                    1026             
                                                                                                              
==============================================================================================================
Total params: 6,201,718
Trainable params: 6,160,212
Non-trainable params: 41,506
______________________________________________________________________________________________________________
Target metric is avg_accuracy
Epoch 1/20
[[1. 0.]]
-- New best results were achieved. --
Saving model...
330/330 - 670s - loss: 0.5103 - accuracy: 0.5773 - 670s/epoch - 2s/step
Validation cm: [[554 163  21   2]
 [ 26  55  10   1]
 [ 44  13  18   2]
 [ 18  32  80   0]]
Validation normalized_cm: [[0.749 0.22  0.028 0.003]
 [0.283 0.598 0.109 0.011]
 [0.571 0.169 0.234 0.026]
 [0.138 0.246 0.615 0.   ]]
Validation acc: 0.6034648700673725
Validation class_accuracies: [0.7486486486486487, 0.5978260869565217, 0.23376623376623376, 0.0]
Validation precision: None
Validation recall: None
Validation f1: None
Validation roc_auc: None
Validation avg_accuracy: 0.39506024234285103
Validation one_indexed_epoch: 2
Epoch 2/20
[[0. 0.]]
-- New best results were achieved. --
Saving model...
330/330 - 660s - loss: 0.4051 - accuracy: 0.5870 - 660s/epoch - 2s/step
Validation cm: [[188  16 370 166]
 [ 10   6  17  59]
 [  6   0  30  41]
 [  0   0  66  64]]
Validation normalized_cm: [[0.254 0.022 0.5   0.224]
 [0.109 0.065 0.185 0.641]
 [0.078 0.    0.39  0.532]
 [0.    0.    0.508 0.492]]
Validation acc: 0.27718960538979787
Validation class_accuracies: [0.25405405405405407, 0.06521739130434782, 0.38961038961038963, 0.49230769230769234]
Validation precision: None
Validation recall: None
Validation f1: None
Validation roc_auc: None
Validation avg_accuracy: 0.30029738181912097
Validation one_indexed_epoch: 3
Epoch 3/20
[[0. 1.]]
The validation tracker metric at 0.39506024234285103 hasn't increased by 0 in 1 epochs
330/330 - 646s - loss: 0.3806 - accuracy: 0.6195 - 646s/epoch - 2s/step
Validation cm: [[360  96 215  69]
 [ 15  48  12  17]
 [ 11   3  29  34]
 [  4   6  40  80]]
Validation normalized_cm: [[0.486 0.13  0.291 0.093]
 [0.163 0.522 0.13  0.185]
 [0.143 0.039 0.377 0.442]
 [0.031 0.046 0.308 0.615]]
Validation acc: 0.49759384023099135
Validation class_accuracies: [0.4864864864864865, 0.5217391304347826, 0.37662337662337664, 0.6153846153846154]
Validation precision: None
Validation recall: None
Validation f1: None
Validation roc_auc: None
Validation avg_accuracy: 0.5000584022323153
Validation one_indexed_epoch: 4
Epoch 4/20
[[0. 1.]]
-- New best results were achieved. --
Saving model...
330/330 - 653s - loss: 0.3621 - accuracy: 0.6324 - 653s/epoch - 2s/step
Validation cm: [[543 173  21   3]
 [ 30  43  13   6]
 [ 51  10  12   4]
 [ 14  22  76  18]]
Validation normalized_cm: [[0.734 0.234 0.028 0.004]
 [0.326 0.467 0.141 0.065]
 [0.662 0.13  0.156 0.052]
 [0.108 0.169 0.585 0.138]]
Validation acc: 0.5928777670837344
Validation class_accuracies: [0.7337837837837838, 0.4673913043478261, 0.15584415584415584, 0.13846153846153847]
Validation precision: None
Validation recall: None
Validation f1: None
Validation roc_auc: None
Validation avg_accuracy: 0.37387019560932605
Validation one_indexed_epoch: 5
Epoch 5/20
[[0. 0.]]
The validation tracker metric at 0.5000584022323153 hasn't increased by 0 in 1 epochs
330/330 - 647s - loss: 0.3447 - accuracy: 0.6244 - 647s/epoch - 2s/step
Validation cm: [[582 156   2   0]
 [ 70  15   7   0]
 [ 58  13   5   1]
 [ 89   8  33   0]]
Validation normalized_cm: [[0.786 0.211 0.003 0.   ]
 [0.761 0.163 0.076 0.   ]
 [0.753 0.169 0.065 0.013]
 [0.685 0.062 0.254 0.   ]]
Validation acc: 0.5794032723772858
Validation class_accuracies: [0.7864864864864864, 0.16304347826086957, 0.06493506493506493, 0.0]
Validation precision: None
Validation recall: None
Validation f1: None
Validation roc_auc: None
Validation avg_accuracy: 0.25361625742060523
Validation one_indexed_epoch: 6
Epoch 6/20
[[0. 0.]]
The validation tracker metric at 0.5000584022323153 hasn't increased by 0 in 2 epochs
330/330 - 650s - loss: 0.3246 - accuracy: 0.6111 - 650s/epoch - 2s/step
Validation cm: [[590  97  39  14]
 [ 26  40  16  10]
 [ 24   4  41   8]
 [  7  10  86  27]]
Validation normalized_cm: [[0.797 0.131 0.053 0.019]
 [0.283 0.435 0.174 0.109]
 [0.312 0.052 0.532 0.104]
 [0.054 0.077 0.662 0.208]]
Validation acc: 0.6717998075072185
Validation class_accuracies: [0.7972972972972973, 0.43478260869565216, 0.5324675324675324, 0.2076923076923077]
Validation precision: None
Validation recall: None
Validation f1: None
Validation roc_auc: None
Validation avg_accuracy: 0.4930599365381974
Validation one_indexed_epoch: 7
Epoch 7/20
[[0. 0.]]
The validation tracker metric at 0.5000584022323153 hasn't increased by 0 in 3 epochs
330/330 - 653s - loss: 0.3189 - accuracy: 0.6079 - 653s/epoch - 2s/step
Validation cm: [[605  88  34  13]
 [ 23  44  12  13]
 [ 27   3  40   7]
 [ 10  14  86  20]]
Validation normalized_cm: [[0.818 0.119 0.046 0.018]
 [0.25  0.478 0.13  0.141]
 [0.351 0.039 0.519 0.091]
 [0.077 0.108 0.662 0.154]]
Validation acc: 0.6823869104908566
Validation class_accuracies: [0.8175675675675675, 0.4782608695652174, 0.5194805194805194, 0.15384615384615385]
Validation precision: None
Validation recall: None
Validation f1: None
Validation roc_auc: None
Validation avg_accuracy: 0.49228877761486456
Validation one_indexed_epoch: 8
Epoch 8/20
[[0. 0.]]
The validation tracker metric at 0.5000584022323153 hasn't increased by 0 in 4 epochs
330/330 - 648s - loss: 0.2981 - accuracy: 0.6637 - 648s/epoch - 2s/step
Validation cm: [[602  76  30  32]
 [ 24  27   6  35]
 [ 28   3  25  21]
 [ 19   2  30  79]]
Validation normalized_cm: [[0.814 0.103 0.041 0.043]
 [0.261 0.293 0.065 0.38 ]
 [0.364 0.039 0.325 0.273]
 [0.146 0.015 0.231 0.608]]
Validation acc: 0.7054860442733397
Validation class_accuracies: [0.8135135135135135, 0.29347826086956524, 0.3246753246753247, 0.6076923076923076]
Validation precision: None
Validation recall: None
Validation f1: None
Validation roc_auc: None
Validation avg_accuracy: 0.5098398516876778
Validation one_indexed_epoch: 9
Epoch 9/20
[[0. 0.]]
-- New best results were achieved. --
Saving model...
330/330 - 648s - loss: 0.2866 - accuracy: 0.6438 - 648s/epoch - 2s/step
Validation cm: [[503 187  26  24]
 [ 13  54   9  16]
 [ 22  10  23  22]
 [  5  11  58  56]]
Validation normalized_cm: [[0.68  0.253 0.035 0.032]
 [0.141 0.587 0.098 0.174]
 [0.286 0.13  0.299 0.286]
 [0.038 0.085 0.446 0.431]]
Validation acc: 0.6121270452358036
Validation class_accuracies: [0.6797297297297298, 0.5869565217391305, 0.2987012987012987, 0.4307692307692308]
Validation precision: None
Validation recall: None
Validation f1: None
Validation roc_auc: None
Validation avg_accuracy: 0.49903919523484747
Validation one_indexed_epoch: 10
Epoch 10/20
[[0. 0.]]
The validation tracker metric at 0.5098398516876778 hasn't increased by 0 in 1 epochs
330/330 - 646s - loss: 0.2801 - accuracy: 0.6022 - 646s/epoch - 2s/step
Validation cm: [[635  76  27   2]
 [ 45  33  10   4]
 [ 40   6  19  12]
 [ 18  16  67  29]]
Validation normalized_cm: [[0.858 0.103 0.036 0.003]
 [0.489 0.359 0.109 0.043]
 [0.519 0.078 0.247 0.156]
 [0.138 0.123 0.515 0.223]]
Validation acc: 0.6891241578440809
Validation class_accuracies: [0.8581081081081081, 0.358695652173913, 0.24675324675324675, 0.2230769230769231]
Validation precision: None
Validation recall: None
Validation f1: None
Validation roc_auc: None
Validation avg_accuracy: 0.4216584825280478
Validation one_indexed_epoch: 11
Epoch 11/20
[[0. 0.]]
The validation tracker metric at 0.5098398516876778 hasn't increased by 0 in 2 epochs
330/330 - 653s - loss: 0.2631 - accuracy: 0.6339 - 653s/epoch - 2s/step
Validation cm: [[597 105  33   5]
 [ 37  37  14   4]
 [ 26   9  34   8]
 [  6  19  63  42]]
Validation normalized_cm: [[0.807 0.142 0.045 0.007]
 [0.402 0.402 0.152 0.043]
 [0.338 0.117 0.442 0.104]
 [0.046 0.146 0.485 0.323]]
Validation acc: 0.6833493743984601
Validation class_accuracies: [0.8067567567567567, 0.40217391304347827, 0.44155844155844154, 0.3230769230769231]
Validation precision: None
Validation recall: None
Validation f1: None
Validation roc_auc: None
Validation avg_accuracy: 0.49339150860889985
Validation one_indexed_epoch: 12
Epoch 12/20
[[0. 0.]]
The validation tracker metric at 0.5098398516876778 hasn't increased by 0 in 3 epochs
330/330 - 650s - loss: 0.2588 - accuracy: 0.6379 - 650s/epoch - 2s/step
Validation cm: [[645  16  55  24]
 [ 48  16  11  17]
 [ 27   1  37  12]
 [ 14   2  35  79]]
Validation normalized_cm: [[0.872 0.022 0.074 0.032]
 [0.522 0.174 0.12  0.185]
 [0.351 0.013 0.481 0.156]
 [0.108 0.015 0.269 0.608]]
Validation acc: 0.7478344562078922
Validation class_accuracies: [0.8716216216216216, 0.17391304347826086, 0.4805194805194805, 0.6076923076923076]
Validation precision: None
Validation recall: None
Validation f1: None
Validation roc_auc: None
Validation avg_accuracy: 0.5334366133279177
Validation one_indexed_epoch: 13
Epoch 13/20
[[0. 0.]]
-- New best results were achieved. --
Saving model...
330/330 - 648s - loss: 0.2444 - accuracy: 0.6240 - 648s/epoch - 2s/step
Validation cm: [[660  64   8   8]
 [ 50  27  12   3]
 [ 38   5  21  13]
 [ 20  14  48  48]]
Validation normalized_cm: [[0.892 0.086 0.011 0.011]
 [0.543 0.293 0.13  0.033]
 [0.494 0.065 0.273 0.169]
 [0.154 0.108 0.369 0.369]]
Validation acc: 0.7276227141482194
Validation class_accuracies: [0.8918918918918919, 0.29347826086956524, 0.2727272727272727, 0.36923076923076925]
Validation precision: None
Validation recall: None
Validation f1: None
Validation roc_auc: None
Validation avg_accuracy: 0.45683204867987476
Validation one_indexed_epoch: 14
Epoch 14/20
[[0. 0.]]
The validation tracker metric at 0.5334366133279177 hasn't increased by 0 in 1 epochs
330/330 - 649s - loss: 0.2281 - accuracy: 0.6310 - 649s/epoch - 2s/step
Validation cm: [[621  18  77  24]
 [ 42   4  36  10]
 [ 30   0  46   1]
 [ 11   1  80  38]]
Validation normalized_cm: [[0.839 0.024 0.104 0.032]
 [0.457 0.043 0.391 0.109]
 [0.39  0.    0.597 0.013]
 [0.085 0.008 0.615 0.292]]
Validation acc: 0.6823869104908566
Validation class_accuracies: [0.8391891891891892, 0.043478260869565216, 0.5974025974025974, 0.2923076923076923]
Validation precision: None
Validation recall: None
Validation f1: None
Validation roc_auc: None
Validation avg_accuracy: 0.44309443494226103
Validation one_indexed_epoch: 15
Epoch 15/20
[[0. 0.]]
The validation tracker metric at 0.5334366133279177 hasn't increased by 0 in 2 epochs
330/330 - 667s - loss: 0.2225 - accuracy: 0.6542 - 667s/epoch - 2s/step
Validation cm: [[720  15   4   1]
 [ 78  10   1   3]
 [ 65   0   9   3]
 [ 73   7  41   9]]
Validation normalized_cm: [[0.973 0.02  0.005 0.001]
 [0.848 0.109 0.011 0.033]
 [0.844 0.    0.117 0.039]
 [0.562 0.054 0.315 0.069]]
Validation acc: 0.7199230028873917
Validation class_accuracies: [0.972972972972973, 0.10869565217391304, 0.11688311688311688, 0.06923076923076923]
Validation precision: None
Validation recall: None
Validation f1: None
Validation roc_auc: None
Validation avg_accuracy: 0.31694562781519303
Validation one_indexed_epoch: 16
Epoch 16/20
[[0. 0.]]
The validation tracker metric at 0.5334366133279177 hasn't increased by 0 in 3 epochs
330/330 - 671s - loss: 0.2079 - accuracy: 0.6626 - 671s/epoch - 2s/step
Validation cm: [[661  56  19   4]
 [ 57  22  12   1]
 [ 46   1  29   1]
 [ 22  11  68  29]]
Validation normalized_cm: [[0.893 0.076 0.026 0.005]
 [0.62  0.239 0.13  0.011]
 [0.597 0.013 0.377 0.013]
 [0.169 0.085 0.523 0.223]]
Validation acc: 0.7131857555341675
Validation class_accuracies: [0.8932432432432432, 0.2391304347826087, 0.37662337662337664, 0.2230769230769231]
Validation precision: None
Validation recall: None
Validation f1: None
Validation roc_auc: None
Validation avg_accuracy: 0.43301849443153795
Validation one_indexed_epoch: 17
Epoch 17/20
[[0. 0.]]
The validation tracker metric at 0.5334366133279177 hasn't increased by 0 in 4 epochs
330/330 - 668s - loss: 0.1961 - accuracy: 0.6569 - 668s/epoch - 2s/step
Validation cm: [[528 120  53  39]
 [ 24  39  11  18]
 [ 15   5  35  22]
 [  8  14  39  69]]
Validation normalized_cm: [[0.714 0.162 0.072 0.053]
 [0.261 0.424 0.12  0.196]
 [0.195 0.065 0.455 0.286]
 [0.062 0.108 0.3   0.531]]
Validation acc: 0.6458132820019249
Validation class_accuracies: [0.7135135135135136, 0.42391304347826086, 0.45454545454545453, 0.5307692307692308]
Validation precision: None
Validation recall: None
Validation f1: None
Validation roc_auc: None
Validation avg_accuracy: 0.5306853105766149
Validation one_indexed_epoch: 18
Epoch 18/20
[[0. 0.]]
The validation tracker metric at 0.5334366133279177 hasn't increased by 0 in 5 epochs
330/330 - 661s - loss: 0.1820 - accuracy: 0.6312 - 661s/epoch - 2s/step
Validation cm: [[470 167  40  63]
 [ 17  50   3  22]
 [  9   8  21  39]
 [  7  13  22  88]]
Validation normalized_cm: [[0.635 0.226 0.054 0.085]
 [0.185 0.543 0.033 0.239]
 [0.117 0.104 0.273 0.506]
 [0.054 0.1   0.169 0.677]]
Validation acc: 0.6053897978825794
Validation class_accuracies: [0.6351351351351351, 0.5434782608695652, 0.2727272727272727, 0.676923076923077]
Validation precision: None
Validation recall: None
Validation f1: None
Validation roc_auc: None
Validation avg_accuracy: 0.5320659364137625
Validation one_indexed_epoch: 19
Epoch 19/20
[[0. 0.]]
The number of epochs since last 1% equals the patience
330/330 - 662s - loss: 0.1710 - accuracy: 0.6538 - 662s/epoch - 2s/step
----------------------------------
The best metrics for this job are: 

Best avg_accuracy: 0.5334366133279177
Best cm: [[645  16  55  24]
 [ 48  16  11  17]
 [ 27   1  37  12]
 [ 14   2  35  79]]
Best normalized_cm: [[0.872 0.022 0.074 0.032]
 [0.522 0.174 0.12  0.185]
 [0.351 0.013 0.481 0.156]
 [0.108 0.015 0.269 0.608]]
Best acc: 0.7478344562078922
Best class_accuracies: [0.8716216216216216, 0.17391304347826086, 0.4805194805194805, 0.6076923076923076]
Best precision: None
Best recall: None
Best f1: None
Best roc_auc: None
Best one_indexed_epoch: 13
Validation cm: [[740   0   0   0]
 [ 92   0   0   0]
 [ 77   0   0   0]
 [130   0   0   0]]
Validation normalized_cm: [[1. 0. 0. 0.]
 [1. 0. 0. 0.]
 [1. 0. 0. 0.]
 [1. 0. 0. 0.]]
Validation acc: 0.7122232916265641
Validation class_accuracies: [1.0, 0.0, 0.0, 0.0]
Validation precision: None
Validation recall: None
Validation f1: None
Validation roc_auc: None
Validation avg_accuracy: 0.25
Validation one_indexed_epoch: 1
avg_accuracy
model
cm
normalized_cm
acc
class_accuracies
precision
recall
f1
roc_auc
one_indexed_epoch
Model: "leaf_mixednet_model"
______________________________________________________________________________________________________________
 Layer (type)                                    Output Shape                                Param #          
==============================================================================================================
 leaf (Leaf)                                     multiple                                    560              
                                                                                                              
 sequential_4 (Sequential)                       (None, 128)                                 105694           
                                                                                                              
 dense_1 (Dense)                                 multiple                                    258              
                                                                                                              
==============================================================================================================
Total params: 106,512
Trainable params: 106,016
Non-trainable params: 496
______________________________________________________________________________________________________________
Target metric is avg_accuracy
Epoch 1/20
[[0. 0.]]
-- New best results were achieved. --
Saving model...
330/330 - 754s - accuracy: 0.6058 - student_loss: 0.2192 - distillation_loss: 0.0072 - val_accuracy: 0.0741 - val_student_loss: 0.1980 - 754s/epoch - 2s/step
Validation cm: [[652  60  27   1]
 [ 48  28  11   5]
 [ 34   1  34   8]
 [ 38   7  80   5]]
Validation normalized_cm: [[0.881 0.081 0.036 0.001]
 [0.522 0.304 0.12  0.054]
 [0.442 0.013 0.442 0.104]
 [0.292 0.054 0.615 0.038]]
Validation acc: 0.6920115495668913
Validation class_accuracies: [0.8810810810810811, 0.30434782608695654, 0.44155844155844154, 0.038461538461538464]
Validation precision: None
Validation recall: None
Validation f1: None
Validation roc_auc: None
Validation avg_accuracy: 0.4163622217970044
Validation one_indexed_epoch: 2
Epoch 2/20
[[0. 0.]]
-- New best results were achieved. --
Saving model...
330/330 - 708s - accuracy: 0.6455 - student_loss: 0.3456 - distillation_loss: 0.0123 - val_accuracy: 0.5659 - val_student_loss: 0.3464 - 708s/epoch - 2s/step
Validation cm: [[659  72   9   0]
 [ 47  39   6   0]
 [ 66   4   7   0]
 [ 47  17  59   7]]
Validation normalized_cm: [[0.891 0.097 0.012 0.   ]
 [0.511 0.424 0.065 0.   ]
 [0.857 0.052 0.091 0.   ]
 [0.362 0.131 0.454 0.054]]
Validation acc: 0.685274302213667
Validation class_accuracies: [0.8905405405405405, 0.42391304347826086, 0.09090909090909091, 0.05384615384615385]
Validation precision: None
Validation recall: None
Validation f1: None
Validation roc_auc: None
Validation avg_accuracy: 0.36480220719351153
Validation one_indexed_epoch: 3
Epoch 3/20
[[0. 0.]]
The validation tracker metric at 0.4163622217970044 hasn't increased by 0 in 1 epochs
330/330 - 707s - accuracy: 0.6430 - student_loss: 0.6989 - distillation_loss: 0.0068 - val_accuracy: 0.6805 - val_student_loss: 0.4696 - 707s/epoch - 2s/step
Validation cm: [[567  23 123  27]
 [ 29  17  20  26]
 [ 15   1  46  15]
 [  9   3  74  44]]
Validation normalized_cm: [[0.766 0.031 0.166 0.036]
 [0.315 0.185 0.217 0.283]
 [0.195 0.013 0.597 0.195]
 [0.069 0.023 0.569 0.338]]
Validation acc: 0.6487006737247353
Validation class_accuracies: [0.7662162162162162, 0.18478260869565216, 0.5974025974025974, 0.3384615384615385]
Validation precision: None
Validation recall: None
Validation f1: None
Validation roc_auc: None
Validation avg_accuracy: 0.4717157401940011
Validation one_indexed_epoch: 4
Epoch 4/20
[[0. 0.]]
-- New best results were achieved. --
Saving model...
330/330 - 708s - accuracy: 0.6853 - student_loss: 0.2438 - distillation_loss: 0.0088 - val_accuracy: 0.3705 - val_student_loss: 1.4408 - 708s/epoch - 2s/step
Validation cm: [[674  56   5   5]
 [ 50  34   4   4]
 [ 47   4  17   9]
 [ 58   9  42  21]]
Validation normalized_cm: [[0.911 0.076 0.007 0.007]
 [0.543 0.37  0.043 0.043]
 [0.61  0.052 0.221 0.117]
 [0.446 0.069 0.323 0.162]]
Validation acc: 0.7179980750721848
Validation class_accuracies: [0.9108108108108108, 0.3695652173913043, 0.22077922077922077, 0.16153846153846155]
Validation precision: None
Validation recall: None
Validation f1: None
Validation roc_auc: None
Validation avg_accuracy: 0.4156734276299494
Validation one_indexed_epoch: 5
Epoch 5/20
[[0. 0.]]
The validation tracker metric at 0.4717157401940011 hasn't increased by 0 in 1 epochs
330/330 - 707s - accuracy: 0.6627 - student_loss: 0.2788 - distillation_loss: 0.0089 - val_accuracy: 0.7016 - val_student_loss: 0.0514 - 707s/epoch - 2s/step
Validation cm: [[543 164  23  10]
 [ 19  58   8   7]
 [ 21   9  31  16]
 [ 12  23  43  52]]
Validation normalized_cm: [[0.734 0.222 0.031 0.014]
 [0.207 0.63  0.087 0.076]
 [0.273 0.117 0.403 0.208]
 [0.092 0.177 0.331 0.4  ]]
Validation acc: 0.65832531280077
Validation class_accuracies: [0.7337837837837838, 0.6304347826086957, 0.4025974025974026, 0.4]
Validation precision: None
Validation recall: None
Validation f1: None
Validation roc_auc: None
Validation avg_accuracy: 0.5417039922474706
Validation one_indexed_epoch: 6
Epoch 6/20
[[0. 0.]]
-- New best results were achieved. --
Saving model...
330/330 - 724s - accuracy: 0.6703 - student_loss: 0.1943 - distillation_loss: 0.0093 - val_accuracy: 0.6641 - val_student_loss: 0.3684 - 724s/epoch - 2s/step
