Validation cm: [[ 34   6 104 596]
 [  0   0   1  91]
 [  4   1   3  69]
 [  0   0   0 130]]
Validation normalized_cm: [[0.046 0.008 0.141 0.805]
 [0.    0.    0.011 0.989]
 [0.052 0.013 0.039 0.896]
 [0.    0.    0.    1.   ]]
Validation acc: 0.16073147256977863
Validation class_accuracies: [0.04594594594594595, 0.0, 0.03896103896103896, 1.0]
Validation precision: None
Validation recall: None
Validation f1: None
Validation roc_auc: None
Validation avg_accuracy: 0.27122674622674625
Validation one_indexed_epoch: 1
Tensorflow Version: 2.7.1
Num GPUs Available:  1
Collecting Variables...
All variables have been collected.
../cache/
cw
train43
Description: Leaf with model 9/mixednet with P-T
-----------------------
Job id is 1.
- Loading Perch.
3278 Perch audios have been loaded.
- Loading Icbhi.
725 Icbhi audios have been loaded.
- Loading Antwerp.
131 Antwerp audios have been loaded.
- Preparing Perch.
862 Perch groups of audio chunks (by filename or patients) have been prepared.
- Preparing Icbhi.
112 Icbhi groups of audio chunks (by filename or patients) have been prepared.
- Preparing Antwerp.
15 Antwerp groups of audio chunks (by filename or patients) have been prepared.
--- Samples are being split into training/val groups and de-grouped by patient ---
--- Perch training dataset went from 0 to 2649 elements, with 2346 none's, 61 crakles, 186 wheezes and 56 both ---
--- Perch Validation dataset contains 629 elements, with 551 none, 12 crackles, 54 wheezes and 12 both ---
--- Icbhi training dataset went from 0 to 2040 elements, with 707 none's, 720 crakles, 285 wheezes and 327 both ---
--- Icbhi Validation dataset contains 299 elements, with 172 none, 70 crackles, 18 wheezes and 39 both ---
--- Antwerp training dataset went from 0 to 580 elements, with 82 none's, 16 crakles, 448 wheezes and 34 both ---
--- Antwerp Validation dataset contains 111 elements, with 17 none, 10 crackles, 5 wheezes and 79 both ---
-----------------------
--- Final training dataset went from 0 to 5269 elements, with 3135 none's, 797 crakles, 919 wheezes and 417 both ---
--- Final Validation dataset contains 1039 elements, with 740 none, 92 crackles, 77 wheezes and 130 both ---
Model: "leaf_mixednet_model"
______________________________________________________________________________________________________________
 Layer (type)                                    Output Shape                                Param #          
==============================================================================================================
 leaf (Leaf)                                     multiple                                    560              
                                                                                                              
 sequential (Sequential)                         (None, 128)                                 105694           
                                                                                                              
 dense (Dense)                                   multiple                                    258              
                                                                                                              
==============================================================================================================
Total params: 106,512
Trainable params: 106,016
Non-trainable params: 496
______________________________________________________________________________________________________________
Target metric is avg_accuracy
Epoch 1/40
[[0. 1.]]
-- New best results were achieved. --
Saving model...
330/330 - 564s - loss: 0.4442 - accuracy: 0.5747 - 564s/epoch - 2s/step
Validation cm: [[675  60   5   0]
 [ 55  20  17   0]
 [ 70   2   5   0]
 [ 56  14  59   1]]
Validation normalized_cm: [[0.912 0.081 0.007 0.   ]
 [0.598 0.217 0.185 0.   ]
 [0.909 0.026 0.065 0.   ]
 [0.431 0.108 0.454 0.008]]
Validation acc: 0.6746871992300288
Validation class_accuracies: [0.9121621621621622, 0.21739130434782608, 0.06493506493506493, 0.007692307692307693]
Validation precision: None
Validation recall: None
Validation f1: None
Validation roc_auc: None
Validation avg_accuracy: 0.3005452097843402
Validation one_indexed_epoch: 2
Epoch 2/40
[[0. 0.]]
-- New best results were achieved. --
Saving model...
330/330 - 553s - loss: 0.3926 - accuracy: 0.6282 - 553s/epoch - 2s/step
Validation cm: [[634 106   0   0]
 [ 34  57   0   1]
 [ 57  18   1   1]
 [ 57  46  13  14]]
Validation normalized_cm: [[0.857 0.143 0.    0.   ]
 [0.37  0.62  0.    0.011]
 [0.74  0.234 0.013 0.013]
 [0.438 0.354 0.1   0.108]]
Validation acc: 0.6794995187680462
Validation class_accuracies: [0.8567567567567568, 0.6195652173913043, 0.012987012987012988, 0.1076923076923077]
Validation precision: None
Validation recall: None
Validation f1: None
Validation roc_auc: None
Validation avg_accuracy: 0.39925032370684543
Validation one_indexed_epoch: 3
Epoch 3/40
[[0. 0.]]
-- New best results were achieved. --
Saving model...
330/330 - 550s - loss: 0.3803 - accuracy: 0.6320 - 550s/epoch - 2s/step
Validation cm: [[724  11   5   0]
 [ 79   5   8   0]
 [ 76   0   1   0]
 [ 80   2  48   0]]
Validation normalized_cm: [[0.978 0.015 0.007 0.   ]
 [0.859 0.054 0.087 0.   ]
 [0.987 0.    0.013 0.   ]
 [0.615 0.015 0.369 0.   ]]
Validation acc: 0.7025986525505293
Validation class_accuracies: [0.9783783783783784, 0.05434782608695652, 0.012987012987012988, 0.0]
Validation precision: None
Validation recall: None
Validation f1: None
Validation roc_auc: None
Validation avg_accuracy: 0.26142830436308695
Validation one_indexed_epoch: 4
Epoch 4/40
[[0. 0.]]
The validation tracker metric at 0.39925032370684543 hasn't increased by 0 in 1 epochs
330/330 - 548s - loss: 0.3618 - accuracy: 0.6238 - 548s/epoch - 2s/step
Validation cm: [[720   0  20   0]
 [ 78   0  13   1]
 [ 54   0  22   1]
 [ 36   0  86   8]]
Validation normalized_cm: [[0.973 0.    0.027 0.   ]
 [0.848 0.    0.141 0.011]
 [0.701 0.    0.286 0.013]
 [0.277 0.    0.662 0.062]]
Validation acc: 0.7218479307025987
Validation class_accuracies: [0.972972972972973, 0.0, 0.2857142857142857, 0.06153846153846154]
Validation precision: None
Validation recall: None
Validation f1: None
Validation roc_auc: None
Validation avg_accuracy: 0.3300564300564301
Validation one_indexed_epoch: 5
Epoch 5/40
[[0. 0.]]
The validation tracker metric at 0.39925032370684543 hasn't increased by 0 in 2 epochs
330/330 - 563s - loss: 0.3444 - accuracy: 0.5944 - 563s/epoch - 2s/step
Validation cm: [[689  48   0   3]
 [ 57  25   0  10]
 [ 72   5   0   0]
 [ 89  14  20   7]]
Validation normalized_cm: [[0.931 0.065 0.    0.004]
 [0.62  0.272 0.    0.109]
 [0.935 0.065 0.    0.   ]
 [0.685 0.108 0.154 0.054]]
Validation acc: 0.6939364773820982
Validation class_accuracies: [0.9310810810810811, 0.2717391304347826, 0.0, 0.05384615384615385]
Validation precision: None
Validation recall: None
Validation f1: None
Validation roc_auc: None
Validation avg_accuracy: 0.3141665913405044
Validation one_indexed_epoch: 6
Epoch 6/40
[[0. 0.]]
The validation tracker metric at 0.39925032370684543 hasn't increased by 0 in 3 epochs
330/330 - 554s - loss: 0.3233 - accuracy: 0.6092 - 554s/epoch - 2s/step
Validation cm: [[626  96  11   7]
 [ 34  39   6  13]
 [ 48   5  17   7]
 [ 37  25  43  25]]
Validation normalized_cm: [[0.846 0.13  0.015 0.009]
 [0.37  0.424 0.065 0.141]
 [0.623 0.065 0.221 0.091]
 [0.285 0.192 0.331 0.192]]
Validation acc: 0.6804619826756496
Validation class_accuracies: [0.845945945945946, 0.42391304347826086, 0.22077922077922077, 0.19230769230769232]
Validation precision: None
Validation recall: None
Validation f1: None
Validation roc_auc: None
Validation avg_accuracy: 0.42073647562777994
Validation one_indexed_epoch: 7
Epoch 7/40
[[0. 0.]]
-- New best results were achieved. --
Saving model...
330/330 - 554s - loss: 0.3051 - accuracy: 0.6354 - 554s/epoch - 2s/step
Validation cm: [[655  37  14  34]
 [ 57  23   1  11]
 [ 44   0  30   3]
 [ 45  16  31  38]]
Validation normalized_cm: [[0.885 0.05  0.019 0.046]
 [0.62  0.25  0.011 0.12 ]
 [0.571 0.    0.39  0.039]
 [0.346 0.123 0.238 0.292]]
Validation acc: 0.7179980750721848
Validation class_accuracies: [0.8851351351351351, 0.25, 0.38961038961038963, 0.2923076923076923]
Validation precision: None
Validation recall: None
Validation f1: None
Validation roc_auc: None
Validation avg_accuracy: 0.45426330426330425
Validation one_indexed_epoch: 8
Epoch 8/40
[[0. 0.]]
-- New best results were achieved. --
Saving model...
330/330 - 550s - loss: 0.2878 - accuracy: 0.6369 - 550s/epoch - 2s/step
Validation cm: [[372 261  61  46]
 [ 11  65   2  14]
 [ 13   8  23  33]
 [ 11  43  23  53]]
Validation normalized_cm: [[0.503 0.353 0.082 0.062]
 [0.12  0.707 0.022 0.152]
 [0.169 0.104 0.299 0.429]
 [0.085 0.331 0.177 0.408]]
Validation acc: 0.4937439846005775
Validation class_accuracies: [0.5027027027027027, 0.7065217391304348, 0.2987012987012987, 0.4076923076923077]
Validation precision: None
Validation recall: None
Validation f1: None
Validation roc_auc: None
Validation avg_accuracy: 0.47890451205668594
Validation one_indexed_epoch: 9
Epoch 9/40
[[0. 0.]]
-- New best results were achieved. --
Saving model...
330/330 - 550s - loss: 0.2826 - accuracy: 0.6292 - 550s/epoch - 2s/step
Validation cm: [[651  20  60   9]
 [ 57  16   7  12]
 [ 26   3  47   1]
 [ 43   1  67  19]]
Validation normalized_cm: [[0.88  0.027 0.081 0.012]
 [0.62  0.174 0.076 0.13 ]
 [0.338 0.039 0.61  0.013]
 [0.331 0.008 0.515 0.146]]
Validation acc: 0.7054860442733397
Validation class_accuracies: [0.8797297297297297, 0.17391304347826086, 0.6103896103896104, 0.14615384615384616]
Validation precision: None
Validation recall: None
Validation f1: None
Validation roc_auc: None
Validation avg_accuracy: 0.45254655743786176
Validation one_indexed_epoch: 10
Epoch 10/40
[[0. 0.]]
The validation tracker metric at 0.47890451205668594 hasn't increased by 0 in 1 epochs
330/330 - 552s - loss: 0.2674 - accuracy: 0.6472 - 552s/epoch - 2s/step
Validation cm: [[671  60   5   4]
 [ 44  29  10   9]
 [ 59   1  13   4]
 [ 54   7  48  21]]
Validation normalized_cm: [[0.907 0.081 0.007 0.005]
 [0.478 0.315 0.109 0.098]
 [0.766 0.013 0.169 0.052]
 [0.415 0.054 0.369 0.162]]
Validation acc: 0.7064485081809432
Validation class_accuracies: [0.9067567567567567, 0.31521739130434784, 0.16883116883116883, 0.16153846153846155]
Validation precision: None
Validation recall: None
Validation f1: None
Validation roc_auc: None
Validation avg_accuracy: 0.38808594460768375
Validation one_indexed_epoch: 11
Epoch 11/40
[[0. 0.]]
The validation tracker metric at 0.47890451205668594 hasn't increased by 0 in 2 epochs
330/330 - 550s - loss: 0.2573 - accuracy: 0.6295 - 550s/epoch - 2s/step
Validation cm: [[697  33   3   7]
 [ 68  10   3  11]
 [ 63   0  12   2]
 [ 60   5  44  21]]
Validation normalized_cm: [[0.942 0.045 0.004 0.009]
 [0.739 0.109 0.033 0.12 ]
 [0.818 0.    0.156 0.026]
 [0.462 0.038 0.338 0.162]]
Validation acc: 0.7122232916265641
Validation class_accuracies: [0.9418918918918919, 0.10869565217391304, 0.15584415584415584, 0.16153846153846155]
Validation precision: None
Validation recall: None
Validation f1: None
Validation roc_auc: None
Validation avg_accuracy: 0.34199254036210563
Validation one_indexed_epoch: 12
Epoch 12/40
[[0. 0.]]
The validation tracker metric at 0.47890451205668594 hasn't increased by 0 in 3 epochs
330/330 - 549s - loss: 0.2368 - accuracy: 0.6301 - 549s/epoch - 2s/step
Validation cm: [[608  90  35   7]
 [ 33  41   6  12]
 [ 31   4  30  12]
 [ 34  18  33  45]]
Validation normalized_cm: [[0.822 0.122 0.047 0.009]
 [0.359 0.446 0.065 0.13 ]
 [0.403 0.052 0.39  0.156]
 [0.262 0.138 0.254 0.346]]
Validation acc: 0.6968238691049086
Validation class_accuracies: [0.8216216216216217, 0.44565217391304346, 0.38961038961038963, 0.34615384615384615]
Validation precision: None
Validation recall: None
Validation f1: None
Validation roc_auc: None
Validation avg_accuracy: 0.5007595078247252
Validation one_indexed_epoch: 13
Epoch 13/40
[[0. 0.]]
-- New best results were achieved. --
Saving model...
330/330 - 548s - loss: 0.2260 - accuracy: 0.6227 - 548s/epoch - 2s/step
Validation cm: [[595 125  10  10]
 [ 40  31   6  15]
 [ 26  16  12  23]
 [ 32  28  23  47]]
Validation normalized_cm: [[0.804 0.169 0.014 0.014]
 [0.435 0.337 0.065 0.163]
 [0.338 0.208 0.156 0.299]
 [0.246 0.215 0.177 0.362]]
Validation acc: 0.6592877767083735
Validation class_accuracies: [0.8040540540540541, 0.33695652173913043, 0.15584415584415584, 0.36153846153846153]
Validation precision: None
Validation recall: None
Validation f1: None
Validation roc_auc: None
Validation avg_accuracy: 0.4145982982939505
Validation one_indexed_epoch: 14
Epoch 14/40
[[0. 0.]]
The validation tracker metric at 0.5007595078247252 hasn't increased by 0 in 1 epochs
330/330 - 547s - loss: 0.2133 - accuracy: 0.6191 - 547s/epoch - 2s/step
Validation cm: [[598 100  22  20]
 [ 26  40  10  16]
 [ 31   8  21  17]
 [ 29  16  38  47]]
Validation normalized_cm: [[0.808 0.135 0.03  0.027]
 [0.283 0.435 0.109 0.174]
 [0.403 0.104 0.273 0.221]
 [0.223 0.123 0.292 0.362]]
Validation acc: 0.6794995187680462
Validation class_accuracies: [0.8081081081081081, 0.43478260869565216, 0.2727272727272727, 0.36153846153846153]
Validation precision: None
Validation recall: None
Validation f1: None
Validation roc_auc: None
Validation avg_accuracy: 0.4692891127673736
Validation one_indexed_epoch: 15
Epoch 15/40
[[0. 0.]]
The validation tracker metric at 0.5007595078247252 hasn't increased by 0 in 2 epochs
330/330 - 563s - loss: 0.2011 - accuracy: 0.6134 - 563s/epoch - 2s/step
Validation cm: [[458 272  10   0]
 [ 53  36   3   0]
 [ 37  39   0   1]
 [ 79  23  23   5]]
Validation normalized_cm: [[0.619 0.368 0.014 0.   ]
 [0.576 0.391 0.033 0.   ]
 [0.481 0.506 0.    0.013]
 [0.608 0.177 0.177 0.038]]
Validation acc: 0.480269489894129
Validation class_accuracies: [0.6189189189189189, 0.391304347826087, 0.0, 0.038461538461538464]
Validation precision: None
Validation recall: None
Validation f1: None
Validation roc_auc: None
Validation avg_accuracy: 0.2621712013016361
Validation one_indexed_epoch: 16
Epoch 16/40
[[1. 0.]]
The validation tracker metric at 0.5007595078247252 hasn't increased by 0 in 3 epochs
330/330 - 556s - loss: 0.2328 - accuracy: 0.6320 - 556s/epoch - 2s/step
Validation cm: [[609  79  44   8]
 [ 50  22  17   3]
 [ 40   2  23  12]
 [ 38   6  56  30]]
Validation normalized_cm: [[0.823 0.107 0.059 0.011]
 [0.543 0.239 0.185 0.033]
 [0.519 0.026 0.299 0.156]
 [0.292 0.046 0.431 0.231]]
Validation acc: 0.65832531280077
Validation class_accuracies: [0.822972972972973, 0.2391304347826087, 0.2987012987012987, 0.23076923076923078]
Validation precision: None
Validation recall: None
Validation f1: None
Validation roc_auc: None
Validation avg_accuracy: 0.3978934843065278
Validation one_indexed_epoch: 17
Epoch 17/40
[[0. 0.]]
The validation tracker metric at 0.5007595078247252 hasn't increased by 0 in 4 epochs
330/330 - 553s - loss: 0.2066 - accuracy: 0.6168 - 553s/epoch - 2s/step
Validation cm: [[574 143  18   5]
 [ 37  43   9   3]
 [ 42  13  13   9]
 [ 39  11  48  32]]
Validation normalized_cm: [[0.776 0.193 0.024 0.007]
 [0.402 0.467 0.098 0.033]
 [0.545 0.169 0.169 0.117]
 [0.3   0.085 0.369 0.246]]
Validation acc: 0.6371511068334937
Validation class_accuracies: [0.7756756756756756, 0.4673913043478261, 0.16883116883116883, 0.24615384615384617]
Validation precision: None
Validation recall: None
Validation f1: None
Validation roc_auc: None
Validation avg_accuracy: 0.41451299875212916
Validation one_indexed_epoch: 18
Epoch 18/40
[[0. 0.]]
The validation tracker metric at 0.5007595078247252 hasn't increased by 0 in 5 epochs
330/330 - 555s - loss: 0.1819 - accuracy: 0.6360 - 555s/epoch - 2s/step
Validation cm: [[580  71  58  31]
 [ 31  25  11  25]
 [ 27   8  19  23]
 [ 12  11  37  70]]
Validation normalized_cm: [[0.784 0.096 0.078 0.042]
 [0.337 0.272 0.12  0.272]
 [0.351 0.104 0.247 0.299]
 [0.092 0.085 0.285 0.538]]
Validation acc: 0.6679499518768046
Validation class_accuracies: [0.7837837837837838, 0.2717391304347826, 0.24675324675324675, 0.5384615384615384]
Validation precision: None
Validation recall: None
Validation f1: None
Validation roc_auc: None
Validation avg_accuracy: 0.4601844248583379
Validation one_indexed_epoch: 19
Epoch 19/40
[[0. 0.]]
The validation tracker metric at 0.5007595078247252 hasn't increased by 0 in 6 epochs
330/330 - 547s - loss: 0.1703 - accuracy: 0.6088 - 547s/epoch - 2s/step
Validation cm: [[590 117  23  10]
 [ 27  43  13   9]
 [ 41  10  14  12]
 [ 17  33  34  46]]
Validation normalized_cm: [[0.797 0.158 0.031 0.014]
 [0.293 0.467 0.141 0.098]
 [0.532 0.13  0.182 0.156]
 [0.131 0.254 0.262 0.354]]
Validation acc: 0.6669874879692012
Validation class_accuracies: [0.7972972972972973, 0.4673913043478261, 0.18181818181818182, 0.35384615384615387]
Validation precision: None
Validation recall: None
Validation f1: None
Validation roc_auc: None
Validation avg_accuracy: 0.4500882343273648
Validation one_indexed_epoch: 20
Epoch 20/40
[[0. 0.]]
The validation tracker metric at 0.5007595078247252 hasn't increased by 0 in 7 epochs
330/330 - 546s - loss: 0.1495 - accuracy: 0.6068 - 546s/epoch - 2s/step
Validation cm: [[676  43  16   5]
 [ 54  24   9   5]
 [ 47   4  20   6]
 [ 45   7  38  40]]
Validation normalized_cm: [[0.914 0.058 0.022 0.007]
 [0.587 0.261 0.098 0.054]
 [0.61  0.052 0.26  0.078]
 [0.346 0.054 0.292 0.308]]
Validation acc: 0.7314725697786333
Validation class_accuracies: [0.9135135135135135, 0.2608695652173913, 0.2597402597402597, 0.3076923076923077]
Validation precision: None
Validation recall: None
Validation f1: None
Validation roc_auc: None
Validation avg_accuracy: 0.43545391154086804
Validation one_indexed_epoch: 21
Epoch 21/40
[[0. 0.]]
The validation tracker metric at 0.5007595078247252 hasn't increased by 0 in 8 epochs
330/330 - 552s - loss: 0.1382 - accuracy: 0.6174 - 552s/epoch - 2s/step
Validation cm: [[536  25 154  25]
 [ 36  10  24  22]
 [ 12   0  54  11]
 [ 14   2  76  38]]
Validation normalized_cm: [[0.724 0.034 0.208 0.034]
 [0.391 0.109 0.261 0.239]
 [0.156 0.    0.701 0.143]
 [0.108 0.015 0.585 0.292]]
Validation acc: 0.6140519730510106
Validation class_accuracies: [0.7243243243243244, 0.10869565217391304, 0.7012987012987013, 0.2923076923076923]
Validation precision: None
Validation recall: None
Validation f1: None
Validation roc_auc: None
Validation avg_accuracy: 0.4566565925261578
Validation one_indexed_epoch: 22
Epoch 22/40
[[0. 0.]]
The validation tracker metric at 0.5007595078247252 hasn't increased by 0 in 9 epochs
330/330 - 552s - loss: 0.1326 - accuracy: 0.6140 - 552s/epoch - 2s/step
Validation cm: [[599 114  18   9]
 [ 28  47   9   8]
 [ 31  10  26  10]
 [ 27  20  36  47]]
Validation normalized_cm: [[0.809 0.154 0.024 0.012]
 [0.304 0.511 0.098 0.087]
 [0.403 0.13  0.338 0.13 ]
 [0.208 0.154 0.277 0.362]]
Validation acc: 0.6920115495668913
Validation class_accuracies: [0.8094594594594594, 0.5108695652173914, 0.33766233766233766, 0.36153846153846153]
Validation precision: None
Validation recall: None
Validation f1: None
Validation roc_auc: None
Validation avg_accuracy: 0.5048824559694125
Validation one_indexed_epoch: 23
Epoch 23/40
[[0. 0.]]
-- New best results were achieved. --
Saving model...
330/330 - 544s - loss: 0.1176 - accuracy: 0.6212 - 544s/epoch - 2s/step
Validation cm: [[637  62  25  16]
 [ 38  29   9  16]
 [ 35   3  26  13]
 [ 30   8  42  50]]
Validation normalized_cm: [[0.861 0.084 0.034 0.022]
 [0.413 0.315 0.098 0.174]
 [0.455 0.039 0.338 0.169]
 [0.231 0.062 0.323 0.385]]
Validation acc: 0.714148219441771
Validation class_accuracies: [0.8608108108108108, 0.31521739130434784, 0.33766233766233766, 0.38461538461538464]
Validation precision: None
Validation recall: None
Validation f1: None
Validation roc_auc: None
Validation avg_accuracy: 0.47457648109822026
Validation one_indexed_epoch: 24
Epoch 24/40
[[0. 0.]]
The validation tracker metric at 0.5048824559694125 hasn't increased by 0 in 1 epochs
330/330 - 548s - loss: 0.0978 - accuracy: 0.6544 - 548s/epoch - 2s/step
Validation cm: [[670  52  10   8]
 [ 51  27  10   4]
 [ 51   6  18   2]
 [ 58   7  47  18]]
Validation normalized_cm: [[0.905 0.07  0.014 0.011]
 [0.554 0.293 0.109 0.043]
 [0.662 0.078 0.234 0.026]
 [0.446 0.054 0.362 0.138]]
Validation acc: 0.7054860442733397
Validation class_accuracies: [0.9054054054054054, 0.29347826086956524, 0.23376623376623376, 0.13846153846153847]
Validation precision: None
Validation recall: None
Validation f1: None
Validation roc_auc: None
Validation avg_accuracy: 0.39277785962568573
Validation one_indexed_epoch: 25
Epoch 25/40
[[0. 0.]]
The validation tracker metric at 0.5048824559694125 hasn't increased by 0 in 2 epochs
330/330 - 570s - loss: 0.1037 - accuracy: 0.6288 - 570s/epoch - 2s/step
Validation cm: [[670  58   9   3]
 [ 47  25  14   6]
 [ 60   2  13   2]
 [ 37   4  58  31]]
Validation normalized_cm: [[0.905 0.078 0.012 0.004]
 [0.511 0.272 0.152 0.065]
 [0.779 0.026 0.169 0.026]
 [0.285 0.031 0.446 0.238]]
Validation acc: 0.7112608277189605
Validation class_accuracies: [0.9054054054054054, 0.2717391304347826, 0.16883116883116883, 0.23846153846153847]
Validation precision: None
Validation recall: None
Validation f1: None
Validation roc_auc: None
Validation avg_accuracy: 0.3961093107832238
Validation one_indexed_epoch: 26
Epoch 26/40
[[0. 0.]]
The validation tracker metric at 0.5048824559694125 hasn't increased by 0 in 3 epochs
330/330 - 562s - loss: 0.0909 - accuracy: 0.6366 - 562s/epoch - 2s/step
Validation cm: [[635  90  12   3]
 [ 40  39  11   2]
 [ 48   8  17   4]
 [ 30  19  46  35]]
Validation normalized_cm: [[0.858 0.122 0.016 0.004]
 [0.435 0.424 0.12  0.022]
 [0.623 0.104 0.221 0.052]
 [0.231 0.146 0.354 0.269]]
Validation acc: 0.6987487969201155
Validation class_accuracies: [0.8581081081081081, 0.42391304347826086, 0.22077922077922077, 0.2692307692307692]
Validation precision: None
Validation recall: None
Validation f1: None
Validation roc_auc: None
Validation avg_accuracy: 0.44300778539908975
Validation one_indexed_epoch: 27
Epoch 27/40
[[0. 0.]]
The validation tracker metric at 0.5048824559694125 hasn't increased by 0 in 4 epochs
330/330 - 567s - loss: 0.0913 - accuracy: 0.6280 - 567s/epoch - 2s/step
Validation cm: [[659  49  22  10]
 [ 49  27   9   7]
 [ 38   6  27   6]
 [ 39   9  45  37]]
Validation normalized_cm: [[0.891 0.066 0.03  0.014]
 [0.533 0.293 0.098 0.076]
 [0.494 0.078 0.351 0.078]
 [0.3   0.069 0.346 0.285]]
Validation acc: 0.7218479307025987
Validation class_accuracies: [0.8905405405405405, 0.29347826086956524, 0.35064935064935066, 0.2846153846153846]
Validation precision: None
Validation recall: None
Validation f1: None
Validation roc_auc: None
Validation avg_accuracy: 0.45482088416871025
Validation one_indexed_epoch: 28
Epoch 28/40
[[0. 0.]]
The validation tracker metric at 0.5048824559694125 hasn't increased by 0 in 5 epochs
330/330 - 558s - loss: 0.0800 - accuracy: 0.6297 - 558s/epoch - 2s/step
Validation cm: [[625  33  58  24]
 [ 42  18  22  10]
 [ 30   2  38   7]
 [ 26   5  69  30]]
Validation normalized_cm: [[0.845 0.045 0.078 0.032]
 [0.457 0.196 0.239 0.109]
 [0.39  0.026 0.494 0.091]
 [0.2   0.038 0.531 0.231]]
Validation acc: 0.6843118383060636
Validation class_accuracies: [0.8445945945945946, 0.1956521739130435, 0.4935064935064935, 0.23076923076923078]
Validation precision: None
Validation recall: None
Validation f1: None
Validation roc_auc: None
Validation avg_accuracy: 0.4411306231958406
Validation one_indexed_epoch: 29
Epoch 29/40
[[0. 0.]]
The validation tracker metric at 0.5048824559694125 hasn't increased by 0 in 6 epochs
330/330 - 570s - loss: 0.0768 - accuracy: 0.6379 - 570s/epoch - 2s/step
Validation cm: [[619  91  26   4]
 [ 35  42   5  10]
 [ 30   9  27  11]
 [ 17  17  36  60]]
Validation normalized_cm: [[0.836 0.123 0.035 0.005]
 [0.38  0.457 0.054 0.109]
 [0.39  0.117 0.351 0.143]
 [0.131 0.131 0.277 0.462]]
Validation acc: 0.7199230028873917
Validation class_accuracies: [0.8364864864864865, 0.45652173913043476, 0.35064935064935066, 0.46153846153846156]
Validation precision: None
Validation recall: None
Validation f1: None
Validation roc_auc: None
Validation avg_accuracy: 0.5262990094511834
Validation one_indexed_epoch: 30
Epoch 30/40
[[0. 0.]]
-- New best results were achieved. --
Saving model...
330/330 - 569s - loss: 0.0674 - accuracy: 0.6337 - 569s/epoch - 2s/step
Validation cm: [[565  96  50  29]
 [ 23  37  14  18]
 [ 26   8  25  18]
 [ 11  10  51  58]]
Validation normalized_cm: [[0.764 0.13  0.068 0.039]
 [0.25  0.402 0.152 0.196]
 [0.338 0.104 0.325 0.234]
 [0.085 0.077 0.392 0.446]]
Validation acc: 0.6592877767083735
Validation class_accuracies: [0.7635135135135135, 0.40217391304347827, 0.3246753246753247, 0.4461538461538462]
Validation precision: None
Validation recall: None
Validation f1: None
Validation roc_auc: None
Validation avg_accuracy: 0.4841291493465406
Validation one_indexed_epoch: 31
Epoch 31/40
[[0. 0.]]
The validation tracker metric at 0.5262990094511834 hasn't increased by 0 in 1 epochs
330/330 - 570s - loss: 0.0720 - accuracy: 0.6459 - 570s/epoch - 2s/step
Validation cm: [[635  54  38  13]
 [ 42  31  12   7]
 [ 30   3  36   8]
 [ 27   9  52  42]]
Validation normalized_cm: [[0.858 0.073 0.051 0.018]
 [0.457 0.337 0.13  0.076]
 [0.39  0.039 0.468 0.104]
 [0.208 0.069 0.4   0.323]]
Validation acc: 0.7160731472569779
Validation class_accuracies: [0.8581081081081081, 0.33695652173913043, 0.4675324675324675, 0.3230769230769231]
Validation precision: None
Validation recall: None
Validation f1: None
Validation roc_auc: None
Validation avg_accuracy: 0.49641850511415725
Validation one_indexed_epoch: 32
Epoch 32/40
[[0. 0.]]
The validation tracker metric at 0.5262990094511834 hasn't increased by 0 in 2 epochs
330/330 - 562s - loss: 0.0651 - accuracy: 0.6341 - 562s/epoch - 2s/step
Validation cm: [[652  71  14   3]
 [ 43  33  10   6]
 [ 43   4  19  11]
 [ 40  10  40  40]]
Validation normalized_cm: [[0.881 0.096 0.019 0.004]
 [0.467 0.359 0.109 0.065]
 [0.558 0.052 0.247 0.143]
 [0.308 0.077 0.308 0.308]]
Validation acc: 0.7160731472569779
Validation class_accuracies: [0.8810810810810811, 0.358695652173913, 0.24675324675324675, 0.3076923076923077]
Validation precision: None
Validation recall: None
Validation f1: None
Validation roc_auc: None
Validation avg_accuracy: 0.4485555719251371
Validation one_indexed_epoch: 33
Epoch 33/40
[[0. 0.]]
The validation tracker metric at 0.5262990094511834 hasn't increased by 0 in 3 epochs
330/330 - 569s - loss: 0.0516 - accuracy: 0.6354 - 569s/epoch - 2s/step
Validation cm: [[513 167  36  24]
 [ 16  50  10  16]
 [ 19   7  19  32]
 [ 15  16  42  57]]
Validation normalized_cm: [[0.693 0.226 0.049 0.032]
 [0.174 0.543 0.109 0.174]
 [0.247 0.091 0.247 0.416]
 [0.115 0.123 0.323 0.438]]
Validation acc: 0.615014436958614
Validation class_accuracies: [0.6932432432432433, 0.5434782608695652, 0.24675324675324675, 0.43846153846153846]
Validation precision: None
Validation recall: None
Validation f1: None
Validation roc_auc: None
Validation avg_accuracy: 0.48048407233189844
Validation one_indexed_epoch: 34
Epoch 34/40
[[0. 0.]]
The validation tracker metric at 0.5262990094511834 hasn't increased by 0 in 4 epochs
330/330 - 555s - loss: 0.0563 - accuracy: 0.6582 - 555s/epoch - 2s/step
Validation cm: [[645  56  22  17]
 [ 40  31  12   9]
 [ 41   4  24   8]
 [ 29   6  55  40]]
Validation normalized_cm: [[0.872 0.076 0.03  0.023]
 [0.435 0.337 0.13  0.098]
 [0.532 0.052 0.312 0.104]
 [0.223 0.046 0.423 0.308]]
Validation acc: 0.7122232916265641
Validation class_accuracies: [0.8716216216216216, 0.33695652173913043, 0.3116883116883117, 0.3076923076923077]
Validation precision: None
Validation recall: None
Validation f1: None
Validation roc_auc: None
Validation avg_accuracy: 0.45698969068534284
Validation one_indexed_epoch: 35
Epoch 35/40
[[0. 0.]]
The validation tracker metric at 0.5262990094511834 hasn't increased by 0 in 5 epochs
330/330 - 567s - loss: 0.0533 - accuracy: 0.6521 - 567s/epoch - 2s/step
Validation cm: [[581 127  18  14]
 [ 30  46  11   5]
 [ 29   9  15  24]
 [ 26  15  39  50]]
Validation normalized_cm: [[0.785 0.172 0.024 0.019]
 [0.326 0.5   0.12  0.054]
 [0.377 0.117 0.195 0.312]
 [0.2   0.115 0.3   0.385]]
Validation acc: 0.6660250240615977
Validation class_accuracies: [0.7851351351351351, 0.5, 0.19480519480519481, 0.38461538461538464]
Validation precision: None
Validation recall: None
Validation f1: None
Validation roc_auc: None
Validation avg_accuracy: 0.4661389286389286
Validation one_indexed_epoch: 36
Epoch 36/40
[[0. 0.]]
The validation tracker metric at 0.5262990094511834 hasn't increased by 0 in 6 epochs
330/330 - 562s - loss: 0.0448 - accuracy: 0.6326 - 562s/epoch - 2s/step
Validation cm: [[558  40  95  47]
 [ 32  24  17  19]
 [ 22   1  40  14]
 [ 11   5  65  49]]
Validation normalized_cm: [[0.754 0.054 0.128 0.064]
 [0.348 0.261 0.185 0.207]
 [0.286 0.013 0.519 0.182]
 [0.085 0.038 0.5   0.377]]
Validation acc: 0.6458132820019249
Validation class_accuracies: [0.754054054054054, 0.2608695652173913, 0.5194805194805194, 0.3769230769230769]
Validation precision: None
Validation recall: None
Validation f1: None
Validation roc_auc: None
Validation avg_accuracy: 0.4778318039187604
Validation one_indexed_epoch: 37
Epoch 37/40
[[0. 0.]]
The validation tracker metric at 0.5262990094511834 hasn't increased by 0 in 7 epochs
330/330 - 564s - loss: 0.0503 - accuracy: 0.6236 - 564s/epoch - 2s/step
Validation cm: [[644  71  17   8]
 [ 34  42  10   6]
 [ 46   7  12  12]
 [ 33  15  42  40]]
Validation normalized_cm: [[0.87  0.096 0.023 0.011]
 [0.37  0.457 0.109 0.065]
 [0.597 0.091 0.156 0.156]
 [0.254 0.115 0.323 0.308]]
Validation acc: 0.710298363811357
Validation class_accuracies: [0.8702702702702703, 0.45652173913043476, 0.15584415584415584, 0.3076923076923077]
Validation precision: None
Validation recall: None
Validation f1: None
Validation roc_auc: None
Validation avg_accuracy: 0.44758211823429217
Validation one_indexed_epoch: 38
Epoch 38/40
[[0. 0.]]
The validation tracker metric at 0.5262990094511834 hasn't increased by 0 in 8 epochs
330/330 - 569s - loss: 0.0428 - accuracy: 0.6250 - 569s/epoch - 2s/step
Validation cm: [[541  59 111  29]
 [ 33  18  18  23]
 [ 16   1  47  13]
 [ 24   3  54  49]]
Validation normalized_cm: [[0.731 0.08  0.15  0.039]
 [0.359 0.196 0.196 0.25 ]
 [0.208 0.013 0.61  0.169]
 [0.185 0.023 0.415 0.377]]
Validation acc: 0.6304138594802695
Validation class_accuracies: [0.731081081081081, 0.1956521739130435, 0.6103896103896104, 0.3769230769230769]
Validation precision: None
Validation recall: None
Validation f1: None
Validation roc_auc: None
Validation avg_accuracy: 0.478511485576703
Validation one_indexed_epoch: 39
Epoch 39/40
[[0. 0.]]
The validation tracker metric at 0.5262990094511834 hasn't increased by 0 in 9 epochs
330/330 - 561s - loss: 0.0397 - accuracy: 0.6377 - 561s/epoch - 2s/step
Validation cm: [[601 106  16  17]
 [ 33  44   8   7]
 [ 30   9  23  15]
 [ 29  19  24  58]]
Validation normalized_cm: [[0.812 0.143 0.022 0.023]
 [0.359 0.478 0.087 0.076]
 [0.39  0.117 0.299 0.195]
 [0.223 0.146 0.185 0.446]]
Validation acc: 0.6987487969201155
Validation class_accuracies: [0.8121621621621622, 0.4782608695652174, 0.2987012987012987, 0.4461538461538462]
Validation precision: None
Validation recall: None
Validation f1: None
Validation roc_auc: None
Validation avg_accuracy: 0.5088195441456311
Validation one_indexed_epoch: 40
Epoch 40/40
[[0. 0.]]
The number of epochs since last 1% equals the patience
330/330 - 565s - loss: 0.0483 - accuracy: 0.6552 - 565s/epoch - 2s/step
----------------------------------
The best metrics for this job are: 

Best avg_accuracy: 0.5262990094511834
Best cm: [[619  91  26   4]
 [ 35  42   5  10]
 [ 30   9  27  11]
 [ 17  17  36  60]]
Best normalized_cm: [[0.836 0.123 0.035 0.005]
 [0.38  0.457 0.054 0.109]
 [0.39  0.117 0.351 0.143]
 [0.131 0.131 0.277 0.462]]
Best acc: 0.7199230028873917
Best class_accuracies: [0.8364864864864865, 0.45652173913043476, 0.35064935064935066, 0.46153846153846156]
Best precision: None
Best recall: None
Best f1: None
Best roc_auc: None
Best one_indexed_epoch: 30
Validation cm: [[740   0   0   0]
 [ 92   0   0   0]
 [ 77   0   0   0]
 [130   0   0   0]]
Validation normalized_cm: [[1. 0. 0. 0.]
 [1. 0. 0. 0.]
 [1. 0. 0. 0.]
 [1. 0. 0. 0.]]
Validation acc: 0.7122232916265641
Validation class_accuracies: [1.0, 0.0, 0.0, 0.0]
Validation precision: None
Validation recall: None
Validation f1: None
Validation roc_auc: None
Validation avg_accuracy: 0.25
Validation one_indexed_epoch: 1
avg_accuracy
model
cm
normalized_cm
acc
class_accuracies
precision
recall
f1
roc_auc
one_indexed_epoch
Model: "leaf_model9_model"
______________________________________________________________________________________________________________
 Layer (type)                                    Output Shape                                Param #          
==============================================================================================================
 leaf (Leaf)                                     multiple                                    560              
                                                                                                              
 batch_normalization_5 (BatchNormalization)      multiple                                    4                
                                                                                                              
 sequential_1 (Sequential)                       (None, 80, 500, 16)                         2352             
                                                                                                              
 sequential_2 (Sequential)                       (None, 80, 500, 16)                         6448             
                                                                                                              
 sequential_3 (Sequential)                       (None, 80, 500, 16)                         32               
                                                                                                              
 concatenate (Concatenate)                       multiple                                    0                
                                                                                                              
 sequential_4 (Sequential)                       (None, 512)                                 6191296          
                                                                                                              
 dense_1 (Dense)                                 multiple                                    1026             
                                                                                                              
==============================================================================================================
Total params: 6,201,718
Trainable params: 6,160,212
Non-trainable params: 41,506
______________________________________________________________________________________________________________
Target metric is avg_accuracy
Epoch 1/40
[[0. 0.]]
-- New best results were achieved. --
Saving model...
330/330 - 928s - accuracy: 0.4420 - student_loss: 0.4676 - distillation_loss: 0.0019 - val_accuracy: 0.6872 - val_student_loss: 0.3577 - 928s/epoch - 3s/step
Validation cm: [[729   0  11   0]
 [ 92   0   0   0]
 [ 77   0   0   0]
 [130   0   0   0]]
Validation normalized_cm: [[0.985 0.    0.015 0.   ]
 [1.    0.    0.    0.   ]
 [1.    0.    0.    0.   ]
 [1.    0.    0.    0.   ]]
Validation acc: 0.7016361886429259
Validation class_accuracies: [0.9851351351351352, 0.0, 0.0, 0.0]
Validation precision: None
Validation recall: None
Validation f1: None
Validation roc_auc: None
Validation avg_accuracy: 0.2462837837837838
Validation one_indexed_epoch: 2
Epoch 2/40
[[0. 0.]]
The validation tracker metric at 0.25 hasn't increased by 0 in 1 epochs
330/330 - 914s - accuracy: 0.5502 - student_loss: 0.3262 - distillation_loss: -9.8491e-03 - val_accuracy: 0.4966 - val_student_loss: 3.3287e-07 - 914s/epoch - 3s/step
Validation cm: [[740   0   0   0]
 [ 92   0   0   0]
 [ 77   0   0   0]
 [130   0   0   0]]
Validation normalized_cm: [[1. 0. 0. 0.]
 [1. 0. 0. 0.]
 [1. 0. 0. 0.]
 [1. 0. 0. 0.]]
Validation acc: 0.7122232916265641
Validation class_accuracies: [1.0, 0.0, 0.0, 0.0]
Validation precision: None
Validation recall: None
Validation f1: None
Validation roc_auc: None
Validation avg_accuracy: 0.25
Validation one_indexed_epoch: 3
Epoch 3/40
[[0. 0.]]
The validation tracker metric at 0.25 hasn't increased by 0 in 2 epochs
330/330 - 910s - accuracy: 0.5593 - student_loss: 0.3549 - distillation_loss: 0.0012 - val_accuracy: 0.0741 - val_student_loss: 1.0806e-06 - 910s/epoch - 3s/step
Validation cm: [[740   0   0   0]
 [ 92   0   0   0]
 [ 77   0   0   0]
 [130   0   0   0]]
Validation normalized_cm: [[1. 0. 0. 0.]
 [1. 0. 0. 0.]
 [1. 0. 0. 0.]
 [1. 0. 0. 0.]]
Validation acc: 0.7122232916265641
Validation class_accuracies: [1.0, 0.0, 0.0, 0.0]
Validation precision: None
Validation recall: None
Validation f1: None
Validation roc_auc: None
Validation avg_accuracy: 0.25
Validation one_indexed_epoch: 4
Epoch 4/40
[[0. 0.]]
The validation tracker metric at 0.25 hasn't increased by 0 in 3 epochs
330/330 - 914s - accuracy: 0.5827 - student_loss: 1.1198 - distillation_loss: 0.0171 - val_accuracy: 0.7902 - val_student_loss: 2.3304e-10 - 914s/epoch - 3s/step
Validation cm: [[737   0   3   0]
 [ 92   0   0   0]
 [ 77   0   0   0]
 [130   0   0   0]]
Validation normalized_cm: [[0.996 0.    0.004 0.   ]
 [1.    0.    0.    0.   ]
 [1.    0.    0.    0.   ]
 [1.    0.    0.    0.   ]]
Validation acc: 0.7093358999037536
Validation class_accuracies: [0.995945945945946, 0.0, 0.0, 0.0]
Validation precision: None
Validation recall: None
Validation f1: None
Validation roc_auc: None
Validation avg_accuracy: 0.2489864864864865
Validation one_indexed_epoch: 5
Epoch 5/40
[[0. 0.]]
The validation tracker metric at 0.25 hasn't increased by 0 in 4 epochs
330/330 - 915s - accuracy: 0.5502 - student_loss: 0.8018 - distillation_loss: 0.0141 - val_accuracy: 0.0741 - val_student_loss: 3.6119e-14 - 915s/epoch - 3s/step
Validation cm: [[740   0   0   0]
 [ 92   0   0   0]
 [ 77   0   0   0]
 [130   0   0   0]]
Validation normalized_cm: [[1. 0. 0. 0.]
 [1. 0. 0. 0.]
 [1. 0. 0. 0.]
 [1. 0. 0. 0.]]
Validation acc: 0.7122232916265641
Validation class_accuracies: [1.0, 0.0, 0.0, 0.0]
Validation precision: None
Validation recall: None
Validation f1: None
Validation roc_auc: None
Validation avg_accuracy: 0.25
Validation one_indexed_epoch: 6
Epoch 6/40
[[0. 0.]]
The validation tracker metric at 0.25 hasn't increased by 0 in 5 epochs
330/330 - 865s - accuracy: 0.5718 - student_loss: 0.2664 - distillation_loss: -1.0973e-02 - val_accuracy: 0.9201 - val_student_loss: 7.0761e-35 - 865s/epoch - 3s/step
Validation cm: [[740   0   0   0]
 [ 92   0   0   0]
 [ 77   0   0   0]
 [130   0   0   0]]
Validation normalized_cm: [[1. 0. 0. 0.]
 [1. 0. 0. 0.]
 [1. 0. 0. 0.]
 [1. 0. 0. 0.]]
Validation acc: 0.7122232916265641
Validation class_accuracies: [1.0, 0.0, 0.0, 0.0]
Validation precision: None
Validation recall: None
Validation f1: None
Validation roc_auc: None
Validation avg_accuracy: 0.25
Validation one_indexed_epoch: 7
Epoch 7/40
[[0. 0.]]
The validation tracker metric at 0.25 hasn't increased by 0 in 6 epochs
330/330 - 821s - accuracy: 0.5542 - student_loss: 0.2536 - distillation_loss: 7.5221e-04 - val_accuracy: 0.8104 - val_student_loss: 6.4837e-13 - 821s/epoch - 2s/step
Validation cm: [[739   0   1   0]
 [ 91   0   1   0]
 [ 77   0   0   0]
 [130   0   0   0]]
Validation normalized_cm: [[0.999 0.    0.001 0.   ]
 [0.989 0.    0.011 0.   ]
 [1.    0.    0.    0.   ]
 [1.    0.    0.    0.   ]]
Validation acc: 0.7112608277189605
Validation class_accuracies: [0.9986486486486487, 0.0, 0.0, 0.0]
