Validation cm: [[740   0   0   0]
 [ 92   0   0   0]
 [ 77   0   0   0]
 [130   0   0   0]]
Validation normalized_cm: [[1. 0. 0. 0.]
 [1. 0. 0. 0.]
 [1. 0. 0. 0.]
 [1. 0. 0. 0.]]
Validation acc: 0.7122232916265641
Validation class_accuracies: [1.0, 0.0, 0.0, 0.0]
Validation precision: None
Validation recall: None
Validation f1: None
Validation roc_auc: None
Validation avg_accuracy: 0.25
Validation one_indexed_epoch: 1
Tensorflow Version: 2.7.1
Num GPUs Available:  1
Collecting Variables...
All variables have been collected.
../cache/
cw
train46
Description: Leaf with model 9/mixednet with P-T trying solo crackles or wheezes detection
-----------------------
Job id is 1.
- Loading Perch.
3278 Perch audios have been loaded.
- Loading Icbhi.
725 Icbhi audios have been loaded.
- Loading Antwerp.
131 Antwerp audios have been loaded.
- Preparing Perch.
862 Perch groups of audio chunks (by filename or patients) have been prepared.
- Preparing Icbhi.
112 Icbhi groups of audio chunks (by filename or patients) have been prepared.
- Preparing Antwerp.
15 Antwerp groups of audio chunks (by filename or patients) have been prepared.
--- Samples are being split into training/val groups and de-grouped by patient ---
--- Perch training dataset went from 0 to 2649 elements, with 2346 none's, 61 crakles, 186 wheezes and 56 both ---
--- Perch Validation dataset contains 629 elements, with 551 none, 12 crackles, 54 wheezes and 12 both ---
--- Icbhi training dataset went from 0 to 2040 elements, with 707 none's, 720 crakles, 285 wheezes and 327 both ---
--- Icbhi Validation dataset contains 299 elements, with 172 none, 70 crackles, 18 wheezes and 39 both ---
--- Antwerp training dataset went from 0 to 580 elements, with 82 none's, 16 crakles, 448 wheezes and 34 both ---
--- Antwerp Validation dataset contains 111 elements, with 17 none, 10 crackles, 5 wheezes and 79 both ---
-----------------------
--- Final training dataset went from 0 to 5269 elements, with 3135 none's, 797 crakles, 919 wheezes and 417 both ---
--- Final Validation dataset contains 1039 elements, with 740 none, 92 crackles, 77 wheezes and 130 both ---
Model: "leaf_mixednet_model"
______________________________________________________________________________________________________________
 Layer (type)                                    Output Shape                                Param #          
==============================================================================================================
 leaf (Leaf)                                     multiple                                    560              
                                                                                                              
 sequential (Sequential)                         (None, 128)                                 105694           
                                                                                                              
 dense (Dense)                                   multiple                                    258              
                                                                                                              
==============================================================================================================
Total params: 106,512
Trainable params: 106,016
Non-trainable params: 496
______________________________________________________________________________________________________________
Model: "leaf_model9_model"
______________________________________________________________________________________________________________
 Layer (type)                                    Output Shape                                Param #          
==============================================================================================================
 leaf (Leaf)                                     multiple                                    560              
                                                                                                              
 batch_normalization_5 (BatchNormalization)      multiple                                    4                
                                                                                                              
 sequential_1 (Sequential)                       (None, 80, 500, 16)                         2352             
                                                                                                              
 sequential_2 (Sequential)                       (None, 80, 500, 16)                         6448             
                                                                                                              
 sequential_3 (Sequential)                       (None, 80, 500, 16)                         32               
                                                                                                              
 concatenate (Concatenate)                       multiple                                    0                
                                                                                                              
 sequential_4 (Sequential)                       (None, 512)                                 6191296          
                                                                                                              
 dense_1 (Dense)                                 multiple                                    1026             
                                                                                                              
==============================================================================================================
Total params: 6,201,718
Trainable params: 6,160,212
Non-trainable params: 41,506
______________________________________________________________________________________________________________
Target metric is avg_accuracy
Epoch 1/40
-- New best results were achieved. --
Saving model...
330/330 - 914s - accuracy: 0.5734 - student_loss: 0.8405 - distillation_loss: 0.0011 - val_accuracy: 0.9259 - val_student_loss: 0.4218 - 914s/epoch - 3s/step
Validation cm: [[739   0   1   0]
 [ 92   0   0   0]
 [ 73   0   4   0]
 [117   0  13   0]]
Validation normalized_cm: [[0.999 0.    0.001 0.   ]
 [1.    0.    0.    0.   ]
 [0.948 0.    0.052 0.   ]
 [0.9   0.    0.1   0.   ]]
Validation acc: 0.7151106833493744
Validation class_accuracies: [0.9986486486486487, 0.0, 0.05194805194805195, 0.0]
Validation precision: None
Validation recall: None
Validation f1: None
Validation roc_auc: None
Validation avg_accuracy: 0.26264917514917513
Validation one_indexed_epoch: 2
Epoch 2/40
-- New best results were achieved. --
Saving model...
330/330 - 898s - accuracy: 0.5834 - student_loss: 0.3503 - distillation_loss: 0.0031 - val_accuracy: 0.6169 - val_student_loss: 0.0751 - 898s/epoch - 3s/step
Validation cm: [[580   0 158   2]
 [ 83   0   9   0]
 [ 45   0  30   2]
 [ 63   0  62   5]]
Validation normalized_cm: [[0.784 0.    0.214 0.003]
 [0.902 0.    0.098 0.   ]
 [0.584 0.    0.39  0.026]
 [0.485 0.    0.477 0.038]]
Validation acc: 0.591915303176131
Validation class_accuracies: [0.7837837837837838, 0.0, 0.38961038961038963, 0.038461538461538464]
Validation precision: None
Validation recall: None
Validation f1: None
Validation roc_auc: None
Validation avg_accuracy: 0.30296392796392796
Validation one_indexed_epoch: 3
Epoch 3/40
-- New best results were achieved. --
Saving model...
330/330 - 898s - accuracy: 0.6176 - student_loss: 0.2243 - distillation_loss: -3.5903e-03 - val_accuracy: 0.1694 - val_student_loss: 0.1577 - 898s/epoch - 3s/step
Validation cm: [[694  35  10   1]
 [ 81   7   3   1]
 [ 76   0   1   0]
 [122   3   5   0]]
Validation normalized_cm: [[0.938 0.047 0.014 0.001]
 [0.88  0.076 0.033 0.011]
 [0.987 0.    0.013 0.   ]
 [0.938 0.023 0.038 0.   ]]
Validation acc: 0.6756496631376323
Validation class_accuracies: [0.9378378378378378, 0.07608695652173914, 0.012987012987012988, 0.0]
Validation precision: None
Validation recall: None
Validation f1: None
Validation roc_auc: None
Validation avg_accuracy: 0.2567279518366475
Validation one_indexed_epoch: 4
Epoch 4/40
The validation tracker metric at 0.30296392796392796 hasn't increased by 0 in 1 epochs
330/330 - 902s - accuracy: 0.6181 - student_loss: 0.3977 - distillation_loss: -7.9354e-04 - val_accuracy: 0.6102 - val_student_loss: 1.3610e-04 - 902s/epoch - 3s/step
Validation cm: [[635  41  46  18]
 [ 56  16  16   4]
 [ 48   2  15  12]
 [ 65  22  22  21]]
Validation normalized_cm: [[0.858 0.055 0.062 0.024]
 [0.609 0.174 0.174 0.043]
 [0.623 0.026 0.195 0.156]
 [0.5   0.169 0.169 0.162]]
Validation acc: 0.6612127045235804
Validation class_accuracies: [0.8581081081081081, 0.17391304347826086, 0.19480519480519481, 0.16153846153846155]
Validation precision: None
Validation recall: None
Validation f1: None
Validation roc_auc: None
Validation avg_accuracy: 0.34709120198250637
Validation one_indexed_epoch: 5
Epoch 5/40
-- New best results were achieved. --
Saving model...
330/330 - 897s - accuracy: 0.5923 - student_loss: 0.4049 - distillation_loss: 3.9021e-05 - val_accuracy: 0.5861 - val_student_loss: 0.0131 - 897s/epoch - 3s/step
Validation cm: [[686  48   5   1]
 [ 82  10   0   0]
 [ 71   0   5   1]
 [106   5  15   4]]
Validation normalized_cm: [[0.927 0.065 0.007 0.001]
 [0.891 0.109 0.    0.   ]
 [0.922 0.    0.065 0.013]
 [0.815 0.038 0.115 0.031]]
Validation acc: 0.6785370548604427
Validation class_accuracies: [0.927027027027027, 0.10869565217391304, 0.06493506493506493, 0.03076923076923077]
Validation precision: None
Validation recall: None
Validation f1: None
Validation roc_auc: None
Validation avg_accuracy: 0.28285674372630887
Validation one_indexed_epoch: 6
Epoch 6/40
The validation tracker metric at 0.34709120198250637 hasn't increased by 0 in 1 epochs
330/330 - 889s - accuracy: 0.6161 - student_loss: 0.4470 - distillation_loss: -6.3466e-03 - val_accuracy: 0.3244 - val_student_loss: 7.9847e-04 - 889s/epoch - 3s/step
Validation cm: [[655  34  47   4]
 [ 76  12   3   1]
 [ 37   1  35   4]
 [ 65   5  51   9]]
Validation normalized_cm: [[0.885 0.046 0.064 0.005]
 [0.826 0.13  0.033 0.011]
 [0.481 0.013 0.455 0.052]
 [0.5   0.038 0.392 0.069]]
Validation acc: 0.6843118383060636
Validation class_accuracies: [0.8851351351351351, 0.13043478260869565, 0.45454545454545453, 0.06923076923076923]
Validation precision: None
Validation recall: None
Validation f1: None
Validation roc_auc: None
Validation avg_accuracy: 0.3848365353800136
Validation one_indexed_epoch: 7
Epoch 7/40
-- New best results were achieved. --
Saving model...
330/330 - 897s - accuracy: 0.6421 - student_loss: 0.4570 - distillation_loss: 0.0021 - val_accuracy: 0.3532 - val_student_loss: 0.0015 - 897s/epoch - 3s/step
Validation cm: [[397  10 330   3]
 [ 37   1  54   0]
 [ 38   0  39   0]
 [ 22   0 108   0]]
Validation normalized_cm: [[0.536 0.014 0.446 0.004]
 [0.402 0.011 0.587 0.   ]
 [0.494 0.    0.506 0.   ]
 [0.169 0.    0.831 0.   ]]
Validation acc: 0.42059672762271416
Validation class_accuracies: [0.5364864864864864, 0.010869565217391304, 0.5064935064935064, 0.0]
Validation precision: None
Validation recall: None
Validation f1: None
Validation roc_auc: None
Validation avg_accuracy: 0.2634623895493461
Validation one_indexed_epoch: 8
Epoch 8/40
The validation tracker metric at 0.3848365353800136 hasn't increased by 0 in 1 epochs
330/330 - 942s - accuracy: 0.6238 - student_loss: 0.3921 - distillation_loss: 0.0019 - val_accuracy: 0.1877 - val_student_loss: 6.2722 - 942s/epoch - 3s/step
Validation cm: [[647  83   8   2]
 [ 69  23   0   0]
 [ 59   8  10   0]
 [101  12  11   6]]
Validation normalized_cm: [[0.874 0.112 0.011 0.003]
 [0.75  0.25  0.    0.   ]
 [0.766 0.104 0.13  0.   ]
 [0.777 0.092 0.085 0.046]]
Validation acc: 0.6602502406159769
Validation class_accuracies: [0.8743243243243243, 0.25, 0.12987012987012986, 0.046153846153846156]
Validation precision: None
Validation recall: None
Validation f1: None
Validation roc_auc: None
Validation avg_accuracy: 0.32508707508707513
Validation one_indexed_epoch: 9
Epoch 9/40
The validation tracker metric at 0.3848365353800136 hasn't increased by 0 in 2 epochs
330/330 - 930s - accuracy: 0.6058 - student_loss: 0.2815 - distillation_loss: -4.3777e-03 - val_accuracy: 0.7526 - val_student_loss: 5.8629e-06 - 930s/epoch - 3s/step
Validation cm: [[693  35  12   0]
 [ 84   6   2   0]
 [ 69   0   8   0]
 [105   7  14   4]]
Validation normalized_cm: [[0.936 0.047 0.016 0.   ]
 [0.913 0.065 0.022 0.   ]
 [0.896 0.    0.104 0.   ]
 [0.808 0.054 0.108 0.031]]
Validation acc: 0.6843118383060636
Validation class_accuracies: [0.9364864864864865, 0.06521739130434782, 0.1038961038961039, 0.03076923076923077]
Validation precision: None
Validation recall: None
Validation f1: None
Validation roc_auc: None
Validation avg_accuracy: 0.2840923031140422
Validation one_indexed_epoch: 10
Epoch 10/40
The validation tracker metric at 0.3848365353800136 hasn't increased by 0 in 3 epochs
330/330 - 937s - accuracy: 0.6322 - student_loss: 0.6712 - distillation_loss: 0.0057 - val_accuracy: 0.2676 - val_student_loss: 0.0027 - 937s/epoch - 3s/step
Validation cm: [[631 103   6   0]
 [ 53  37   2   0]
 [ 49  17   9   2]
 [ 70  40  12   8]]
Validation normalized_cm: [[0.853 0.139 0.008 0.   ]
 [0.576 0.402 0.022 0.   ]
 [0.636 0.221 0.117 0.026]
 [0.538 0.308 0.092 0.062]]
Validation acc: 0.6592877767083735
Validation class_accuracies: [0.8527027027027027, 0.40217391304347827, 0.11688311688311688, 0.06153846153846154]
Validation precision: None
Validation recall: None
Validation f1: None
Validation roc_auc: None
Validation avg_accuracy: 0.35832454854193985
Validation one_indexed_epoch: 11
Epoch 11/40
The validation tracker metric at 0.3848365353800136 hasn't increased by 0 in 4 epochs
330/330 - 928s - accuracy: 0.6033 - student_loss: 1.0924 - distillation_loss: 0.0036 - val_accuracy: 0.6285 - val_student_loss: 0.0998 - 928s/epoch - 3s/step
