Tensorflow Version: 2.8.0
Num GPUs Available:  1
Collecting Variables...
All variables have been collected.
../cache/
cw
train54
Description: new callback
-----------------------
Job id is 1.
- Loading Perch.
3278 Perch audios have been loaded.
- Loading Icbhi.
725 Icbhi audios have been loaded.
- Loading Antwerp.
131 Antwerp audios have been loaded.
- Preparing Perch.
862 Perch groups of audio chunks (by filename or patients) have been prepared.
- Preparing Icbhi.
112 Icbhi groups of audio chunks (by filename or patients) have been prepared.
- Preparing Antwerp.
15 Antwerp groups of audio chunks (by filename or patients) have been prepared.
--- Samples are being split into training/val groups and de-grouped by patient ---
--- Perch training dataset went from 0 to 2649 elements, with 2346 none's, 61 crakles, 186 wheezes and 56 both ---
--- Perch Validation dataset contains 629 elements, with 551 none, 12 crackles, 54 wheezes and 12 both ---
--- Icbhi training dataset went from 0 to 2040 elements, with 707 none's, 720 crakles, 285 wheezes and 327 both ---
--- Icbhi Validation dataset contains 299 elements, with 172 none, 70 crackles, 18 wheezes and 39 both ---
--- Antwerp training dataset went from 0 to 580 elements, with 82 none's, 16 crakles, 448 wheezes and 34 both ---
--- Antwerp Validation dataset contains 111 elements, with 17 none, 10 crackles, 5 wheezes and 79 both ---
0
0
0
0
-----------------------
--- Final training dataset went from 0 to 5269 elements, with 3135 none's, 797 crakles, 919 wheezes and 417 both ---
--- Final Validation dataset contains 1039 elements, with 740 none, 92 crackles, 77 wheezes and 130 both ---
Model: "leaf_mixednet_model"
______________________________________________________________________________________________________________
 Layer (type)                                    Output Shape                                Param #          
==============================================================================================================
 leaf (Leaf)                                     multiple                                    560              
                                                                                                              
 sequential (Sequential)                         (None, 2)                                   105952           
                                                                                                              
==============================================================================================================
Total params: 106,512
Trainable params: 106,016
Non-trainable params: 496
______________________________________________________________________________________________________________
Target metric is avg_accuracy
Epoch 1/25
Validation cm: [[  8   0   0 732]
 [  0   0   0  92]
 [  3   0   0  74]
 [  0   0   0 130]]
Validation normalized_cm: [[0.011 0.    0.    0.989]
 [0.    0.    0.    1.   ]
 [0.039 0.    0.    0.961]
 [0.    0.    0.    1.   ]]
Validation acc: 0.13282001924927817
Validation class_accuracies: [0.010810810810810811, 0.0, 0.0, 1.0]
Validation precision: None
Validation recall: None
Validation f1: None
Validation roc_auc: None
Validation avg_accuracy: 0.2527027027027027
Validation one_indexed_epoch: 1
-- New best results were achieved. --
330/330 - 535s - loss: 0.4620 - accuracy: 0.5284 - 535s/epoch - 2s/step
Epoch 2/25
Validation cm: [[669   0  71   0]
 [ 75   0  17   0]
 [ 68   0   9   0]
 [ 44   0  86   0]]
Validation normalized_cm: [[0.904 0.    0.096 0.   ]
 [0.815 0.    0.185 0.   ]
 [0.883 0.    0.117 0.   ]
 [0.338 0.    0.662 0.   ]]
Validation acc: 0.6525505293551492
Validation class_accuracies: [0.904054054054054, 0.0, 0.11688311688311688, 0.0]
Validation precision: None
Validation recall: None
Validation f1: None
Validation roc_auc: None
Validation avg_accuracy: 0.2552342927342927
Validation one_indexed_epoch: 2
-- New best results were achieved. --
330/330 - 540s - loss: 0.4122 - accuracy: 0.5817 - 540s/epoch - 2s/step
Epoch 3/25
Validation cm: [[740   0   0   0]
 [ 92   0   0   0]
 [ 77   0   0   0]
 [130   0   0   0]]
Validation normalized_cm: [[1. 0. 0. 0.]
 [1. 0. 0. 0.]
 [1. 0. 0. 0.]
 [1. 0. 0. 0.]]
Validation acc: 0.7122232916265641
Validation class_accuracies: [1.0, 0.0, 0.0, 0.0]
Validation precision: None
Validation recall: None
Validation f1: None
Validation roc_auc: None
Validation avg_accuracy: 0.25
Validation one_indexed_epoch: 3
The validation tracker metric at 0.2552342927342927 hasn't increased by 0 in 1 epochs
330/330 - 539s - loss: 0.3768 - accuracy: 0.5861 - 539s/epoch - 2s/step
Epoch 4/25
Validation cm: [[739   1   0   0]
 [ 92   0   0   0]
 [ 77   0   0   0]
 [127   0   3   0]]
Validation normalized_cm: [[0.999 0.001 0.    0.   ]
 [1.    0.    0.    0.   ]
 [1.    0.    0.    0.   ]
 [0.977 0.    0.023 0.   ]]
Validation acc: 0.7112608277189605
Validation class_accuracies: [0.9986486486486487, 0.0, 0.0, 0.0]
Validation precision: None
Validation recall: None
Validation f1: None
Validation roc_auc: None
Validation avg_accuracy: 0.24966216216216217
Validation one_indexed_epoch: 4
The validation tracker metric at 0.2552342927342927 hasn't increased by 0 in 2 epochs
330/330 - 540s - loss: 0.3581 - accuracy: 0.5933 - 540s/epoch - 2s/step
Epoch 5/25
Validation cm: [[656  84   0   0]
 [ 55  37   0   0]
 [ 74   3   0   0]
 [ 82  42   4   2]]
Validation normalized_cm: [[0.886 0.114 0.    0.   ]
 [0.598 0.402 0.    0.   ]
 [0.961 0.039 0.    0.   ]
 [0.631 0.323 0.031 0.015]]
Validation acc: 0.6689124157844081
Validation class_accuracies: [0.8864864864864865, 0.40217391304347827, 0.0, 0.015384615384615385]
Validation precision: None
Validation recall: None
Validation f1: None
Validation roc_auc: None
Validation avg_accuracy: 0.32601125372864503
Validation one_indexed_epoch: 5
-- New best results were achieved. --
330/330 - 539s - loss: 0.3370 - accuracy: 0.6109 - 539s/epoch - 2s/step
Epoch 6/25
Validation cm: [[713   1  23   3]
 [ 84   4   4   0]
 [ 66   1   9   1]
 [ 71   0  45  14]]
Validation normalized_cm: [[0.964 0.001 0.031 0.004]
 [0.913 0.043 0.043 0.   ]
 [0.857 0.013 0.117 0.013]
 [0.546 0.    0.346 0.108]]
Validation acc: 0.7122232916265641
Validation class_accuracies: [0.9635135135135136, 0.043478260869565216, 0.11688311688311688, 0.1076923076923077]
Validation precision: None
Validation recall: None
Validation f1: None
Validation roc_auc: None
Validation avg_accuracy: 0.3078917997396258
Validation one_indexed_epoch: 6
The validation tracker metric at 0.32601125372864503 hasn't increased by 0 in 1 epochs
330/330 - 502s - loss: 0.3181 - accuracy: 0.6098 - 502s/epoch - 2s/step
Epoch 7/25
Validation cm: [[565  58  79  38]
 [ 76  10   5   1]
 [ 33   3  31  10]
 [ 59   2  48  21]]
Validation normalized_cm: [[0.764 0.078 0.107 0.051]
 [0.826 0.109 0.054 0.011]
 [0.429 0.039 0.403 0.13 ]
 [0.454 0.015 0.369 0.162]]
Validation acc: 0.6034648700673725
Validation class_accuracies: [0.7635135135135135, 0.10869565217391304, 0.4025974025974026, 0.16153846153846155]
Validation precision: None
Validation recall: None
Validation f1: None
Validation roc_auc: None
Validation avg_accuracy: 0.35908625745582273
Validation one_indexed_epoch: 7
-- New best results were achieved. --
330/330 - 486s - loss: 0.2983 - accuracy: 0.6161 - 486s/epoch - 1s/step
Epoch 8/25
Validation cm: [[732   1   6   1]
 [ 92   0   0   0]
 [ 77   0   0   0]
 [103   0  27   0]]
Validation normalized_cm: [[0.989 0.001 0.008 0.001]
 [1.    0.    0.    0.   ]
 [1.    0.    0.    0.   ]
 [0.792 0.    0.208 0.   ]]
Validation acc: 0.7045235803657363
Validation class_accuracies: [0.9891891891891892, 0.0, 0.0, 0.0]
Validation precision: None
Validation recall: None
Validation f1: None
Validation roc_auc: None
Validation avg_accuracy: 0.2472972972972973
Validation one_indexed_epoch: 8
The validation tracker metric at 0.35908625745582273 hasn't increased by 0 in 1 epochs
330/330 - 509s - loss: 0.2882 - accuracy: 0.6521 - 509s/epoch - 2s/step
Epoch 9/25
Validation cm: [[538  84  88  30]
 [ 36  33  13  10]
 [ 29   3  34  11]
 [ 22  14  53  41]]
Validation normalized_cm: [[0.727 0.114 0.119 0.041]
 [0.391 0.359 0.141 0.109]
 [0.377 0.039 0.442 0.143]
 [0.169 0.108 0.408 0.315]]
Validation acc: 0.6217516843118384
Validation class_accuracies: [0.727027027027027, 0.358695652173913, 0.44155844155844154, 0.3153846153846154]
Validation precision: None
Validation recall: None
Validation f1: None
Validation roc_auc: None
Validation avg_accuracy: 0.4606664340359992
Validation one_indexed_epoch: 9
-- New best results were achieved. --
330/330 - 503s - loss: 0.2714 - accuracy: 0.6510 - 503s/epoch - 2s/step
Epoch 10/25
Validation cm: [[529  70  94  47]
 [ 26  36  14  16]
 [ 32   1  38   6]
 [ 13   9  74  34]]
Validation normalized_cm: [[0.715 0.095 0.127 0.064]
 [0.283 0.391 0.152 0.174]
 [0.416 0.013 0.494 0.078]
 [0.1   0.069 0.569 0.262]]
Validation acc: 0.6130895091434071
Validation class_accuracies: [0.7148648648648649, 0.391304347826087, 0.4935064935064935, 0.26153846153846155]
Validation precision: None
Validation recall: None
Validation f1: None
Validation roc_auc: None
Validation avg_accuracy: 0.4653035419339767
Validation one_indexed_epoch: 10
-- New best results were achieved. --
330/330 - 504s - loss: 0.2595 - accuracy: 0.6385 - 504s/epoch - 2s/step
Epoch 11/25
Validation cm: [[641  50  30  19]
 [ 56  18   4  14]
 [ 68   0   3   6]
 [ 32  18  29  51]]
Validation normalized_cm: [[0.866 0.068 0.041 0.026]
 [0.609 0.196 0.043 0.152]
 [0.883 0.    0.039 0.078]
 [0.246 0.138 0.223 0.392]]
Validation acc: 0.6862367661212705
Validation class_accuracies: [0.8662162162162163, 0.1956521739130435, 0.03896103896103896, 0.3923076923076923]
Validation precision: None
Validation recall: None
Validation f1: None
Validation roc_auc: None
Validation avg_accuracy: 0.37328428034949773
Validation one_indexed_epoch: 11
The validation tracker metric at 0.4653035419339767 hasn't increased by 0 in 1 epochs
330/330 - 497s - loss: 0.2370 - accuracy: 0.6546 - 497s/epoch - 2s/step
Epoch 12/25
Validation cm: [[725   8   6   1]
 [ 91   0   1   0]
 [ 74   3   0   0]
 [126   2   2   0]]
Validation normalized_cm: [[0.98  0.011 0.008 0.001]
 [0.989 0.    0.011 0.   ]
 [0.961 0.039 0.    0.   ]
 [0.969 0.015 0.015 0.   ]]
Validation acc: 0.697786333012512
Validation class_accuracies: [0.9797297297297297, 0.0, 0.0, 0.0]
Validation precision: None
Validation recall: None
Validation f1: None
Validation roc_auc: None
Validation avg_accuracy: 0.24493243243243243
Validation one_indexed_epoch: 12
The validation tracker metric at 0.4653035419339767 hasn't increased by 0 in 2 epochs
330/330 - 497s - loss: 0.2309 - accuracy: 0.6350 - 497s/epoch - 2s/step
Epoch 13/25
Validation cm: [[712  26   1   1]
 [ 80  12   0   0]
 [ 71   5   1   0]
 [110   7  10   3]]
Validation normalized_cm: [[0.962 0.035 0.001 0.001]
 [0.87  0.13  0.    0.   ]
 [0.922 0.065 0.013 0.   ]
 [0.846 0.054 0.077 0.023]]
Validation acc: 0.7006737247353224
Validation class_accuracies: [0.9621621621621622, 0.13043478260869565, 0.012987012987012988, 0.023076923076923078]
Validation precision: None
Validation recall: None
Validation f1: None
Validation roc_auc: None
Validation avg_accuracy: 0.28216522020869844
Validation one_indexed_epoch: 13
The validation tracker metric at 0.4653035419339767 hasn't increased by 0 in 3 epochs
330/330 - 499s - loss: 0.2238 - accuracy: 0.6347 - 499s/epoch - 2s/step
Epoch 14/25
Validation cm: [[679  46   3  12]
 [ 70  22   0   0]
 [ 76   1   0   0]
 [ 95  23   1  11]]
Validation normalized_cm: [[0.918 0.062 0.004 0.016]
 [0.761 0.239 0.    0.   ]
 [0.987 0.013 0.    0.   ]
 [0.731 0.177 0.008 0.085]]
Validation acc: 0.685274302213667
Validation class_accuracies: [0.9175675675675675, 0.2391304347826087, 0.0, 0.08461538461538462]
Validation precision: None
Validation recall: None
Validation f1: None
Validation roc_auc: None
Validation avg_accuracy: 0.3103283467413902
Validation one_indexed_epoch: 14
The validation tracker metric at 0.4653035419339767 hasn't increased by 0 in 4 epochs
330/330 - 498s - loss: 0.2049 - accuracy: 0.6208 - 498s/epoch - 2s/step
Epoch 15/25
Validation cm: [[178 213 112 237]
 [ 31  44   9   8]
 [ 13  10  14  40]
 [ 41   9  44  36]]
Validation normalized_cm: [[0.241 0.288 0.151 0.32 ]
 [0.337 0.478 0.098 0.087]
 [0.169 0.13  0.182 0.519]
 [0.315 0.069 0.338 0.277]]
Validation acc: 0.26179018286814243
Validation class_accuracies: [0.24054054054054055, 0.4782608695652174, 0.18181818181818182, 0.27692307692307694]
Validation precision: None
Validation recall: None
Validation f1: None
Validation roc_auc: None
Validation avg_accuracy: 0.2943856672117542
Validation one_indexed_epoch: 15
The validation tracker metric at 0.4653035419339767 hasn't increased by 0 in 5 epochs
330/330 - 495s - loss: 0.1863 - accuracy: 0.6400 - 495s/epoch - 1s/step
Epoch 16/25
Validation cm: [[606  75  30  29]
 [ 55  13  11  13]
 [ 61   9   4   3]
 [ 51  21  20  38]]
Validation normalized_cm: [[0.819 0.101 0.041 0.039]
 [0.598 0.141 0.12  0.141]
 [0.792 0.117 0.052 0.039]
 [0.392 0.162 0.154 0.292]]
Validation acc: 0.6361886429258903
Validation class_accuracies: [0.8189189189189189, 0.14130434782608695, 0.05194805194805195, 0.2923076923076923]
Validation precision: None
Validation recall: None
Validation f1: None
Validation roc_auc: None
Validation avg_accuracy: 0.3261197527501875
Validation one_indexed_epoch: 16
The validation tracker metric at 0.4653035419339767 hasn't increased by 0 in 6 epochs
330/330 - 495s - loss: 0.1866 - accuracy: 0.6217 - 495s/epoch - 2s/step
Epoch 17/25
Validation cm: [[513 118  45  64]
 [ 29  42   1  20]
 [ 29  12  21  15]
 [ 17  23  20  70]]
Validation normalized_cm: [[0.693 0.159 0.061 0.086]
 [0.315 0.457 0.011 0.217]
 [0.377 0.156 0.273 0.195]
 [0.131 0.177 0.154 0.538]]
Validation acc: 0.6217516843118384
Validation class_accuracies: [0.6932432432432433, 0.45652173913043476, 0.2727272727272727, 0.5384615384615384]
Validation precision: None
Validation recall: None
Validation f1: None
Validation roc_auc: None
Validation avg_accuracy: 0.49023844839062225
Validation one_indexed_epoch: 17
-- New best results were achieved. --
330/330 - 499s - loss: 0.1728 - accuracy: 0.6460 - 499s/epoch - 2s/step
Epoch 18/25
Validation cm: [[503  96  57  84]
 [ 22  40   2  28]
 [ 28   3  31  15]
 [  6  15  34  75]]
Validation normalized_cm: [[0.68  0.13  0.077 0.114]
 [0.239 0.435 0.022 0.304]
 [0.364 0.039 0.403 0.195]
 [0.046 0.115 0.262 0.577]]
Validation acc: 0.6246390760346487
Validation class_accuracies: [0.6797297297297298, 0.43478260869565216, 0.4025974025974026, 0.5769230769230769]
Validation precision: None
Validation recall: None
Validation f1: None
Validation roc_auc: None
Validation avg_accuracy: 0.5235082044864654
Validation one_indexed_epoch: 18
-- New best results were achieved. --
330/330 - 499s - loss: 0.1483 - accuracy: 0.6375 - 499s/epoch - 2s/step
Epoch 19/25
Validation cm: [[701  39   0   0]
 [ 67  25   0   0]
 [ 75   2   0   0]
 [111  18   1   0]]
Validation normalized_cm: [[0.947 0.053 0.    0.   ]
 [0.728 0.272 0.    0.   ]
 [0.974 0.026 0.    0.   ]
 [0.854 0.138 0.008 0.   ]]
Validation acc: 0.6987487969201155
Validation class_accuracies: [0.9472972972972973, 0.2717391304347826, 0.0, 0.0]
Validation precision: None
Validation recall: None
Validation f1: None
Validation roc_auc: None
Validation avg_accuracy: 0.30475910693302
Validation one_indexed_epoch: 19
The validation tracker metric at 0.5235082044864654 hasn't increased by 0 in 1 epochs
330/330 - 502s - loss: 0.1343 - accuracy: 0.6324 - 502s/epoch - 2s/step
Epoch 20/25
Validation cm: [[632  42  35  31]
 [ 51  10  11  20]
 [ 49   7  12   9]
 [ 24  13  27  66]]
Validation normalized_cm: [[0.854 0.057 0.047 0.042]
 [0.554 0.109 0.12  0.217]
 [0.636 0.091 0.156 0.117]
 [0.185 0.1   0.208 0.508]]
Validation acc: 0.6929740134744947
Validation class_accuracies: [0.8540540540540541, 0.10869565217391304, 0.15584415584415584, 0.5076923076923077]
Validation precision: None
Validation recall: None
Validation f1: None
Validation roc_auc: None
Validation avg_accuracy: 0.40657154244110766
Validation one_indexed_epoch: 20
The validation tracker metric at 0.5235082044864654 hasn't increased by 0 in 2 epochs
330/330 - 500s - loss: 0.1265 - accuracy: 0.6221 - 500s/epoch - 2s/step
Epoch 21/25
Validation cm: [[674  45  15   6]
 [ 57  25   9   1]
 [ 66   4   6   1]
 [ 49  13  52  16]]
Validation normalized_cm: [[0.911 0.061 0.02  0.008]
 [0.62  0.272 0.098 0.011]
 [0.857 0.052 0.078 0.013]
 [0.377 0.1   0.4   0.123]]
Validation acc: 0.6939364773820982
Validation class_accuracies: [0.9108108108108108, 0.2717391304347826, 0.07792207792207792, 0.12307692307692308]
Validation precision: None
Validation recall: None
Validation f1: None
Validation roc_auc: None
Validation avg_accuracy: 0.3458872355611486
Validation one_indexed_epoch: 21
The validation tracker metric at 0.5235082044864654 hasn't increased by 0 in 3 epochs
330/330 - 498s - loss: 0.1151 - accuracy: 0.6166 - 498s/epoch - 2s/step
Epoch 22/25
Validation cm: [[286 385  12  57]
 [ 45  43   2   2]
 [ 27  23   3  24]
 [ 54  26   7  43]]
Validation normalized_cm: [[0.386 0.52  0.016 0.077]
 [0.489 0.467 0.022 0.022]
 [0.351 0.299 0.039 0.312]
 [0.415 0.2   0.054 0.331]]
Validation acc: 0.36092396535129934
Validation class_accuracies: [0.3864864864864865, 0.4673913043478261, 0.03896103896103896, 0.33076923076923076]
Validation precision: None
Validation recall: None
Validation f1: None
Validation roc_auc: None
Validation avg_accuracy: 0.30590201514114557
Validation one_indexed_epoch: 22
The validation tracker metric at 0.5235082044864654 hasn't increased by 0 in 4 epochs
330/330 - 510s - loss: 0.0986 - accuracy: 0.6385 - 510s/epoch - 2s/step
Epoch 23/25
Validation cm: [[317 223  91 109]
 [ 39  39   5   9]
 [ 18  13  16  30]
 [ 43  12  25  50]]
Validation normalized_cm: [[0.428 0.301 0.123 0.147]
 [0.424 0.424 0.054 0.098]
 [0.234 0.169 0.208 0.39 ]
 [0.331 0.092 0.192 0.385]]
Validation acc: 0.4061597690086622
Validation class_accuracies: [0.4283783783783784, 0.42391304347826086, 0.2077922077922078, 0.38461538461538464]
Validation precision: None
Validation recall: None
Validation f1: None
Validation roc_auc: None
Validation avg_accuracy: 0.36117475356605794
Validation one_indexed_epoch: 23
The validation tracker metric at 0.5235082044864654 hasn't increased by 0 in 5 epochs
330/330 - 492s - loss: 0.1033 - accuracy: 0.6481 - 492s/epoch - 1s/step
Epoch 24/25
Validation cm: [[308 391  17  24]
 [ 32  60   0   0]
 [ 29  38   0  10]
 [ 77  33   6  14]]
Validation normalized_cm: [[0.416 0.528 0.023 0.032]
 [0.348 0.652 0.    0.   ]
 [0.377 0.494 0.    0.13 ]
 [0.592 0.254 0.046 0.108]]
Validation acc: 0.36766121270452357
Validation class_accuracies: [0.41621621621621624, 0.6521739130434783, 0.0, 0.1076923076923077]
Validation precision: None
Validation recall: None
Validation f1: None
Validation roc_auc: None
Validation avg_accuracy: 0.29402060923800055
Validation one_indexed_epoch: 24
The validation tracker metric at 0.5235082044864654 hasn't increased by 0 in 6 epochs
330/330 - 494s - loss: 0.0798 - accuracy: 0.6392 - 494s/epoch - 1s/step
Epoch 25/25
Validation cm: [[489 177  49  25]
 [ 35  43   3  11]
 [ 36  15  13  13]
 [ 29  23  28  50]]
Validation normalized_cm: [[0.661 0.239 0.066 0.034]
 [0.38  0.467 0.033 0.12 ]
 [0.468 0.195 0.169 0.169]
 [0.223 0.177 0.215 0.385]]
Validation acc: 0.5726660250240616
Validation class_accuracies: [0.6608108108108108, 0.4673913043478261, 0.16883116883116883, 0.38461538461538464]
Validation precision: None
Validation recall: None
Validation f1: None
Validation roc_auc: None
Validation avg_accuracy: 0.4204121671512976
Validation one_indexed_epoch: 25
The validation tracker metric at 0.5235082044864654 hasn't increased by 0 in 7 epochs
330/330 - 510s - loss: 0.0759 - accuracy: 0.6553 - 510s/epoch - 2s/step
----------------------------------
The best metrics for this job are: 

Best avg_accuracy: 0.5235082044864654
Best cm: [[503  96  57  84]
 [ 22  40   2  28]
 [ 28   3  31  15]
 [  6  15  34  75]]
Best normalized_cm: [[0.68  0.13  0.077 0.114]
 [0.239 0.435 0.022 0.304]
 [0.364 0.039 0.403 0.195]
 [0.046 0.115 0.262 0.577]]
Best acc: 0.6246390760346487
Best class_accuracies: [0.6797297297297298, 0.43478260869565216, 0.4025974025974026, 0.5769230769230769]
Best precision: None
Best recall: None
Best f1: None
Best roc_auc: None
Best one_indexed_epoch: 18
avg_accuracy
model
cm
normalized_cm
acc
class_accuracies
precision
recall
f1
roc_auc
one_indexed_epoch
Initial weights
[<tf.Variable 'kernel:0' shape=(80, 2) dtype=float32, numpy=
array([[6.753e-02, 1.502e+02],
       [8.369e-02, 9.566e+01],
       [6.877e-02, 1.499e+02],
       [5.063e-02, 1.498e+02],
       [5.113e-02, 1.499e+02],
       [4.622e-02, 9.607e+01],
       [8.769e-02, 9.571e+01],
       [7.502e-02, 9.610e+01],
       [1.446e-01, 9.577e+01],
       [1.304e-01, 9.536e+01],
       [1.169e-01, 9.536e+01],
       [1.753e-01, 9.533e+01],
       [1.853e-01, 9.522e+01],
       [1.588e-01, 9.562e+01],
       [1.403e-01, 9.587e+01],
       [2.254e-01, 9.578e+01],
       [2.157e-01, 1.502e+02],
       [1.977e-01, 9.566e+01],
       [2.391e-01, 9.598e+01],
       [2.370e-01, 9.595e+01],
       [2.609e-01, 9.577e+01],
       [2.954e-01, 9.571e+01],
       [3.244e-01, 9.565e+01],
       [3.335e-01, 9.601e+01],
       [3.173e-01, 6.385e+01],
       [3.068e-01, 9.619e+01],
       [3.606e-01, 6.353e+01],
       [4.009e-01, 9.581e+01],
       [3.771e-01, 6.371e+01],
       [4.050e-01, 6.352e+01],
       [4.453e-01, 6.324e+01],
       [4.569e-01, 6.375e+01],
       [4.707e-01, 6.408e+01],
       [5.059e-01, 6.403e+01],
       [6.299e-01, 6.401e+01],
       [5.923e-01, 6.385e+01],
       [6.177e-01, 6.406e+01],
       [6.228e-01, 6.394e+01],
       [7.467e-01, 4.789e+01],
       [7.038e-01, 4.778e+01],
       [8.073e-01, 4.803e+01],
       [8.063e-01, 4.801e+01],
       [8.426e-01, 4.803e+01],
       [8.953e-01, 4.805e+01],
       [8.950e-01, 4.794e+01],
       [8.513e-01, 4.803e+01],
       [8.570e-01, 4.798e+01],
       [9.170e-01, 3.835e+01],
       [1.032e+00, 3.835e+01],
       [1.183e+00, 3.845e+01],
       [1.129e+00, 3.866e+01],
       [1.225e+00, 3.853e+01],
       [1.271e+00, 3.196e+01],
       [1.295e+00, 3.202e+01],
       [1.295e+00, 3.845e+01],
       [1.343e+00, 3.203e+01],
       [1.387e+00, 3.199e+01],
       [1.396e+00, 3.194e+01],
       [1.367e+00, 2.747e+01],
       [1.486e+00, 2.746e+01],
       [1.683e+00, 3.207e+01],
       [1.587e+00, 2.742e+01],
       [1.582e+00, 2.733e+01],
       [1.761e+00, 2.394e+01],
       [1.780e+00, 2.398e+01],
       [1.729e+00, 2.422e+01],
       [1.926e+00, 2.391e+01],
       [1.928e+00, 2.398e+01],
       [1.965e+00, 2.124e+01],
       [2.186e+00, 2.128e+01],
       [2.185e+00, 1.920e+01],
       [2.195e+00, 1.916e+01],
       [2.327e+00, 2.131e+01],
       [2.375e+00, 1.919e+01],
       [2.543e+00, 1.923e+01],
       [2.721e+00, 1.754e+01],
       [2.758e+00, 1.754e+01],
       [2.846e+00, 1.609e+01],
       [2.846e+00, 1.756e+01],
       [2.884e+00, 1.606e+01]], dtype=float32)>, <tf.Variable 'leaf/learnable_pooling/kernel:0' shape=(1, 1, 80, 1) dtype=float32, numpy=
array([[[[0.403],
         [0.367],
         [0.394],
         [0.337],
         [0.258],
         [0.242],
         [0.288],
         [0.384],
         [0.317],
         [0.272],
         [0.222],
         [0.494],
         [0.486],
         [0.502],
         [0.503],
         [0.502],
         [0.436],
         [0.308],
         [0.501],
         [0.504],
         [0.506],
         [0.428],
         [0.291],
         [0.502],
         [0.503],
         [0.503],
         [0.502],
         [0.507],
         [0.508],
         [0.504],
         [0.502],
         [0.504],
         [0.32 ],
         [0.36 ],
         [0.407],
         [0.446],
         [0.406],
         [0.501],
         [0.423],
         [0.396],
         [0.452],
         [0.411],
         [0.285],
         [0.238],
         [0.339],
         [0.289],
         [0.324],
         [0.336],
         [0.34 ],
         [0.324],
         [0.098],
         [0.247],
         [0.44 ],
         [0.37 ],
         [0.258],
         [0.35 ],
         [0.425],
         [0.446],
         [0.329],
         [0.421],
         [0.377],
         [0.466],
         [0.503],
         [0.401],
         [0.371],
         [0.014],
         [0.386],
         [0.45 ],
         [0.501],
         [0.502],
         [0.444],
         [0.367],
         [0.403],
         [0.429],
         [0.372],
         [0.322],
         [0.305],
         [0.354],
         [0.313],
         [0.333]]]], dtype=float32)>, <tf.Variable 'leaf/PCEN/alpha:0' shape=(80,) dtype=float32, numpy=
array([0.864, 0.967, 1.015, 0.897, 0.873, 0.944, 0.937, 0.954, 0.915,
       0.915, 0.936, 0.909, 0.88 , 0.919, 0.926, 0.968, 0.92 , 0.967,
       0.925, 0.96 , 0.951, 0.96 , 0.961, 0.955, 0.944, 0.942, 0.982,
       0.917, 0.956, 0.959, 1.001, 0.925, 0.881, 0.904, 0.937, 0.888,
       0.972, 0.946, 0.919, 0.962, 0.956, 0.918, 0.926, 0.973, 1.005,
       0.972, 0.924, 1.005, 0.931, 0.954, 0.679, 0.699, 0.952, 0.934,
       0.943, 0.953, 0.931, 1.004, 0.903, 0.939, 0.926, 0.922, 0.879,
       0.905, 1.002, 1.004, 0.956, 0.868, 0.862, 0.905, 0.892, 0.933,
       0.964, 0.926, 1.004, 0.892, 1.003, 1.002, 0.847, 0.856],
      dtype=float32)>, <tf.Variable 'leaf/PCEN/delta:0' shape=(80,) dtype=float32, numpy=
array([1.917, 1.907, 1.859, 1.874, 1.937, 1.883, 1.797, 1.802, 1.923,
       1.946, 1.93 , 1.955, 1.918, 1.884, 1.905, 1.992, 2.041, 2.003,
       2.028, 1.983, 2.021, 2.034, 1.982, 1.989, 2.025, 2.027, 1.994,
       2.031, 1.991, 2.021, 1.992, 2.017, 2.045, 2.037, 2.009, 2.055,
       1.992, 2.017, 2.011, 1.968, 1.988, 2.029, 2.025, 1.978, 1.953,
       1.985, 2.039, 1.937, 2.026, 1.997, 2.122, 2.139, 2.005, 2.024,
       2.015, 2.004, 2.025, 2.004, 2.053, 2.012, 2.031, 2.035, 2.078,
       2.048, 1.953, 1.984, 2.001, 2.091, 2.098, 2.056, 2.067, 2.026,
       1.988, 2.033, 2.079, 2.067, 1.988, 2.002, 2.099, 2.053],
      dtype=float32)>, <tf.Variable 'leaf/PCEN/root:0' shape=(80,) dtype=float32, numpy=
array([1.941, 1.941, 1.94 , 1.941, 1.962, 1.931, 1.912, 1.916, 2.014,
       1.926, 1.946, 1.977, 1.973, 1.935, 1.943, 1.98 , 2.033, 2.   ,
       1.985, 1.945, 1.988, 2.018, 2.019, 2.025, 2.014, 2.044, 1.969,
       2.03 , 1.964, 2.011, 1.977, 2.013, 2.032, 2.029, 2.004, 2.061,
       2.029, 2.06 , 2.015, 1.995, 2.01 , 2.043, 2.054, 2.008, 1.985,
       2.017, 2.071, 1.974, 2.045, 2.027, 2.303, 2.311, 2.005, 2.03 ,
       2.022, 2.015, 2.036, 2.017, 2.061, 2.03 , 2.04 , 2.045, 2.088,
       2.064, 1.98 , 2.171, 2.01 , 2.09 , 2.099, 2.055, 2.067, 2.022,
       2.005, 2.035, 2.099, 2.069, 1.991, 2.006, 2.131, 2.122],
      dtype=float32)>, <tf.Variable 'leaf/PCEN/EMA/smooth:0' shape=(80,) dtype=float32, numpy=
array([ 0.111,  0.05 ,  0.054,  0.055,  0.048,  0.043,  0.034,  0.069,
        0.026,  0.031,  0.031,  0.079,  0.031,  0.087,  0.122,  0.036,
        0.046,  0.04 ,  0.044,  0.036,  0.048,  0.024,  0.044,  0.07 ,
        0.074,  0.07 ,  0.054,  0.052,  0.048,  0.039,  0.05 ,  0.033,
        0.082,  0.098,  0.039,  0.051,  0.07 ,  0.088,  0.062,  0.119,
        0.053,  0.048,  0.065,  0.165,  0.117,  0.164,  0.205,  0.036,
        0.043,  0.054, -0.013, -0.016,  0.114,  0.062,  0.052,  0.045,
        0.035,  0.08 ,  0.074,  0.057,  0.098,  0.103,  0.088,  0.027,
        0.034, -0.015,  0.088,  0.057,  0.041,  0.023,  0.08 ,  0.087,
        0.071,  0.114,  0.044,  0.107,  0.117,  0.035, -0.005, -0.015],
      dtype=float32)>]
Post training weights
[<tf.Variable 'kernel:0' shape=(80, 2) dtype=float32, numpy=
array([[6.753e-02, 1.502e+02],
       [8.369e-02, 9.566e+01],
       [6.877e-02, 1.499e+02],
       [5.063e-02, 1.498e+02],
       [5.113e-02, 1.499e+02],
       [4.622e-02, 9.607e+01],
       [8.769e-02, 9.571e+01],
       [7.502e-02, 9.610e+01],
       [1.446e-01, 9.577e+01],
       [1.304e-01, 9.536e+01],
       [1.169e-01, 9.536e+01],
       [1.753e-01, 9.533e+01],
       [1.853e-01, 9.522e+01],
       [1.588e-01, 9.562e+01],
       [1.403e-01, 9.587e+01],
       [2.254e-01, 9.578e+01],
       [2.157e-01, 1.502e+02],
       [1.977e-01, 9.566e+01],
       [2.391e-01, 9.598e+01],
       [2.370e-01, 9.595e+01],
       [2.609e-01, 9.577e+01],
       [2.954e-01, 9.571e+01],
       [3.244e-01, 9.565e+01],
       [3.335e-01, 9.601e+01],
       [3.173e-01, 6.385e+01],
       [3.068e-01, 9.619e+01],
       [3.606e-01, 6.353e+01],
       [4.009e-01, 9.581e+01],
       [3.771e-01, 6.371e+01],
       [4.050e-01, 6.352e+01],
       [4.453e-01, 6.324e+01],
       [4.569e-01, 6.375e+01],
       [4.707e-01, 6.408e+01],
       [5.059e-01, 6.403e+01],
       [6.299e-01, 6.401e+01],
       [5.923e-01, 6.385e+01],
       [6.177e-01, 6.406e+01],
       [6.228e-01, 6.394e+01],
       [7.467e-01, 4.789e+01],
       [7.038e-01, 4.778e+01],
       [8.073e-01, 4.803e+01],
       [8.063e-01, 4.801e+01],
       [8.426e-01, 4.803e+01],
       [8.953e-01, 4.805e+01],
       [8.950e-01, 4.794e+01],
       [8.513e-01, 4.803e+01],
       [8.570e-01, 4.798e+01],
       [9.170e-01, 3.835e+01],
       [1.032e+00, 3.835e+01],
       [1.183e+00, 3.845e+01],
       [1.129e+00, 3.866e+01],
       [1.225e+00, 3.853e+01],
       [1.271e+00, 3.196e+01],
       [1.295e+00, 3.202e+01],
       [1.295e+00, 3.845e+01],
       [1.343e+00, 3.203e+01],
       [1.387e+00, 3.199e+01],
       [1.396e+00, 3.194e+01],
       [1.367e+00, 2.747e+01],
       [1.486e+00, 2.746e+01],
       [1.683e+00, 3.207e+01],
       [1.587e+00, 2.742e+01],
       [1.582e+00, 2.733e+01],
       [1.761e+00, 2.394e+01],
       [1.780e+00, 2.398e+01],
       [1.729e+00, 2.422e+01],
       [1.926e+00, 2.391e+01],
       [1.928e+00, 2.398e+01],
       [1.965e+00, 2.124e+01],
       [2.186e+00, 2.128e+01],
       [2.185e+00, 1.920e+01],
       [2.195e+00, 1.916e+01],
       [2.327e+00, 2.131e+01],
       [2.375e+00, 1.919e+01],
       [2.543e+00, 1.923e+01],
       [2.721e+00, 1.754e+01],
       [2.758e+00, 1.754e+01],
       [2.846e+00, 1.609e+01],
       [2.846e+00, 1.756e+01],
       [2.884e+00, 1.606e+01]], dtype=float32)>, <tf.Variable 'leaf/learnable_pooling/kernel:0' shape=(1, 1, 80, 1) dtype=float32, numpy=
array([[[[0.403],
         [0.367],
         [0.394],
         [0.337],
         [0.258],
         [0.242],
         [0.288],
         [0.384],
         [0.317],
         [0.272],
         [0.222],
         [0.494],
         [0.486],
         [0.502],
         [0.503],
         [0.502],
         [0.436],
         [0.308],
         [0.501],
         [0.504],
         [0.506],
         [0.428],
         [0.291],
         [0.502],
         [0.503],
         [0.503],
         [0.502],
         [0.507],
         [0.508],
         [0.504],
         [0.502],
         [0.504],
         [0.32 ],
         [0.36 ],
         [0.407],
         [0.446],
         [0.406],
         [0.501],
         [0.423],
         [0.396],
         [0.452],
         [0.411],
         [0.285],
         [0.238],
         [0.339],
         [0.289],
         [0.324],
         [0.336],
         [0.34 ],
         [0.324],
         [0.098],
         [0.247],
         [0.44 ],
         [0.37 ],
         [0.258],
         [0.35 ],
         [0.425],
         [0.446],
         [0.329],
         [0.421],
         [0.377],
         [0.466],
         [0.503],
         [0.401],
         [0.371],
         [0.014],
         [0.386],
         [0.45 ],
         [0.501],
         [0.502],
         [0.444],
         [0.367],
         [0.403],
         [0.429],
         [0.372],
         [0.322],
         [0.305],
         [0.354],
         [0.313],
         [0.333]]]], dtype=float32)>, <tf.Variable 'leaf/PCEN/alpha:0' shape=(80,) dtype=float32, numpy=
array([0.864, 0.967, 1.015, 0.897, 0.873, 0.944, 0.937, 0.954, 0.915,
       0.915, 0.936, 0.909, 0.88 , 0.919, 0.926, 0.968, 0.92 , 0.967,
       0.925, 0.96 , 0.951, 0.96 , 0.961, 0.955, 0.944, 0.942, 0.982,
       0.917, 0.956, 0.959, 1.001, 0.925, 0.881, 0.904, 0.937, 0.888,
       0.972, 0.946, 0.919, 0.962, 0.956, 0.918, 0.926, 0.973, 1.005,
       0.972, 0.924, 1.005, 0.931, 0.954, 0.679, 0.699, 0.952, 0.934,
       0.943, 0.953, 0.931, 1.004, 0.903, 0.939, 0.926, 0.922, 0.879,
       0.905, 1.002, 1.004, 0.956, 0.868, 0.862, 0.905, 0.892, 0.933,
       0.964, 0.926, 1.004, 0.892, 1.003, 1.002, 0.847, 0.856],
      dtype=float32)>, <tf.Variable 'leaf/PCEN/delta:0' shape=(80,) dtype=float32, numpy=
array([1.917, 1.907, 1.859, 1.874, 1.937, 1.883, 1.797, 1.802, 1.923,
       1.946, 1.93 , 1.955, 1.918, 1.884, 1.905, 1.992, 2.041, 2.003,
       2.028, 1.983, 2.021, 2.034, 1.982, 1.989, 2.025, 2.027, 1.994,
       2.031, 1.991, 2.021, 1.992, 2.017, 2.045, 2.037, 2.009, 2.055,
       1.992, 2.017, 2.011, 1.968, 1.988, 2.029, 2.025, 1.978, 1.953,
       1.985, 2.039, 1.937, 2.026, 1.997, 2.122, 2.139, 2.005, 2.024,
       2.015, 2.004, 2.025, 2.004, 2.053, 2.012, 2.031, 2.035, 2.078,
       2.048, 1.953, 1.984, 2.001, 2.091, 2.098, 2.056, 2.067, 2.026,
       1.988, 2.033, 2.079, 2.067, 1.988, 2.002, 2.099, 2.053],
      dtype=float32)>, <tf.Variable 'leaf/PCEN/root:0' shape=(80,) dtype=float32, numpy=
array([1.941, 1.941, 1.94 , 1.941, 1.962, 1.931, 1.912, 1.916, 2.014,
       1.926, 1.946, 1.977, 1.973, 1.935, 1.943, 1.98 , 2.033, 2.   ,
       1.985, 1.945, 1.988, 2.018, 2.019, 2.025, 2.014, 2.044, 1.969,
       2.03 , 1.964, 2.011, 1.977, 2.013, 2.032, 2.029, 2.004, 2.061,
       2.029, 2.06 , 2.015, 1.995, 2.01 , 2.043, 2.054, 2.008, 1.985,
       2.017, 2.071, 1.974, 2.045, 2.027, 2.303, 2.311, 2.005, 2.03 ,
       2.022, 2.015, 2.036, 2.017, 2.061, 2.03 , 2.04 , 2.045, 2.088,
       2.064, 1.98 , 2.171, 2.01 , 2.09 , 2.099, 2.055, 2.067, 2.022,
       2.005, 2.035, 2.099, 2.069, 1.991, 2.006, 2.131, 2.122],
      dtype=float32)>, <tf.Variable 'leaf/PCEN/EMA/smooth:0' shape=(80,) dtype=float32, numpy=
array([ 0.111,  0.05 ,  0.054,  0.055,  0.048,  0.043,  0.034,  0.069,
        0.026,  0.031,  0.031,  0.079,  0.031,  0.087,  0.122,  0.036,
        0.046,  0.04 ,  0.044,  0.036,  0.048,  0.024,  0.044,  0.07 ,
        0.074,  0.07 ,  0.054,  0.052,  0.048,  0.039,  0.05 ,  0.033,
        0.082,  0.098,  0.039,  0.051,  0.07 ,  0.088,  0.062,  0.119,
        0.053,  0.048,  0.065,  0.165,  0.117,  0.164,  0.205,  0.036,
        0.043,  0.054, -0.013, -0.016,  0.114,  0.062,  0.052,  0.045,
        0.035,  0.08 ,  0.074,  0.057,  0.098,  0.103,  0.088,  0.027,
        0.034, -0.015,  0.088,  0.057,  0.041,  0.023,  0.08 ,  0.087,
        0.071,  0.114,  0.044,  0.107,  0.117,  0.035, -0.005, -0.015],
      dtype=float32)>]/home/alirachidi/classification_algorithm/trainers/modules/main/global_helpers.py:48: UserWarning: Matplotlib is currently using agg, which is a non-GUI backend, so cannot show the figure.
  plt.show()
/home/alirachidi/classification_algorithm/trainers/modules/callbacks/visualizationCallback.py:31: VisibleDeprecationWarning: Creating an ndarray from ragged nested sequences (which is a list-or-tuple of lists-or-tuples-or ndarrays with different lengths or shapes) is deprecated. If you meant to do this, you must specify 'dtype=object' when creating the ndarray.
  print("Weight difference")

Weight difference
[<tf.Tensor: shape=(80, 2), dtype=float32, numpy=
 array([[0., 0.],
        [0., 0.],
        [0., 0.],
        [0., 0.],
        [0., 0.],
        [0., 0.],
        [0., 0.],
        [0., 0.],
        [0., 0.],
        [0., 0.],
        [0., 0.],
        [0., 0.],
        [0., 0.],
        [0., 0.],
        [0., 0.],
        [0., 0.],
        [0., 0.],
        [0., 0.],
        [0., 0.],
        [0., 0.],
        [0., 0.],
        [0., 0.],
        [0., 0.],
        [0., 0.],
        [0., 0.],
        [0., 0.],
        [0., 0.],
        [0., 0.],
        [0., 0.],
        [0., 0.],
        [0., 0.],
        [0., 0.],
        [0., 0.],
        [0., 0.],
        [0., 0.],
        [0., 0.],
        [0., 0.],
        [0., 0.],
        [0., 0.],
        [0., 0.],
        [0., 0.],
        [0., 0.],
        [0., 0.],
        [0., 0.],
        [0., 0.],
        [0., 0.],
        [0., 0.],
        [0., 0.],
        [0., 0.],
        [0., 0.],
        [0., 0.],
        [0., 0.],
        [0., 0.],
        [0., 0.],
        [0., 0.],
        [0., 0.],
        [0., 0.],
        [0., 0.],
        [0., 0.],
        [0., 0.],
        [0., 0.],
        [0., 0.],
        [0., 0.],
        [0., 0.],
        [0., 0.],
        [0., 0.],
        [0., 0.],
        [0., 0.],
        [0., 0.],
        [0., 0.],
        [0., 0.],
        [0., 0.],
        [0., 0.],
        [0., 0.],
        [0., 0.],
        [0., 0.],
        [0., 0.],
        [0., 0.],
        [0., 0.],
        [0., 0.]], dtype=float32)>
 <tf.Tensor: shape=(1, 1, 80, 1), dtype=float32, numpy=
 array([[[[0.],
          [0.],
          [0.],
          [0.],
          [0.],
          [0.],
          [0.],
          [0.],
          [0.],
          [0.],
          [0.],
          [0.],
          [0.],
          [0.],
          [0.],
          [0.],
          [0.],
          [0.],
          [0.],
          [0.],
          [0.],
          [0.],
          [0.],
          [0.],
          [0.],
          [0.],
          [0.],
          [0.],
          [0.],
          [0.],
          [0.],
          [0.],
          [0.],
          [0.],
          [0.],
          [0.],
          [0.],
          [0.],
          [0.],
          [0.],
          [0.],
          [0.],
          [0.],
          [0.],
          [0.],
          [0.],
          [0.],
          [0.],
          [0.],
          [0.],
          [0.],
          [0.],
          [0.],
          [0.],
          [0.],
          [0.],
          [0.],
          [0.],
          [0.],
          [0.],
          [0.],
          [0.],
          [0.],
          [0.],
          [0.],
          [0.],
          [0.],
          [0.],
          [0.],
          [0.],
          [0.],
          [0.],
          [0.],
          [0.],
          [0.],
          [0.],
          [0.],
          [0.],
          [0.],
          [0.]]]], dtype=float32)>
 <tf.Tensor: shape=(80,), dtype=float32, numpy=
 array([0., 0., 0., 0., 0., 0., 0., 0., 0., 0., 0., 0., 0., 0., 0., 0., 0.,
        0., 0., 0., 0., 0., 0., 0., 0., 0., 0., 0., 0., 0., 0., 0., 0., 0.,
        0., 0., 0., 0., 0., 0., 0., 0., 0., 0., 0., 0., 0., 0., 0., 0., 0.,
        0., 0., 0., 0., 0., 0., 0., 0., 0., 0., 0., 0., 0., 0., 0., 0., 0.,
        0., 0., 0., 0., 0., 0., 0., 0., 0., 0., 0., 0.], dtype=float32)>
 <tf.Tensor: shape=(80,), dtype=float32, numpy=
 array([0., 0., 0., 0., 0., 0., 0., 0., 0., 0., 0., 0., 0., 0., 0., 0., 0.,
        0., 0., 0., 0., 0., 0., 0., 0., 0., 0., 0., 0., 0., 0., 0., 0., 0.,
        0., 0., 0., 0., 0., 0., 0., 0., 0., 0., 0., 0., 0., 0., 0., 0., 0.,
        0., 0., 0., 0., 0., 0., 0., 0., 0., 0., 0., 0., 0., 0., 0., 0., 0.,
        0., 0., 0., 0., 0., 0., 0., 0., 0., 0., 0., 0.], dtype=float32)>
 <tf.Tensor: shape=(80,), dtype=float32, numpy=
 array([0., 0., 0., 0., 0., 0., 0., 0., 0., 0., 0., 0., 0., 0., 0., 0., 0.,
        0., 0., 0., 0., 0., 0., 0., 0., 0., 0., 0., 0., 0., 0., 0., 0., 0.,
        0., 0., 0., 0., 0., 0., 0., 0., 0., 0., 0., 0., 0., 0., 0., 0., 0.,
        0., 0., 0., 0., 0., 0., 0., 0., 0., 0., 0., 0., 0., 0., 0., 0., 0.,
        0., 0., 0., 0., 0., 0., 0., 0., 0., 0., 0., 0.], dtype=float32)>
 <tf.Tensor: shape=(80,), dtype=float32, numpy=
 array([0., 0., 0., 0., 0., 0., 0., 0., 0., 0., 0., 0., 0., 0., 0., 0., 0.,
        0., 0., 0., 0., 0., 0., 0., 0., 0., 0., 0., 0., 0., 0., 0., 0., 0.,
        0., 0., 0., 0., 0., 0., 0., 0., 0., 0., 0., 0., 0., 0., 0., 0., 0.,
        0., 0., 0., 0., 0., 0., 0., 0., 0., 0., 0., 0., 0., 0., 0., 0., 0.,
        0., 0., 0., 0., 0., 0., 0., 0., 0., 0., 0., 0.], dtype=float32)>   ]
