Tensorflow Version: 2.8.0
Num GPUs Available:  1
Collecting Variables...
All variables have been collected.
../cache/
cw
train72
Description: cw with diff params + w/o mixing data + diff loss
-----------------------
Job id is 1.
- Loading Perch.
3278 Perch audios have been loaded.
- Loading Icbhi.
725 Icbhi audios have been loaded.
- Loading Antwerp.
131 Antwerp audios have been loaded.
- Preparing Perch.
862 Perch groups of audio chunks (by filename or patients) have been prepared.
- Preparing Icbhi.
112 Icbhi groups of audio chunks (by filename or patients) have been prepared.
- Preparing Antwerp.
15 Antwerp groups of audio chunks (by filename or patients) have been prepared.
--- Samples are being split into training/val groups and de-grouped by patient ---
--- Perch training dataset went from 0 to 2649 elements, with 2346 none's, 61 crakles, 186 wheezes and 56 both ---
--- Perch Validation dataset contains 629 elements, with 551 none, 12 crackles, 54 wheezes and 12 both ---
--- Icbhi training dataset went from 0 to 2040 elements, with 707 none's, 720 crakles, 285 wheezes and 327 both ---
--- Icbhi Validation dataset contains 299 elements, with 172 none, 70 crackles, 18 wheezes and 39 both ---
--- Antwerp training dataset went from 0 to 580 elements, with 82 none's, 16 crakles, 448 wheezes and 34 both ---
--- Antwerp Validation dataset contains 111 elements, with 17 none, 10 crackles, 5 wheezes and 79 both ---
0
0
0
0
-----------------------
--- Final training dataset went from 0 to 5269 elements, with 3135 none's, 797 crakles, 919 wheezes and 417 both ---
--- Final Validation dataset contains 1039 elements, with 740 none, 92 crackles, 77 wheezes and 130 both ---
Model: "leaf_model9_model_bis"
______________________________________________________________________________________________________________
 Layer (type)                                    Output Shape                                Param #          
==============================================================================================================
 leaf (Leaf)                                     multiple                                    560              
                                                                                                              
 mel_filterbanks (MelFilterbanks)                multiple                                    0 (unused)       
                                                                                                              
 sincnet (SincNet)                               multiple                                    0 (unused)       
                                                                                                              
 sequential (Sequential)                         (None, 80, 500, 1)                          4                
                                                                                                              
 sequential_1 (Sequential)                       (None, 80, 500, 16)                         2352             
                                                                                                              
 sequential_2 (Sequential)                       (None, 80, 500, 16)                         6448             
                                                                                                              
 sequential_3 (Sequential)                       (None, 80, 500, 16)                         32               
                                                                                                              
 concatenate (Concatenate)                       multiple                                    0                
                                                                                                              
 sequential_4 (Sequential)                       (None, 2)                                   6192322          
                                                                                                              
==============================================================================================================
Total params: 6,201,878
Trainable params: 6,160,372
Non-trainable params: 41,506
______________________________________________________________________________________________________________
Target metric is avg_accuracy
Epoch 1/25
Validation cm: [[  0 740   0   0]
 [  0  92   0   0]
 [  0  77   0   0]
 [  0 130   0   0]]
Validation normalized_cm: [[0. 1. 0. 0.]
 [0. 1. 0. 0.]
 [0. 1. 0. 0.]
 [0. 1. 0. 0.]]
Validation acc: 0.08854667949951876
Validation class_accuracies: [0.0, 1.0, 0.0, 0.0]
Validation precision: None
Validation recall: None
Validation f1: None
Validation roc_auc: None
Validation avg_accuracy: 0.25
Validation one_indexed_epoch: 1
-- New best results were achieved. --
330/330 - 921s - loss: 0.5126 - accuracy: 0.5832 - 921s/epoch - 3s/step
Epoch 2/25
Validation cm: [[485 141 111   3]
 [ 26  28  33   5]
 [ 42  10  23   2]
 [ 17  13  96   4]]
Validation normalized_cm: [[0.655 0.191 0.15  0.004]
 [0.283 0.304 0.359 0.054]
 [0.545 0.13  0.299 0.026]
 [0.131 0.1   0.738 0.031]]
Validation acc: 0.519730510105871
Validation class_accuracies: [0.6554054054054054, 0.30434782608695654, 0.2987012987012987, 0.03076923076923077]
Validation precision: None
Validation recall: None
Validation f1: None
Validation roc_auc: None
Validation avg_accuracy: 0.3223059402407228
Validation one_indexed_epoch: 2
-- New best results were achieved. --
330/330 - 898s - loss: 0.4141 - accuracy: 0.5870 - 898s/epoch - 3s/step
Epoch 3/25
Validation cm: [[602   0 137   1]
 [ 54   0  37   1]
 [ 37   0  36   4]
 [ 15   0  95  20]]
Validation normalized_cm: [[0.814 0.    0.185 0.001]
 [0.587 0.    0.402 0.011]
 [0.481 0.    0.468 0.052]
 [0.115 0.    0.731 0.154]]
Validation acc: 0.6333012512030799
Validation class_accuracies: [0.8135135135135135, 0.0, 0.4675324675324675, 0.15384615384615385]
Validation precision: None
Validation recall: None
Validation f1: None
Validation roc_auc: None
Validation avg_accuracy: 0.3587230337230337
Validation one_indexed_epoch: 3
-- New best results were achieved. --
330/330 - 891s - loss: 0.3831 - accuracy: 0.6005 - 891s/epoch - 3s/step
Epoch 4/25
Validation cm: [[615  38  86   1]
 [ 68  22   1   1]
 [ 37   2  32   6]
 [ 52   4  56  18]]
Validation normalized_cm: [[0.831 0.051 0.116 0.001]
 [0.739 0.239 0.011 0.011]
 [0.481 0.026 0.416 0.078]
 [0.4   0.031 0.431 0.138]]
Validation acc: 0.6612127045235804
Validation class_accuracies: [0.831081081081081, 0.2391304347826087, 0.4155844155844156, 0.13846153846153847]
Validation precision: None
Validation recall: None
Validation f1: None
Validation roc_auc: None
Validation avg_accuracy: 0.4060643674774109
Validation one_indexed_epoch: 4
-- New best results were achieved. --
330/330 - 929s - loss: 0.3739 - accuracy: 0.6238 - 929s/epoch - 3s/step
Epoch 5/25
Validation cm: [[637  89  13   1]
 [ 44  37  10   1]
 [ 51   9  15   2]
 [ 56   8  65   1]]
Validation normalized_cm: [[0.861 0.12  0.018 0.001]
 [0.478 0.402 0.109 0.011]
 [0.662 0.117 0.195 0.026]
 [0.431 0.062 0.5   0.008]]
Validation acc: 0.6641000962463908
Validation class_accuracies: [0.8608108108108108, 0.40217391304347827, 0.19480519480519481, 0.007692307692307693]
Validation precision: None
Validation recall: None
Validation f1: None
Validation roc_auc: None
Validation avg_accuracy: 0.36637055658794787
Validation one_indexed_epoch: 5
The validation tracker metric at 0.4060643674774109 hasn't increased by 0 in 1 epochs
330/330 - 916s - loss: 0.3530 - accuracy: 0.6106 - 916s/epoch - 3s/step
Epoch 6/25
Validation cm: [[735   5   0   0]
 [ 88   3   1   0]
 [ 73   0   4   0]
 [ 98   0  28   4]]
Validation normalized_cm: [[0.993 0.007 0.    0.   ]
 [0.957 0.033 0.011 0.   ]
 [0.948 0.    0.052 0.   ]
 [0.754 0.    0.215 0.031]]
Validation acc: 0.7179980750721848
Validation class_accuracies: [0.9932432432432432, 0.03260869565217391, 0.05194805194805195, 0.03076923076923077]
Validation precision: None
Validation recall: None
Validation f1: None
Validation roc_auc: None
Validation avg_accuracy: 0.27714230540317497
Validation one_indexed_epoch: 6
The validation tracker metric at 0.4060643674774109 hasn't increased by 0 in 2 epochs
330/330 - 910s - loss: 0.3426 - accuracy: 0.5992 - 910s/epoch - 3s/step
Epoch 7/25
Validation cm: [[294 217 196  33]
 [  7  56  18  11]
 [ 15   6  35  21]
 [  3  10  62  55]]
Validation normalized_cm: [[0.397 0.293 0.265 0.045]
 [0.076 0.609 0.196 0.12 ]
 [0.195 0.078 0.455 0.273]
 [0.023 0.077 0.477 0.423]]
Validation acc: 0.42348411934552455
Validation class_accuracies: [0.3972972972972973, 0.6086956521739131, 0.45454545454545453, 0.4230769230769231]
Validation precision: None
Validation recall: None
Validation f1: None
Validation roc_auc: None
Validation avg_accuracy: 0.470903831773397
Validation one_indexed_epoch: 7
-- New best results were achieved. --
330/330 - 940s - loss: 0.3298 - accuracy: 0.6147 - 940s/epoch - 3s/step
Epoch 8/25
Validation cm: [[544  54 129  13]
 [ 31  29  20  12]
 [ 16   1  51   9]
 [ 30   3  91   6]]
Validation normalized_cm: [[0.735 0.073 0.174 0.018]
 [0.337 0.315 0.217 0.13 ]
 [0.208 0.013 0.662 0.117]
 [0.231 0.023 0.7   0.046]]
Validation acc: 0.6063522617901829
Validation class_accuracies: [0.7351351351351352, 0.31521739130434784, 0.6623376623376623, 0.046153846153846156]
Validation precision: None
Validation recall: None
Validation f1: None
Validation roc_auc: None
Validation avg_accuracy: 0.4397110087327479
Validation one_indexed_epoch: 8
The validation tracker metric at 0.470903831773397 hasn't increased by 0 in 1 epochs
330/330 - 909s - loss: 0.3175 - accuracy: 0.6478 - 909s/epoch - 3s/step
Epoch 9/25
Validation cm: [[603  57  61  19]
 [ 39  31   8  14]
 [ 20   3  34  20]
 [ 47   3  46  34]]
Validation normalized_cm: [[0.815 0.077 0.082 0.026]
 [0.424 0.337 0.087 0.152]
 [0.26  0.039 0.442 0.26 ]
 [0.362 0.023 0.354 0.262]]
Validation acc: 0.6756496631376323
Validation class_accuracies: [0.8148648648648649, 0.33695652173913043, 0.44155844155844154, 0.26153846153846155]
Validation precision: None
Validation recall: None
Validation f1: None
Validation roc_auc: None
Validation avg_accuracy: 0.46372957242522456
Validation one_indexed_epoch: 9
The validation tracker metric at 0.470903831773397 hasn't increased by 0 in 2 epochs
330/330 - 888s - loss: 0.3064 - accuracy: 0.6464 - 888s/epoch - 3s/step
Epoch 10/25
Validation cm: [[548  32 128  32]
 [ 21  10  38  23]
 [ 19   1  48   9]
 [  9   1  89  31]]
Validation normalized_cm: [[0.741 0.043 0.173 0.043]
 [0.228 0.109 0.413 0.25 ]
 [0.247 0.013 0.623 0.117]
 [0.069 0.008 0.685 0.238]]
Validation acc: 0.6130895091434071
Validation class_accuracies: [0.7405405405405405, 0.10869565217391304, 0.6233766233766234, 0.23846153846153847]
Validation precision: None
Validation recall: None
Validation f1: None
Validation roc_auc: None
Validation avg_accuracy: 0.42776858863815387
Validation one_indexed_epoch: 10
The validation tracker metric at 0.470903831773397 hasn't increased by 0 in 3 epochs
330/330 - 895s - loss: 0.2999 - accuracy: 0.6113 - 895s/epoch - 3s/step
Epoch 11/25
Validation cm: [[662  34  35   9]
 [ 53  22   6  11]
 [ 27   3  39   8]
 [ 28   7  85  10]]
Validation normalized_cm: [[0.895 0.046 0.047 0.012]
 [0.576 0.239 0.065 0.12 ]
 [0.351 0.039 0.506 0.104]
 [0.215 0.054 0.654 0.077]]
Validation acc: 0.7054860442733397
Validation class_accuracies: [0.8945945945945946, 0.2391304347826087, 0.5064935064935064, 0.07692307692307693]
Validation precision: None
Validation recall: None
Validation f1: None
Validation roc_auc: None
Validation avg_accuracy: 0.4292854031984466
Validation one_indexed_epoch: 11
The validation tracker metric at 0.470903831773397 hasn't increased by 0 in 4 epochs
330/330 - 895s - loss: 0.2839 - accuracy: 0.6571 - 895s/epoch - 3s/step
Epoch 12/25
Validation cm: [[661  58  17   4]
 [ 50  28  11   3]
 [ 42   3  25   7]
 [ 34   5  83   8]]
Validation normalized_cm: [[0.893 0.078 0.023 0.005]
 [0.543 0.304 0.12  0.033]
 [0.545 0.039 0.325 0.091]
 [0.262 0.038 0.638 0.062]]
Validation acc: 0.6948989412897016
Validation class_accuracies: [0.8932432432432432, 0.30434782608695654, 0.3246753246753247, 0.06153846153846154]
Validation precision: None
Validation recall: None
Validation f1: None
Validation roc_auc: None
Validation avg_accuracy: 0.3959512138859965
Validation one_indexed_epoch: 12
The validation tracker metric at 0.470903831773397 hasn't increased by 0 in 5 epochs
330/330 - 922s - loss: 0.2842 - accuracy: 0.6271 - 922s/epoch - 3s/step
Epoch 13/25
Validation cm: [[561  66  94  19]
 [ 27  26  17  22]
 [ 16   3  47  11]
 [ 12   7  68  43]]
Validation normalized_cm: [[0.758 0.089 0.127 0.026]
 [0.293 0.283 0.185 0.239]
 [0.208 0.039 0.61  0.143]
 [0.092 0.054 0.523 0.331]]
Validation acc: 0.6515880654475458
Validation class_accuracies: [0.7581081081081081, 0.2826086956521739, 0.6103896103896104, 0.33076923076923076]
Validation precision: None
Validation recall: None
Validation f1: None
Validation roc_auc: None
Validation avg_accuracy: 0.4954689112297808
Validation one_indexed_epoch: 13
-- New best results were achieved. --
330/330 - 897s - loss: 0.2748 - accuracy: 0.6229 - 897s/epoch - 3s/step
Epoch 14/25
Validation cm: [[703  16  17   4]
 [ 73  10   6   3]
 [ 34   0  38   5]
 [ 47   1  62  20]]
Validation normalized_cm: [[0.95  0.022 0.023 0.005]
 [0.793 0.109 0.065 0.033]
 [0.442 0.    0.494 0.065]
 [0.362 0.008 0.477 0.154]]
Validation acc: 0.7420596727622714
Validation class_accuracies: [0.95, 0.10869565217391304, 0.4935064935064935, 0.15384615384615385]
Validation precision: None
Validation recall: None
Validation f1: None
Validation roc_auc: None
Validation avg_accuracy: 0.4265120748816401
Validation one_indexed_epoch: 14
The validation tracker metric at 0.4954689112297808 hasn't increased by 0 in 1 epochs
330/330 - 896s - loss: 0.2545 - accuracy: 0.6457 - 896s/epoch - 3s/step
Epoch 15/25
Validation cm: [[689  17  28   6]
 [ 69   7  12   4]
 [ 30   1  42   4]
 [ 35   2  75  18]]
Validation normalized_cm: [[0.931 0.023 0.038 0.008]
 [0.75  0.076 0.13  0.043]
 [0.39  0.013 0.545 0.052]
 [0.269 0.015 0.577 0.138]]
Validation acc: 0.7276227141482194
Validation class_accuracies: [0.9310810810810811, 0.07608695652173914, 0.5454545454545454, 0.13846153846153847]
Validation precision: None
Validation recall: None
Validation f1: None
Validation roc_auc: None
Validation avg_accuracy: 0.422771030379726
Validation one_indexed_epoch: 15
The validation tracker metric at 0.4954689112297808 hasn't increased by 0 in 2 epochs
330/330 - 892s - loss: 0.2523 - accuracy: 0.6246 - 892s/epoch - 3s/step
Epoch 16/25
Validation cm: [[638  29  54  19]
 [ 39  24  14  15]
 [ 21   1  42  13]
 [ 38  13  39  40]]
Validation normalized_cm: [[0.862 0.039 0.073 0.026]
 [0.424 0.261 0.152 0.163]
 [0.273 0.013 0.545 0.169]
 [0.292 0.1   0.3   0.308]]
Validation acc: 0.7160731472569779
Validation class_accuracies: [0.8621621621621621, 0.2608695652173913, 0.5454545454545454, 0.3076923076923077]
Validation precision: None
Validation recall: None
Validation f1: None
Validation roc_auc: None
Validation avg_accuracy: 0.4940446451316016
Validation one_indexed_epoch: 16
The validation tracker metric at 0.4954689112297808 hasn't increased by 0 in 3 epochs
330/330 - 895s - loss: 0.2398 - accuracy: 0.6514 - 895s/epoch - 3s/step
Epoch 17/25
Validation cm: [[622  89  13  16]
 [ 25  54   1  12]
 [ 36   3  27  11]
 [ 34  27  30  39]]
Validation normalized_cm: [[0.841 0.12  0.018 0.022]
 [0.272 0.587 0.011 0.13 ]
 [0.468 0.039 0.351 0.143]
 [0.262 0.208 0.231 0.3  ]]
Validation acc: 0.714148219441771
Validation class_accuracies: [0.8405405405405405, 0.5869565217391305, 0.35064935064935066, 0.3]
Validation precision: None
Validation recall: None
Validation f1: None
Validation roc_auc: None
Validation avg_accuracy: 0.5195366032322554
Validation one_indexed_epoch: 17
-- New best results were achieved. --
330/330 - 892s - loss: 0.2381 - accuracy: 0.6591 - 892s/epoch - 3s/step
Epoch 18/25
Validation cm: [[684  46   5   5]
 [ 58  21   9   4]
 [ 45   4  23   5]
 [ 52   6  57  15]]
Validation normalized_cm: [[0.924 0.062 0.007 0.007]
 [0.63  0.228 0.098 0.043]
 [0.584 0.052 0.299 0.065]
 [0.4   0.046 0.438 0.115]]
Validation acc: 0.7151106833493744
Validation class_accuracies: [0.9243243243243243, 0.22826086956521738, 0.2987012987012987, 0.11538461538461539]
Validation precision: None
Validation recall: None
Validation f1: None
Validation roc_auc: None
Validation avg_accuracy: 0.39166777699386396
Validation one_indexed_epoch: 18
The validation tracker metric at 0.5195366032322554 hasn't increased by 0 in 1 epochs
330/330 - 895s - loss: 0.2165 - accuracy: 0.6307 - 895s/epoch - 3s/step
Epoch 19/25
Validation cm: [[610 111   6  13]
 [ 21  60   1  10]
 [ 37  14  15  11]
 [ 18  63  16  33]]
Validation normalized_cm: [[0.824 0.15  0.008 0.018]
 [0.228 0.652 0.011 0.109]
 [0.481 0.182 0.195 0.143]
 [0.138 0.485 0.123 0.254]]
Validation acc: 0.6910490856592878
Validation class_accuracies: [0.8243243243243243, 0.6521739130434783, 0.19480519480519481, 0.25384615384615383]
Validation precision: None
Validation recall: None
Validation f1: None
Validation roc_auc: None
Validation avg_accuracy: 0.4812873965047878
Validation one_indexed_epoch: 19
The validation tracker metric at 0.5195366032322554 hasn't increased by 0 in 2 epochs
330/330 - 893s - loss: 0.2063 - accuracy: 0.6652 - 893s/epoch - 3s/step
Epoch 20/25
Validation cm: [[640  26  58  16]
 [ 39  13  20  20]
 [ 24   2  38  13]
 [ 22  21  41  46]]
Validation normalized_cm: [[0.865 0.035 0.078 0.022]
 [0.424 0.141 0.217 0.217]
 [0.312 0.026 0.494 0.169]
 [0.169 0.162 0.315 0.354]]
Validation acc: 0.7093358999037536
Validation class_accuracies: [0.8648648648648649, 0.14130434782608695, 0.4935064935064935, 0.35384615384615387]
Validation precision: None
Validation recall: None
Validation f1: None
Validation roc_auc: None
Validation avg_accuracy: 0.4633804650108998
Validation one_indexed_epoch: 20
The validation tracker metric at 0.5195366032322554 hasn't increased by 0 in 3 epochs
330/330 - 895s - loss: 0.1991 - accuracy: 0.6531 - 895s/epoch - 3s/step
Epoch 21/25
Validation cm: [[658  50  21  11]
 [ 34  34  12  12]
 [ 30   2  39   6]
 [ 38   4  66  22]]
Validation normalized_cm: [[0.889 0.068 0.028 0.015]
 [0.37  0.37  0.13  0.13 ]
 [0.39  0.026 0.506 0.078]
 [0.292 0.031 0.508 0.169]]
Validation acc: 0.7247353224254091
Validation class_accuracies: [0.8891891891891892, 0.3695652173913043, 0.5064935064935064, 0.16923076923076924]
Validation precision: None
Validation recall: None
Validation f1: None
Validation roc_auc: None
Validation avg_accuracy: 0.4836196705761923
Validation one_indexed_epoch: 21
The validation tracker metric at 0.5195366032322554 hasn't increased by 0 in 4 epochs
330/330 - 895s - loss: 0.1798 - accuracy: 0.6479 - 895s/epoch - 3s/step
Epoch 22/25
Validation cm: [[687  12  33   8]
 [ 63   9  15   5]
 [ 33   1  37   6]
 [ 37   9  58  26]]
Validation normalized_cm: [[0.928 0.016 0.045 0.011]
 [0.685 0.098 0.163 0.054]
 [0.429 0.013 0.481 0.078]
 [0.285 0.069 0.446 0.2  ]]
Validation acc: 0.7305101058710298
Validation class_accuracies: [0.9283783783783783, 0.09782608695652174, 0.4805194805194805, 0.2]
Validation precision: None
Validation recall: None
Validation f1: None
Validation roc_auc: None
Validation avg_accuracy: 0.42668098646359515
Validation one_indexed_epoch: 22
The validation tracker metric at 0.5195366032322554 hasn't increased by 0 in 5 epochs
330/330 - 902s - loss: 0.1711 - accuracy: 0.6385 - 902s/epoch - 3s/step
Epoch 23/25
Validation cm: [[608  62  48  22]
 [ 29  29  18  16]
 [ 22   4  33  18]
 [  9  13  49  59]]
Validation normalized_cm: [[0.822 0.084 0.065 0.03 ]
 [0.315 0.315 0.196 0.174]
 [0.286 0.052 0.429 0.234]
 [0.069 0.1   0.377 0.454]]
Validation acc: 0.7016361886429259
Validation class_accuracies: [0.8216216216216217, 0.31521739130434784, 0.42857142857142855, 0.45384615384615384]
Validation precision: None
Validation recall: None
Validation f1: None
Validation roc_auc: None
Validation avg_accuracy: 0.504814148835888
Validation one_indexed_epoch: 23
The validation tracker metric at 0.5195366032322554 hasn't increased by 0 in 6 epochs
330/330 - 904s - loss: 0.1609 - accuracy: 0.6434 - 904s/epoch - 3s/step
Epoch 24/25
Validation cm: [[624  90  16  10]
 [ 31  41  11   9]
 [ 40  15  18   4]
 [ 31  20  61  18]]
Validation normalized_cm: [[0.843 0.122 0.022 0.014]
 [0.337 0.446 0.12  0.098]
 [0.519 0.195 0.234 0.052]
 [0.238 0.154 0.469 0.138]]
Validation acc: 0.6746871992300288
Validation class_accuracies: [0.8432432432432433, 0.44565217391304346, 0.23376623376623376, 0.13846153846153847]
Validation precision: None
Validation recall: None
Validation f1: None
Validation roc_auc: None
Validation avg_accuracy: 0.41528079734601475
Validation one_indexed_epoch: 24
The validation tracker metric at 0.5195366032322554 hasn't increased by 0 in 7 epochs
330/330 - 855s - loss: 0.1450 - accuracy: 0.6248 - 855s/epoch - 3s/step
Epoch 25/25
Validation cm: [[585  41  81  33]
 [ 32  21  18  21]
 [ 20   4  42  11]
 [ 21   8  59  42]]
Validation normalized_cm: [[0.791 0.055 0.109 0.045]
 [0.348 0.228 0.196 0.228]
 [0.26  0.052 0.545 0.143]
 [0.162 0.062 0.454 0.323]]
Validation acc: 0.6641000962463908
Validation class_accuracies: [0.7905405405405406, 0.22826086956521738, 0.5454545454545454, 0.3230769230769231]
Validation precision: None
Validation recall: None
Validation f1: None
Validation roc_auc: None
Validation avg_accuracy: 0.4718332196593066
Validation one_indexed_epoch: 25
The validation tracker metric at 0.5195366032322554 hasn't increased by 0 in 8 epochs
330/330 - 840s - loss: 0.1353 - accuracy: 0.6798 - 840s/epoch - 3s/step
----------------------------------
The best metrics for this job are: 

Best avg_accuracy: 0.5195366032322554
Best cm: [[622  89  13  16]
 [ 25  54   1  12]
 [ 36   3  27  11]
 [ 34  27  30  39]]
Best normalized_cm: [[0.841 0.12  0.018 0.022]
 [0.272 0.587 0.011 0.13 ]
 [0.468 0.039 0.351 0.143]
 [0.262 0.208 0.231 0.3  ]]
Best acc: 0.714148219441771
Best class_accuracies: [0.8405405405405405, 0.5869565217391305, 0.35064935064935066, 0.3]
Best precision: None
Best recall: None
Best f1: None
Best roc_auc: None
Best one_indexed_epoch: 17
avg_accuracy
model
cm
normalized_cm
acc
class_accuracies
precision
recall
f1
roc_auc
one_indexed_epoch
Initial weights
[<tf.Variable 'kernel:0' shape=(80, 2) dtype=float32, numpy=
array([[4.485e-02, 1.502e+02],
       [5.738e-02, 9.587e+01],
       [8.209e-02, 1.503e+02],
       [9.411e-02, 1.503e+02],
       [7.038e-02, 1.500e+02],
       [9.708e-02, 9.591e+01],
       [1.138e-01, 9.570e+01],
       [1.025e-01, 9.566e+01],
       [1.248e-01, 9.571e+01],
       [1.371e-01, 9.568e+01],
       [1.505e-01, 9.606e+01],
       [1.637e-01, 9.609e+01],
       [1.668e-01, 9.621e+01],
       [1.816e-01, 9.577e+01],
       [1.949e-01, 9.595e+01],
       [2.179e-01, 9.573e+01],
       [2.205e-01, 1.499e+02],
       [2.348e-01, 9.582e+01],
       [2.498e-01, 9.639e+01],
       [2.822e-01, 9.603e+01],
       [2.854e-01, 9.605e+01],
       [2.994e-01, 9.578e+01],
       [3.182e-01, 9.598e+01],
       [3.400e-01, 9.604e+01],
       [3.772e-01, 6.354e+01],
       [3.609e-01, 9.596e+01],
       [3.966e-01, 6.352e+01],
       [4.249e-01, 9.570e+01],
       [4.410e-01, 6.387e+01],
       [4.739e-01, 6.372e+01],
       [4.844e-01, 6.378e+01],
       [5.027e-01, 6.393e+01],
       [5.190e-01, 6.382e+01],
       [5.426e-01, 6.368e+01],
       [5.600e-01, 6.359e+01],
       [6.145e-01, 6.380e+01],
       [6.353e-01, 6.378e+01],
       [6.649e-01, 6.412e+01],
       [6.651e-01, 4.791e+01],
       [7.075e-01, 4.804e+01],
       [7.712e-01, 4.805e+01],
       [7.510e-01, 4.782e+01],
       [8.139e-01, 4.803e+01],
       [8.371e-01, 4.810e+01],
       [9.584e-01, 4.805e+01],
       [8.341e-01, 4.808e+01],
       [9.281e-01, 4.805e+01],
       [1.011e+00, 3.846e+01],
       [9.747e-01, 3.837e+01],
       [1.063e+00, 3.831e+01],
       [9.597e-01, 3.835e+01],
       [1.202e+00, 3.836e+01],
       [1.142e+00, 3.196e+01],
       [1.266e+00, 3.188e+01],
       [1.313e+00, 3.836e+01],
       [1.289e+00, 3.186e+01],
       [1.387e+00, 3.187e+01],
       [1.361e+00, 3.191e+01],
       [1.529e+00, 2.738e+01],
       [1.414e+00, 2.745e+01],
       [1.559e+00, 3.207e+01],
       [1.631e+00, 2.743e+01],
       [1.743e+00, 2.752e+01],
       [1.725e+00, 2.400e+01],
       [1.782e+00, 2.410e+01],
       [1.816e+00, 2.396e+01],
       [1.945e+00, 2.399e+01],
       [1.973e+00, 2.415e+01],
       [2.032e+00, 2.127e+01],
       [2.192e+00, 2.129e+01],
       [2.216e+00, 1.904e+01],
       [2.254e+00, 1.908e+01],
       [2.428e+00, 2.134e+01],
       [2.484e+00, 1.917e+01],
       [2.482e+00, 1.931e+01],
       [2.673e+00, 1.751e+01],
       [2.647e+00, 1.739e+01],
       [2.762e+00, 1.586e+01],
       [2.860e+00, 1.751e+01],
       [2.955e+00, 1.600e+01]], dtype=float32)>, <tf.Variable 'leaf/learnable_pooling/kernel:0' shape=(1, 1, 80, 1) dtype=float32, numpy=
array([[[[0.5  ],
         [0.5  ],
         [0.499],
         [0.494],
         [0.484],
         [0.5  ],
         [0.486],
         [0.478],
         [0.468],
         [0.458],
         [0.459],
         [0.447],
         [0.44 ],
         [0.437],
         [0.432],
         [0.429],
         [0.437],
         [0.423],
         [0.422],
         [0.439],
         [0.438],
         [0.435],
         [0.423],
         [0.424],
         [0.399],
         [0.407],
         [0.414],
         [0.386],
         [0.412],
         [0.429],
         [0.436],
         [0.421],
         [0.441],
         [0.449],
         [0.451],
         [0.436],
         [0.43 ],
         [0.41 ],
         [0.442],
         [0.411],
         [0.412],
         [0.42 ],
         [0.402],
         [0.398],
         [0.392],
         [0.402],
         [0.405],
         [0.402],
         [0.421],
         [0.427],
         [0.423],
         [0.414],
         [0.413],
         [0.413],
         [0.411],
         [0.416],
         [0.407],
         [0.402],
         [0.4  ],
         [0.386],
         [0.377],
         [0.398],
         [0.405],
         [0.412],
         [0.405],
         [0.407],
         [0.398],
         [0.384],
         [0.408],
         [0.4  ],
         [0.411],
         [0.402],
         [0.405],
         [0.395],
         [0.394],
         [0.389],
         [0.404],
         [0.414],
         [0.402],
         [0.403]]]], dtype=float32)>, <tf.Variable 'leaf/PCEN/alpha:0' shape=(80,) dtype=float32, numpy=
array([1.   , 1.   , 1.   , 1.   , 1.   , 0.996, 0.991, 0.984, 0.984,
       0.984, 0.985, 0.98 , 0.976, 0.973, 0.972, 0.978, 0.957, 0.98 ,
       0.966, 0.961, 0.959, 0.958, 0.955, 0.96 , 0.965, 0.957, 0.965,
       0.952, 0.956, 0.955, 0.952, 0.96 , 0.957, 0.952, 0.955, 0.956,
       0.95 , 0.961, 0.952, 0.946, 0.95 , 0.957, 0.947, 0.947, 0.95 ,
       0.946, 0.952, 0.94 , 0.933, 0.951, 0.951, 0.947, 0.95 , 0.951,
       0.954, 0.942, 0.937, 0.956, 0.953, 0.934, 0.934, 0.944, 0.954,
       0.936, 0.937, 0.943, 0.953, 0.932, 0.936, 0.952, 0.936, 0.935,
       0.954, 0.943, 0.958, 0.936, 0.933, 0.934, 0.947, 0.926],
      dtype=float32)>, <tf.Variable 'leaf/PCEN/delta:0' shape=(80,) dtype=float32, numpy=
array([1.775, 1.824, 1.833, 1.865, 1.889, 1.889, 1.907, 1.922, 1.935,
       1.931, 1.935, 1.943, 1.955, 1.964, 1.969, 1.967, 1.997, 1.976,
       1.987, 1.996, 2.   , 2.   , 2.003, 1.995, 1.993, 1.999, 1.995,
       2.009, 2.005, 2.005, 2.009, 2.   , 2.004, 2.007, 2.005, 2.004,
       2.011, 2.   , 2.009, 2.015, 2.01 , 2.004, 2.013, 2.013, 2.01 ,
       2.015, 2.007, 2.02 , 2.027, 2.01 , 2.009, 2.013, 2.009, 2.009,
       2.006, 2.018, 2.023, 2.004, 2.007, 2.026, 2.025, 2.016, 2.005,
       2.024, 2.023, 2.016, 2.007, 2.028, 2.024, 2.008, 2.024, 2.025,
       2.006, 2.017, 2.002, 2.024, 2.027, 2.026, 2.012, 2.034],
      dtype=float32)>, <tf.Variable 'leaf/PCEN/root:0' shape=(80,) dtype=float32, numpy=
array([1.882, 1.901, 1.913, 1.948, 1.964, 1.972, 1.974, 1.978, 1.989,
       1.988, 1.991, 1.979, 1.989, 1.987, 1.999, 1.997, 2.026, 2.006,
       2.011, 2.012, 2.021, 2.02 , 2.024, 2.011, 2.008, 2.013, 2.01 ,
       2.022, 2.018, 2.014, 2.02 , 2.009, 2.014, 2.016, 2.014, 2.013,
       2.023, 2.007, 2.019, 2.026, 2.022, 2.018, 2.018, 2.016, 2.013,
       2.019, 2.01 , 2.023, 2.03 , 2.015, 2.014, 2.016, 2.014, 2.013,
       2.01 , 2.021, 2.026, 2.008, 2.01 , 2.027, 2.026, 2.02 , 2.007,
       2.026, 2.024, 2.019, 2.01 , 2.029, 2.025, 2.01 , 2.025, 2.026,
       2.008, 2.017, 2.004, 2.024, 2.027, 2.026, 2.015, 2.035],
      dtype=float32)>, <tf.Variable 'leaf/PCEN/EMA/smooth:0' shape=(80,) dtype=float32, numpy=
array([0.116, 0.112, 0.11 , 0.104, 0.101, 0.098, 0.096, 0.093, 0.09 ,
       0.091, 0.092, 0.097, 0.094, 0.089, 0.086, 0.088, 0.078, 0.087,
       0.085, 0.081, 0.079, 0.079, 0.082, 0.087, 0.085, 0.08 , 0.081,
       0.073, 0.078, 0.077, 0.075, 0.078, 0.079, 0.078, 0.078, 0.08 ,
       0.076, 0.083, 0.085, 0.075, 0.072, 0.074, 0.066, 0.063, 0.064,
       0.063, 0.065, 0.063, 0.061, 0.068, 0.066, 0.063, 0.064, 0.065,
       0.067, 0.064, 0.055, 0.066, 0.063, 0.053, 0.05 , 0.059, 0.059,
       0.049, 0.049, 0.052, 0.058, 0.057, 0.056, 0.058, 0.064, 0.063,
       0.057, 0.057, 0.059, 0.061, 0.052, 0.048, 0.055, 0.049],
      dtype=float32)>]
Post training weights
[<tf.Variable 'kernel:0' shape=(80, 2) dtype=float32, numpy=
array([[4.485e-02, 1.502e+02],
       [5.738e-02, 9.587e+01],
       [8.209e-02, 1.503e+02],
       [9.411e-02, 1.503e+02],
       [7.038e-02, 1.500e+02],
       [9.708e-02, 9.591e+01],
       [1.138e-01, 9.570e+01],
       [1.025e-01, 9.566e+01],
       [1.248e-01, 9.571e+01],
       [1.371e-01, 9.568e+01],
       [1.505e-01, 9.606e+01],
       [1.637e-01, 9.609e+01],
       [1.668e-01, 9.621e+01],
       [1.816e-01, 9.577e+01],
       [1.949e-01, 9.595e+01],
       [2.179e-01, 9.573e+01],
       [2.205e-01, 1.499e+02],
       [2.348e-01, 9.582e+01],
       [2.498e-01, 9.639e+01],
       [2.822e-01, 9.603e+01],
       [2.854e-01, 9.605e+01],
       [2.994e-01, 9.578e+01],
       [3.182e-01, 9.598e+01],
       [3.400e-01, 9.604e+01],
       [3.772e-01, 6.354e+01],
       [3.609e-01, 9.596e+01],
       [3.966e-01, 6.352e+01],
       [4.249e-01, 9.570e+01],
       [4.410e-01, 6.387e+01],
       [4.739e-01, 6.372e+01],
       [4.844e-01, 6.378e+01],
       [5.027e-01, 6.393e+01],
       [5.190e-01, 6.382e+01],
       [5.426e-01, 6.368e+01],
       [5.600e-01, 6.359e+01],
       [6.145e-01, 6.380e+01],
       [6.353e-01, 6.378e+01],
       [6.649e-01, 6.412e+01],
       [6.651e-01, 4.791e+01],
       [7.075e-01, 4.804e+01],
       [7.712e-01, 4.805e+01],
       [7.510e-01, 4.782e+01],
       [8.139e-01, 4.803e+01],
       [8.371e-01, 4.810e+01],
       [9.584e-01, 4.805e+01],
       [8.341e-01, 4.808e+01],
       [9.281e-01, 4.805e+01],
       [1.011e+00, 3.846e+01],
       [9.747e-01, 3.837e+01],
       [1.063e+00, 3.831e+01],
       [9.597e-01, 3.835e+01],
       [1.202e+00, 3.836e+01],
       [1.142e+00, 3.196e+01],
       [1.266e+00, 3.188e+01],
       [1.313e+00, 3.836e+01],
       [1.289e+00, 3.186e+01],
       [1.387e+00, 3.187e+01],
       [1.361e+00, 3.191e+01],
       [1.529e+00, 2.738e+01],
       [1.414e+00, 2.745e+01],
       [1.559e+00, 3.207e+01],
       [1.631e+00, 2.743e+01],
       [1.743e+00, 2.752e+01],
       [1.725e+00, 2.400e+01],
       [1.782e+00, 2.410e+01],
       [1.816e+00, 2.396e+01],
       [1.945e+00, 2.399e+01],
       [1.973e+00, 2.415e+01],
       [2.032e+00, 2.127e+01],
       [2.192e+00, 2.129e+01],
       [2.216e+00, 1.904e+01],
       [2.254e+00, 1.908e+01],
       [2.428e+00, 2.134e+01],
       [2.484e+00, 1.917e+01],
       [2.482e+00, 1.931e+01],
       [2.673e+00, 1.751e+01],
       [2.647e+00, 1.739e+01],
       [2.762e+00, 1.586e+01],
       [2.860e+00, 1.751e+01],
       [2.955e+00, 1.600e+01]], dtype=float32)>, <tf.Variable 'leaf/learnable_pooling/kernel:0' shape=(1, 1, 80, 1) dtype=float32, numpy=
array([[[[0.5  ],
         [0.5  ],
         [0.499],
         [0.494],
         [0.484],
         [0.5  ],
         [0.486],
         [0.478],
         [0.468],
         [0.458],
         [0.459],
         [0.447],
         [0.44 ],
         [0.437],
         [0.432],
         [0.429],
         [0.437],
         [0.423],
         [0.422],
         [0.439],
         [0.438],
         [0.435],
         [0.423],
         [0.424],
         [0.399],
         [0.407],
         [0.414],
         [0.386],
         [0.412],
         [0.429],
         [0.436],
         [0.421],
         [0.441],
         [0.449],
         [0.451],
         [0.436],
         [0.43 ],
         [0.41 ],
         [0.442],
         [0.411],
         [0.412],
         [0.42 ],
         [0.402],
         [0.398],
         [0.392],
         [0.402],
         [0.405],
         [0.402],
         [0.421],
         [0.427],
         [0.423],
         [0.414],
         [0.413],
         [0.413],
         [0.411],
         [0.416],
         [0.407],
         [0.402],
         [0.4  ],
         [0.386],
         [0.377],
         [0.398],
         [0.405],
         [0.412],
         [0.405],
         [0.407],
         [0.398],
         [0.384],
         [0.408],
         [0.4  ],
         [0.411],
         [0.402],
         [0.405],
         [0.395],
         [0.394],
         [0.389],
         [0.404],
         [0.414],
         [0.402],
         [0.403]]]], dtype=float32)>, <tf.Variable 'leaf/PCEN/alpha:0' shape=(80,) dtype=float32, numpy=
array([1.   , 1.   , 1.   , 1.   , 1.   , 0.996, 0.991, 0.984, 0.984,
       0.984, 0.985, 0.98 , 0.976, 0.973, 0.972, 0.978, 0.957, 0.98 ,
       0.966, 0.961, 0.959, 0.958, 0.955, 0.96 , 0.965, 0.957, 0.965,
       0.952, 0.956, 0.955, 0.952, 0.96 , 0.957, 0.952, 0.955, 0.956,
       0.95 , 0.961, 0.952, 0.946, 0.95 , 0.957, 0.947, 0.947, 0.95 ,
       0.946, 0.952, 0.94 , 0.933, 0.951, 0.951, 0.947, 0.95 , 0.951,
       0.954, 0.942, 0.937, 0.956, 0.953, 0.934, 0.934, 0.944, 0.954,
       0.936, 0.937, 0.943, 0.953, 0.932, 0.936, 0.952, 0.936, 0.935,
       0.954, 0.943, 0.958, 0.936, 0.933, 0.934, 0.947, 0.926],
      dtype=float32)>, <tf.Variable 'leaf/PCEN/delta:0' shape=(80,) dtype=float32, numpy=
array([1.775, 1.824, 1.833, 1.865, 1.889, 1.889, 1.907, 1.922, 1.935,
       1.931, 1.935, 1.943, 1.955, 1.964, 1.969, 1.967, 1.997, 1.976,
       1.987, 1.996, 2.   , 2.   , 2.003, 1.995, 1.993, 1.999, 1.995,
       2.009, 2.005, 2.005, 2.009, 2.   , 2.004, 2.007, 2.005, 2.004,
       2.011, 2.   , 2.009, 2.015, 2.01 , 2.004, 2.013, 2.013, 2.01 ,
       2.015, 2.007, 2.02 , 2.027, 2.01 , 2.009, 2.013, 2.009, 2.009,
       2.006, 2.018, 2.023, 2.004, 2.007, 2.026, 2.025, 2.016, 2.005,
       2.024, 2.023, 2.016, 2.007, 2.028, 2.024, 2.008, 2.024, 2.025,
       2.006, 2.017, 2.002, 2.024, 2.027, 2.026, 2.012, 2.034],
      dtype=float32)>, <tf.Variable 'leaf/PCEN/root:0' shape=(80,) dtype=float32, numpy=
array([1.882, 1.901, 1.913, 1.948, 1.964, 1.972, 1.974, 1.978, 1.989,
       1.988, 1.991, 1.979, 1.989, 1.987, 1.999, 1.997, 2.026, 2.006,
       2.011, 2.012, 2.021, 2.02 , 2.024, 2.011, 2.008, 2.013, 2.01 ,
       2.022, 2.018, 2.014, 2.02 , 2.009, 2.014, 2.016, 2.014, 2.013,
       2.023, 2.007, 2.019, 2.026, 2.022, 2.018, 2.018, 2.016, 2.013,
       2.019, 2.01 , 2.023, 2.03 , 2.015, 2.014, 2.016, 2.014, 2.013,
       2.01 , 2.021, 2.026, 2.008, 2.01 , 2.027, 2.026, 2.02 , 2.007,
       2.026, 2.024, 2.019, 2.01 , 2.029, 2.025, 2.01 , 2.025, 2.026,
       2.008, 2.017, 2.004, 2.024, 2.027, 2.026, 2.015, 2.035],
      dtype=float32)>, <tf.Variable 'leaf/PCEN/EMA/smooth:0' shape=(80,) dtype=float32, numpy=
array([0.116, 0.112, 0.11 , 0.104, 0.101, 0.098, 0.096, 0.093, 0.09 ,
       0.091, 0.092, 0.097, 0.094, 0.089, 0.086, 0.088, 0.078, 0.087,
       0.085, 0.081, 0.079, 0.079, 0.082, 0.087, 0.085, 0.08 , 0.081,
       0.073, 0.078, 0.077, 0.075, 0.078, 0.079, 0.078, 0.078, 0.08 ,
       0.076, 0.083, 0.085, 0.075, 0.072, 0.074, 0.066, 0.063, 0.064,
       0.063, 0.065, 0.063, 0.061, 0.068, 0.066, 0.063, 0.064, 0.065,
       0.067, 0.064, 0.055, 0.066, 0.063, 0.053, 0.05 , 0.059, 0.059,
       0.049, 0.049, 0.052, 0.058, 0.057, 0.056, 0.058, 0.064, 0.063,
       0.057, 0.057, 0.059, 0.061, 0.052, 0.048, 0.055, 0.049],
      dtype=float32)>]/home/alirachidi/classification_algorithm/trainers/modules/main/global_helpers.py:48: UserWarning: Matplotlib is currently using agg, which is a non-GUI backend, so cannot show the figure.
  plt.show()
/home/alirachidi/classification_algorithm/trainers/modules/callbacks/visualizationCallback.py:32: VisibleDeprecationWarning: Creating an ndarray from ragged nested sequences (which is a list-or-tuple of lists-or-tuples-or ndarrays with different lengths or shapes) is deprecated. If you meant to do this, you must specify 'dtype=object' when creating the ndarray.
  print(np.array(self.model._frontend.weights) - np.array(self.first_weights))

Weight difference
[<tf.Tensor: shape=(80, 2), dtype=float32, numpy=
 array([[0., 0.],
        [0., 0.],
        [0., 0.],
        [0., 0.],
        [0., 0.],
        [0., 0.],
        [0., 0.],
        [0., 0.],
        [0., 0.],
        [0., 0.],
        [0., 0.],
        [0., 0.],
        [0., 0.],
        [0., 0.],
        [0., 0.],
        [0., 0.],
        [0., 0.],
        [0., 0.],
        [0., 0.],
        [0., 0.],
        [0., 0.],
        [0., 0.],
        [0., 0.],
        [0., 0.],
        [0., 0.],
        [0., 0.],
        [0., 0.],
        [0., 0.],
        [0., 0.],
        [0., 0.],
        [0., 0.],
        [0., 0.],
        [0., 0.],
        [0., 0.],
        [0., 0.],
        [0., 0.],
        [0., 0.],
        [0., 0.],
        [0., 0.],
        [0., 0.],
        [0., 0.],
        [0., 0.],
        [0., 0.],
        [0., 0.],
        [0., 0.],
        [0., 0.],
        [0., 0.],
        [0., 0.],
        [0., 0.],
        [0., 0.],
        [0., 0.],
        [0., 0.],
        [0., 0.],
        [0., 0.],
        [0., 0.],
        [0., 0.],
        [0., 0.],
        [0., 0.],
        [0., 0.],
        [0., 0.],
        [0., 0.],
        [0., 0.],
        [0., 0.],
        [0., 0.],
        [0., 0.],
        [0., 0.],
        [0., 0.],
        [0., 0.],
        [0., 0.],
        [0., 0.],
        [0., 0.],
        [0., 0.],
        [0., 0.],
        [0., 0.],
        [0., 0.],
        [0., 0.],
        [0., 0.],
        [0., 0.],
        [0., 0.],
        [0., 0.]], dtype=float32)>
 <tf.Tensor: shape=(1, 1, 80, 1), dtype=float32, numpy=
 array([[[[0.],
          [0.],
          [0.],
          [0.],
          [0.],
          [0.],
          [0.],
          [0.],
          [0.],
          [0.],
          [0.],
          [0.],
          [0.],
          [0.],
          [0.],
          [0.],
          [0.],
          [0.],
          [0.],
          [0.],
          [0.],
          [0.],
          [0.],
          [0.],
          [0.],
          [0.],
          [0.],
          [0.],
          [0.],
          [0.],
          [0.],
          [0.],
          [0.],
          [0.],
          [0.],
          [0.],
          [0.],
          [0.],
          [0.],
          [0.],
          [0.],
          [0.],
          [0.],
          [0.],
          [0.],
          [0.],
          [0.],
          [0.],
          [0.],
          [0.],
          [0.],
          [0.],
          [0.],
          [0.],
          [0.],
          [0.],
          [0.],
          [0.],
          [0.],
          [0.],
          [0.],
          [0.],
          [0.],
          [0.],
          [0.],
          [0.],
          [0.],
          [0.],
          [0.],
          [0.],
          [0.],
          [0.],
          [0.],
          [0.],
          [0.],
          [0.],
          [0.],
          [0.],
          [0.],
          [0.]]]], dtype=float32)>
 <tf.Tensor: shape=(80,), dtype=float32, numpy=
