Tensorflow Version: 2.8.0
Num GPUs Available:  1
Collecting Variables...
All variables have been collected.
../cache/
cw
train83
Description: efficientnet
-----------------------
Job id is 1.
- Loading Icbhi.
725 Icbhi audios have been loaded.
- Preparing Icbhi.
112 Icbhi groups of audio chunks (by filename or patients) have been prepared.
--- Samples are being split into training/val groups and de-grouped by patient ---
--- Icbhi training dataset went from 0 to 2040 elements, with 707 none's, 720 crakles, 285 wheezes and 327 both ---
--- Icbhi Validation dataset contains 299 elements, with 172 none, 70 crackles, 18 wheezes and 39 both ---
0
0
0
0
-----------------------
--- Final training dataset went from 0 to 2040 elements, with 707 none's, 720 crakles, 285 wheezes and 327 both ---
--- Final Validation dataset contains 299 elements, with 172 none, 70 crackles, 18 wheezes and 39 both ---
Model: "leaf_resnet_bis"
______________________________________________________________________________________________________________
 Layer (type)                                    Output Shape                                Param #          
==============================================================================================================
 leaf (Leaf)                                     multiple                                    560              
                                                                                                              
 mel_filterbanks (MelFilterbanks)                multiple                                    0 (unused)       
                                                                                                              
 sincnet (SincNet)                               multiple                                    0 (unused)       
                                                                                                              
 leaf (Leaf)                                     multiple                                    0 (unused)       
                                                                                                              
 sequential (Sequential)                         (None, 2)                                   4052133          
                                                                                                              
==============================================================================================================
Total params: 4,053,013
Trainable params: 4,010,990
Non-trainable params: 42,023
______________________________________________________________________________________________________________
Target metric is avg_accuracy
Epoch 1/40
WARNING:tensorflow:Gradients do not exist for variables ['kernel:0', 'kernel:0'] when minimizing the loss. If you're using `model.compile()`, did you forget to provide a `loss`argument?
WARNING:tensorflow:Gradients do not exist for variables ['kernel:0', 'kernel:0'] when minimizing the loss. If you're using `model.compile()`, did you forget to provide a `loss`argument?
WARNING:tensorflow:Gradients do not exist for variables ['kernel:0', 'kernel:0', 'kernel:0', 'kernel:0'] when minimizing the loss. If you're using `model.compile()`, did you forget to provide a `loss`argument?
WARNING:tensorflow:Gradients do not exist for variables ['kernel:0', 'kernel:0', 'kernel:0', 'kernel:0'] when minimizing the loss. If you're using `model.compile()`, did you forget to provide a `loss`argument?
WARNING:tensorflow:Gradients do not exist for variables ['kernel:0', 'kernel:0'] when minimizing the loss. If you're using `model.compile()`, did you forget to provide a `loss`argument?
WARNING:tensorflow:Gradients do not exist for variables ['kernel:0', 'kernel:0'] when minimizing the loss. If you're using `model.compile()`, did you forget to provide a `loss`argument?
WARNING:tensorflow:Gradients do not exist for variables ['kernel:0', 'kernel:0', 'kernel:0', 'kernel:0'] when minimizing the loss. If you're using `model.compile()`, did you forget to provide a `loss`argument?
WARNING:tensorflow:Gradients do not exist for variables ['kernel:0', 'kernel:0', 'kernel:0', 'kernel:0'] when minimizing the loss. If you're using `model.compile()`, did you forget to provide a `loss`argument?
Validation cm: [[  0 172   0   0]
 [  0  70   0   0]
 [  0  18   0   0]
 [  0  39   0   0]]
Validation normalized_cm: [[0. 1. 0. 0.]
 [0. 1. 0. 0.]
 [0. 1. 0. 0.]
 [0. 1. 0. 0.]]
Validation acc: 0.23411371237458195
Validation class_accuracies: [0.0, 1.0, 0.0, 0.0]
Validation precision: None
Validation recall: None
Validation f1: None
Validation roc_auc: None
Validation avg_accuracy: 0.25
Validation one_indexed_epoch: 1
-- New best results were achieved. --
128/128 - 177s - loss: 0.7075 - accuracy: 0.7941 - 177s/epoch - 1s/step
Epoch 2/40
Validation cm: [[172   0   0   0]
 [ 70   0   0   0]
 [ 18   0   0   0]
 [ 39   0   0   0]]
Validation normalized_cm: [[1. 0. 0. 0.]
 [1. 0. 0. 0.]
 [1. 0. 0. 0.]
 [1. 0. 0. 0.]]
Validation acc: 0.5752508361204013
Validation class_accuracies: [1.0, 0.0, 0.0, 0.0]
Validation precision: None
Validation recall: None
Validation f1: None
Validation roc_auc: None
Validation avg_accuracy: 0.25
Validation one_indexed_epoch: 2
The validation tracker metric at 0.25 hasn't increased by 0 in 1 epochs
128/128 - 176s - loss: 0.6449 - accuracy: 0.8216 - 176s/epoch - 1s/step
Epoch 3/40
Validation cm: [[172   0   0   0]
 [ 70   0   0   0]
 [ 18   0   0   0]
 [ 39   0   0   0]]
Validation normalized_cm: [[1. 0. 0. 0.]
 [1. 0. 0. 0.]
 [1. 0. 0. 0.]
 [1. 0. 0. 0.]]
Validation acc: 0.5752508361204013
Validation class_accuracies: [1.0, 0.0, 0.0, 0.0]
Validation precision: None
Validation recall: None
Validation f1: None
Validation roc_auc: None
Validation avg_accuracy: 0.25
Validation one_indexed_epoch: 3
The validation tracker metric at 0.25 hasn't increased by 0 in 2 epochs
128/128 - 175s - loss: 0.6122 - accuracy: 0.7956 - 175s/epoch - 1s/step
Epoch 4/40
Validation cm: [[172   0   0   0]
 [ 70   0   0   0]
 [ 18   0   0   0]
 [ 39   0   0   0]]
Validation normalized_cm: [[1. 0. 0. 0.]
 [1. 0. 0. 0.]
 [1. 0. 0. 0.]
 [1. 0. 0. 0.]]
Validation acc: 0.5752508361204013
Validation class_accuracies: [1.0, 0.0, 0.0, 0.0]
Validation precision: None
Validation recall: None
Validation f1: None
Validation roc_auc: None
Validation avg_accuracy: 0.25
Validation one_indexed_epoch: 4
The validation tracker metric at 0.25 hasn't increased by 0 in 3 epochs
128/128 - 176s - loss: 0.5728 - accuracy: 0.8025 - 176s/epoch - 1s/step
Epoch 5/40
Validation cm: [[172   0   0   0]
 [ 70   0   0   0]
 [ 18   0   0   0]
 [ 39   0   0   0]]
Validation normalized_cm: [[1. 0. 0. 0.]
 [1. 0. 0. 0.]
 [1. 0. 0. 0.]
 [1. 0. 0. 0.]]
Validation acc: 0.5752508361204013
Validation class_accuracies: [1.0, 0.0, 0.0, 0.0]
Validation precision: None
Validation recall: None
Validation f1: None
Validation roc_auc: None
Validation avg_accuracy: 0.25
Validation one_indexed_epoch: 5
The validation tracker metric at 0.25 hasn't increased by 0 in 4 epochs
128/128 - 175s - loss: 0.5414 - accuracy: 0.8025 - 175s/epoch - 1s/step
Epoch 6/40
Validation cm: [[ 49   0 123   0]
 [ 17   0  53   0]
 [  4   0  14   0]
 [  9   0  30   0]]
Validation normalized_cm: [[0.285 0.    0.715 0.   ]
 [0.243 0.    0.757 0.   ]
 [0.222 0.    0.778 0.   ]
 [0.231 0.    0.769 0.   ]]
Validation acc: 0.21070234113712374
Validation class_accuracies: [0.28488372093023256, 0.0, 0.7777777777777778, 0.0]
Validation precision: None
Validation recall: None
Validation f1: None
Validation roc_auc: None
Validation avg_accuracy: 0.2656653746770026
Validation one_indexed_epoch: 6
-- New best results were achieved. --
128/128 - 176s - loss: 0.5253 - accuracy: 0.7961 - 176s/epoch - 1s/step
Epoch 7/40
Validation cm: [[  3   0 169   0]
 [  0   0  70   0]
 [  0   0  17   1]
 [  0   0  39   0]]
Validation normalized_cm: [[0.017 0.    0.983 0.   ]
 [0.    0.    1.    0.   ]
 [0.    0.    0.944 0.056]
 [0.    0.    1.    0.   ]]
Validation acc: 0.06688963210702341
Validation class_accuracies: [0.01744186046511628, 0.0, 0.9444444444444444, 0.0]
Validation precision: None
Validation recall: None
Validation f1: None
Validation roc_auc: None
Validation avg_accuracy: 0.24047157622739018
Validation one_indexed_epoch: 7
The validation tracker metric at 0.2656653746770026 hasn't increased by 0 in 1 epochs
128/128 - 176s - loss: 0.5100 - accuracy: 0.7868 - 176s/epoch - 1s/step
Epoch 8/40
Validation cm: [[142   7  13  10]
 [ 53   1   9   7]
 [  9   0   4   5]
 [ 31   2   4   2]]
Validation normalized_cm: [[0.826 0.041 0.076 0.058]
 [0.757 0.014 0.129 0.1  ]
 [0.5   0.    0.222 0.278]
 [0.795 0.051 0.103 0.051]]
Validation acc: 0.4983277591973244
Validation class_accuracies: [0.8255813953488372, 0.014285714285714285, 0.2222222222222222, 0.05128205128205128]
Validation precision: None
Validation recall: None
Validation f1: None
Validation roc_auc: None
Validation avg_accuracy: 0.27834284578470625
Validation one_indexed_epoch: 8
-- New best results were achieved. --
128/128 - 177s - loss: 0.4797 - accuracy: 0.7936 - 177s/epoch - 1s/step
Epoch 9/40
Validation cm: [[140   3  16  13]
 [ 49   3   2  16]
 [  7   0   2   9]
 [ 23   4   6   6]]
Validation normalized_cm: [[0.814 0.017 0.093 0.076]
 [0.7   0.043 0.029 0.229]
 [0.389 0.    0.111 0.5  ]
 [0.59  0.103 0.154 0.154]]
Validation acc: 0.5050167224080268
Validation class_accuracies: [0.813953488372093, 0.04285714285714286, 0.1111111111111111, 0.15384615384615385]
Validation precision: None
Validation recall: None
Validation f1: None
Validation roc_auc: None
Validation avg_accuracy: 0.2804419740466252
Validation one_indexed_epoch: 9
-- New best results were achieved. --
128/128 - 178s - loss: 0.4403 - accuracy: 0.8034 - 178s/epoch - 1s/step
Epoch 10/40
Validation cm: [[ 4  0 98 70]
 [ 0  0 28 42]
 [ 0  0  5 13]
 [ 0  0 20 19]]
Validation normalized_cm: [[0.023 0.    0.57  0.407]
 [0.    0.    0.4   0.6  ]
 [0.    0.    0.278 0.722]
 [0.    0.    0.513 0.487]]
Validation acc: 0.09364548494983277
Validation class_accuracies: [0.023255813953488372, 0.0, 0.2777777777777778, 0.48717948717948717]
Validation precision: None
Validation recall: None
Validation f1: None
Validation roc_auc: None
Validation avg_accuracy: 0.19705326972768833
Validation one_indexed_epoch: 10
The validation tracker metric at 0.2804419740466252 hasn't increased by 0 in 1 epochs
128/128 - 178s - loss: 0.4209 - accuracy: 0.7779 - 178s/epoch - 1s/step
Epoch 11/40
Validation cm: [[138   0  26   8]
 [ 44   0  13  13]
 [  7   0   5   6]
 [ 26   1   8   4]]
Validation normalized_cm: [[0.802 0.    0.151 0.047]
 [0.629 0.    0.186 0.186]
 [0.389 0.    0.278 0.333]
 [0.667 0.026 0.205 0.103]]
Validation acc: 0.4916387959866221
Validation class_accuracies: [0.8023255813953488, 0.0, 0.2777777777777778, 0.10256410256410256]
Validation precision: None
Validation recall: None
Validation f1: None
Validation roc_auc: None
Validation avg_accuracy: 0.2956668654343073
Validation one_indexed_epoch: 11
-- New best results were achieved. --
128/128 - 178s - loss: 0.3528 - accuracy: 0.8088 - 178s/epoch - 1s/step
Epoch 12/40
Validation cm: [[75 11 59 27]
 [31  0 23 16]
 [ 4  0  7  7]
 [11  6 17  5]]
Validation normalized_cm: [[0.436 0.064 0.343 0.157]
 [0.443 0.    0.329 0.229]
 [0.222 0.    0.389 0.389]
 [0.282 0.154 0.436 0.128]]
Validation acc: 0.2909698996655518
Validation class_accuracies: [0.436046511627907, 0.0, 0.3888888888888889, 0.1282051282051282]
Validation precision: None
Validation recall: None
Validation f1: None
Validation roc_auc: None
Validation avg_accuracy: 0.23828513218048103
Validation one_indexed_epoch: 12
The validation tracker metric at 0.2956668654343073 hasn't increased by 0 in 1 epochs
128/128 - 177s - loss: 0.3401 - accuracy: 0.7971 - 177s/epoch - 1s/step
Epoch 13/40
Validation cm: [[151   2  18   1]
 [ 58   0  11   1]
 [ 11   0   6   1]
 [ 34   1   4   0]]
Validation normalized_cm: [[0.878 0.012 0.105 0.006]
 [0.829 0.    0.157 0.014]
 [0.611 0.    0.333 0.056]
 [0.872 0.026 0.103 0.   ]]
Validation acc: 0.5250836120401338
Validation class_accuracies: [0.877906976744186, 0.0, 0.3333333333333333, 0.0]
Validation precision: None
Validation recall: None
Validation f1: None
Validation roc_auc: None
Validation avg_accuracy: 0.3028100775193798
Validation one_indexed_epoch: 13
-- New best results were achieved. --
128/128 - 173s - loss: 0.2783 - accuracy: 0.7799 - 173s/epoch - 1s/step
Epoch 14/40
Validation cm: [[  0   0 111  61]
 [  0   0  41  29]
 [  0   0  11   7]
 [  0   0  31   8]]
Validation normalized_cm: [[0.    0.    0.645 0.355]
 [0.    0.    0.586 0.414]
 [0.    0.    0.611 0.389]
 [0.    0.    0.795 0.205]]
Validation acc: 0.06354515050167224
Validation class_accuracies: [0.0, 0.0, 0.6111111111111112, 0.20512820512820512]
Validation precision: None
Validation recall: None
Validation f1: None
Validation roc_auc: None
Validation avg_accuracy: 0.20405982905982906
Validation one_indexed_epoch: 14
The validation tracker metric at 0.3028100775193798 hasn't increased by 0 in 1 epochs
128/128 - 172s - loss: 0.2575 - accuracy: 0.7975 - 172s/epoch - 1s/step
Epoch 15/40
Validation cm: [[ 33   2 137   0]
 [  8   0  62   0]
 [  0   0  18   0]
 [  6   1  32   0]]
Validation normalized_cm: [[0.192 0.012 0.797 0.   ]
 [0.114 0.    0.886 0.   ]
 [0.    0.    1.    0.   ]
 [0.154 0.026 0.821 0.   ]]
Validation acc: 0.1705685618729097
Validation class_accuracies: [0.19186046511627908, 0.0, 1.0, 0.0]
Validation precision: None
Validation recall: None
Validation f1: None
Validation roc_auc: None
Validation avg_accuracy: 0.29796511627906974
Validation one_indexed_epoch: 15
The validation tracker metric at 0.3028100775193798 hasn't increased by 0 in 2 epochs
128/128 - 172s - loss: 0.2379 - accuracy: 0.7873 - 172s/epoch - 1s/step
Epoch 16/40
Validation cm: [[ 25   3 104  40]
 [  5   2  41  22]
 [  0   0   8  10]
 [  0   2  28   9]]
Validation normalized_cm: [[0.145 0.017 0.605 0.233]
 [0.071 0.029 0.586 0.314]
 [0.    0.    0.444 0.556]
 [0.    0.051 0.718 0.231]]
Validation acc: 0.14715719063545152
Validation class_accuracies: [0.14534883720930233, 0.02857142857142857, 0.4444444444444444, 0.23076923076923078]
Validation precision: None
Validation recall: None
Validation f1: None
Validation roc_auc: None
Validation avg_accuracy: 0.21228348524860152
Validation one_indexed_epoch: 16
The validation tracker metric at 0.3028100775193798 hasn't increased by 0 in 3 epochs
128/128 - 173s - loss: 0.1767 - accuracy: 0.7902 - 173s/epoch - 1s/step
Epoch 17/40
Validation cm: [[ 5 59 13 95]
 [ 0 22  4 44]
 [ 0  0  3 15]
 [ 0 13  0 26]]
Validation normalized_cm: [[0.029 0.343 0.076 0.552]
 [0.    0.314 0.057 0.629]
 [0.    0.    0.167 0.833]
 [0.    0.333 0.    0.667]]
Validation acc: 0.18729096989966554
Validation class_accuracies: [0.029069767441860465, 0.3142857142857143, 0.16666666666666666, 0.6666666666666666]
Validation precision: None
Validation recall: None
Validation f1: None
Validation roc_auc: None
Validation avg_accuracy: 0.294172203765227
Validation one_indexed_epoch: 17
The validation tracker metric at 0.3028100775193798 hasn't increased by 0 in 4 epochs
128/128 - 172s - loss: 0.1570 - accuracy: 0.7877 - 172s/epoch - 1s/step
Epoch 18/40
Validation cm: [[28 66  7 71]
 [ 7 17  5 41]
 [ 2  1  1 14]
 [ 3 11  1 24]]
Validation normalized_cm: [[0.163 0.384 0.041 0.413]
 [0.1   0.243 0.071 0.586]
 [0.111 0.056 0.056 0.778]
 [0.077 0.282 0.026 0.615]]
Validation acc: 0.23411371237458195
Validation class_accuracies: [0.16279069767441862, 0.24285714285714285, 0.05555555555555555, 0.6153846153846154]
Validation precision: None
Validation recall: None
Validation f1: None
Validation roc_auc: None
Validation avg_accuracy: 0.26914700286793314
Validation one_indexed_epoch: 18
The validation tracker metric at 0.3028100775193798 hasn't increased by 0 in 5 epochs
128/128 - 174s - loss: 0.1410 - accuracy: 0.7902 - 174s/epoch - 1s/step
Epoch 19/40
Validation cm: [[21 39 48 64]
 [ 7  7 12 44]
 [ 1  0  5 12]
 [ 2  9 10 18]]
Validation normalized_cm: [[0.122 0.227 0.279 0.372]
 [0.1   0.1   0.171 0.629]
 [0.056 0.    0.278 0.667]
 [0.051 0.231 0.256 0.462]]
Validation acc: 0.1705685618729097
Validation class_accuracies: [0.12209302325581395, 0.1, 0.2777777777777778, 0.46153846153846156]
Validation precision: None
Validation recall: None
Validation f1: None
Validation roc_auc: None
Validation avg_accuracy: 0.24035231564301332
Validation one_indexed_epoch: 19
The validation tracker metric at 0.3028100775193798 hasn't increased by 0 in 6 epochs
128/128 - 173s - loss: 0.1410 - accuracy: 0.8088 - 173s/epoch - 1s/step
Epoch 20/40
Validation cm: [[120   5  41   6]
 [ 39   5  21   5]
 [  4   0  11   3]
 [ 19   0  19   1]]
Validation normalized_cm: [[0.698 0.029 0.238 0.035]
 [0.557 0.071 0.3   0.071]
 [0.222 0.    0.611 0.167]
 [0.487 0.    0.487 0.026]]
Validation acc: 0.45819397993311034
Validation class_accuracies: [0.6976744186046512, 0.07142857142857142, 0.6111111111111112, 0.02564102564102564]
Validation precision: None
Validation recall: None
Validation f1: None
Validation roc_auc: None
Validation avg_accuracy: 0.35146378169633985
Validation one_indexed_epoch: 20
-- New best results were achieved. --
128/128 - 172s - loss: 0.1335 - accuracy: 0.7936 - 172s/epoch - 1s/step
Epoch 21/40
Validation cm: [[26 29 42 75]
 [ 6  5 20 39]
 [ 1  1  4 12]
 [ 5  7 12 15]]
Validation normalized_cm: [[0.151 0.169 0.244 0.436]
 [0.086 0.071 0.286 0.557]
 [0.056 0.056 0.222 0.667]
 [0.128 0.179 0.308 0.385]]
Validation acc: 0.16722408026755853
Validation class_accuracies: [0.1511627906976744, 0.07142857142857142, 0.2222222222222222, 0.38461538461538464]
Validation precision: None
Validation recall: None
Validation f1: None
Validation roc_auc: None
Validation avg_accuracy: 0.2073572422409632
Validation one_indexed_epoch: 21
The validation tracker metric at 0.35146378169633985 hasn't increased by 0 in 1 epochs
128/128 - 172s - loss: 0.0995 - accuracy: 0.7824 - 172s/epoch - 1s/step
Epoch 22/40
Validation cm: [[68 34 23 47]
 [24  9 11 26]
 [ 1  1  3 13]
 [ 8  3  6 22]]
Validation normalized_cm: [[0.395 0.198 0.134 0.273]
 [0.343 0.129 0.157 0.371]
 [0.056 0.056 0.167 0.722]
 [0.205 0.077 0.154 0.564]]
Validation acc: 0.3411371237458194
Validation class_accuracies: [0.3953488372093023, 0.12857142857142856, 0.16666666666666666, 0.5641025641025641]
Validation precision: None
Validation recall: None
Validation f1: None
Validation roc_auc: None
Validation avg_accuracy: 0.3136723741374904
Validation one_indexed_epoch: 22
The validation tracker metric at 0.35146378169633985 hasn't increased by 0 in 2 epochs
128/128 - 172s - loss: 0.1247 - accuracy: 0.8054 - 172s/epoch - 1s/step
Epoch 23/40
Validation cm: [[37 28 26 81]
 [13  9 11 37]
 [ 2  1  1 14]
 [ 1  1  6 31]]
Validation normalized_cm: [[0.215 0.163 0.151 0.471]
 [0.186 0.129 0.157 0.529]
 [0.111 0.056 0.056 0.778]
 [0.026 0.026 0.154 0.795]]
Validation acc: 0.2608695652173913
Validation class_accuracies: [0.21511627906976744, 0.12857142857142856, 0.05555555555555555, 0.7948717948717948]
Validation precision: None
Validation recall: None
Validation f1: None
Validation roc_auc: None
Validation avg_accuracy: 0.2985287645171366
Validation one_indexed_epoch: 23
The validation tracker metric at 0.35146378169633985 hasn't increased by 0 in 3 epochs
128/128 - 173s - loss: 0.1007 - accuracy: 0.8147 - 173s/epoch - 1s/step
Epoch 24/40
Validation cm: [[70 40 31 31]
 [16 15 26 13]
 [ 1  1  6 10]
 [ 6 13  9 11]]
Validation normalized_cm: [[0.407 0.233 0.18  0.18 ]
 [0.229 0.214 0.371 0.186]
 [0.056 0.056 0.333 0.556]
 [0.154 0.333 0.231 0.282]]
Validation acc: 0.3411371237458194
Validation class_accuracies: [0.4069767441860465, 0.21428571428571427, 0.3333333333333333, 0.28205128205128205]
Validation precision: None
Validation recall: None
Validation f1: None
Validation roc_auc: None
Validation avg_accuracy: 0.30916176846409404
Validation one_indexed_epoch: 24
The validation tracker metric at 0.35146378169633985 hasn't increased by 0 in 4 epochs
128/128 - 176s - loss: 0.0816 - accuracy: 0.7931 - 176s/epoch - 1s/step
Epoch 25/40
Validation cm: [[111  27  20  14]
 [ 38  14   8  10]
 [  4   1   3  10]
 [ 15   7   9   8]]
Validation normalized_cm: [[0.645 0.157 0.116 0.081]
 [0.543 0.2   0.114 0.143]
 [0.222 0.056 0.167 0.556]
 [0.385 0.179 0.231 0.205]]
Validation acc: 0.45484949832775917
Validation class_accuracies: [0.6453488372093024, 0.2, 0.16666666666666666, 0.20512820512820512]
Validation precision: None
Validation recall: None
Validation f1: None
Validation roc_auc: None
Validation avg_accuracy: 0.30428592725104353
Validation one_indexed_epoch: 25
The validation tracker metric at 0.35146378169633985 hasn't increased by 0 in 5 epochs
128/128 - 177s - loss: 0.0955 - accuracy: 0.8039 - 177s/epoch - 1s/step
Epoch 26/40
Validation cm: [[82 60 11 19]
 [28 23  9 10]
 [ 3  4  1 10]
 [13 14  2 10]]
Validation normalized_cm: [[0.477 0.349 0.064 0.11 ]
 [0.4   0.329 0.129 0.143]
 [0.167 0.222 0.056 0.556]
 [0.333 0.359 0.051 0.256]]
Validation acc: 0.3879598662207358
Validation class_accuracies: [0.47674418604651164, 0.32857142857142857, 0.05555555555555555, 0.2564102564102564]
Validation precision: None
Validation recall: None
Validation f1: None
Validation roc_auc: None
Validation avg_accuracy: 0.279320356645938
Validation one_indexed_epoch: 26
The validation tracker metric at 0.35146378169633985 hasn't increased by 0 in 6 epochs
128/128 - 177s - loss: 0.0876 - accuracy: 0.7926 - 177s/epoch - 1s/step
Epoch 27/40
Validation cm: [[ 12  26  28 106]
 [  3   8  15  44]
 [  0   1   3  14]
 [  0   5   5  29]]
Validation normalized_cm: [[0.07  0.151 0.163 0.616]
 [0.043 0.114 0.214 0.629]
 [0.    0.056 0.167 0.778]
 [0.    0.128 0.128 0.744]]
Validation acc: 0.17391304347826086
Validation class_accuracies: [0.06976744186046512, 0.11428571428571428, 0.16666666666666666, 0.7435897435897436]
Validation precision: None
Validation recall: None
Validation f1: None
Validation roc_auc: None
Validation avg_accuracy: 0.2735773916006474
Validation one_indexed_epoch: 27
The validation tracker metric at 0.35146378169633985 hasn't increased by 0 in 7 epochs
128/128 - 176s - loss: 0.0917 - accuracy: 0.7784 - 176s/epoch - 1s/step
Epoch 28/40
Validation cm: [[83 11 56 22]
 [31  2 26 11]
 [ 4  0  9  5]
 [ 8  4 18  9]]
Validation normalized_cm: [[0.483 0.064 0.326 0.128]
 [0.443 0.029 0.371 0.157]
 [0.222 0.    0.5   0.278]
 [0.205 0.103 0.462 0.231]]
Validation acc: 0.34448160535117056
Validation class_accuracies: [0.48255813953488375, 0.02857142857142857, 0.5, 0.23076923076923078]
Validation precision: None
Validation recall: None
Validation f1: None
Validation roc_auc: None
Validation avg_accuracy: 0.31047469971888575
Validation one_indexed_epoch: 28
The validation tracker metric at 0.35146378169633985 hasn't increased by 0 in 8 epochs
128/128 - 157s - loss: 0.0797 - accuracy: 0.8186 - 157s/epoch - 1s/step
Epoch 29/40
Validation cm: [[59 54 21 38]
 [22 18  9 21]
 [ 3  2  7  6]
 [ 5 16  8 10]]
Validation normalized_cm: [[0.343 0.314 0.122 0.221]
 [0.314 0.257 0.129 0.3  ]
 [0.167 0.111 0.389 0.333]
 [0.128 0.41  0.205 0.256]]
Validation acc: 0.31438127090301005
Validation class_accuracies: [0.3430232558139535, 0.2571428571428571, 0.3888888888888889, 0.2564102564102564]
Validation precision: None
Validation recall: None
Validation f1: None
Validation roc_auc: None
Validation avg_accuracy: 0.31136631456398894
Validation one_indexed_epoch: 29
The validation tracker metric at 0.35146378169633985 hasn't increased by 0 in 9 epochs
128/128 - 149s - loss: 0.0787 - accuracy: 0.8221 - 149s/epoch - 1s/step
Epoch 30/40
Validation cm: [[  9   3 109  51]
 [  4   1  40  25]
 [  0   0   9   9]
 [  0   1  24  14]]
Validation normalized_cm: [[0.052 0.017 0.634 0.297]
 [0.057 0.014 0.571 0.357]
 [0.    0.    0.5   0.5  ]
 [0.    0.026 0.615 0.359]]
Validation acc: 0.11036789297658862
Validation class_accuracies: [0.05232558139534884, 0.014285714285714285, 0.5, 0.358974358974359]
Validation precision: None
Validation recall: None
Validation f1: None
Validation roc_auc: None
Validation avg_accuracy: 0.23139641366385555
Validation one_indexed_epoch: 30
The validation tracker metric at 0.35146378169633985 hasn't increased by 0 in 10 epochs
128/128 - 149s - loss: 0.0726 - accuracy: 0.8230 - 149s/epoch - 1s/step
Epoch 31/40
Validation cm: [[97 63  6  6]
 [42 16  4  8]
 [ 3  2  4  9]
 [14 17  3  5]]
Validation normalized_cm: [[0.564 0.366 0.035 0.035]
 [0.6   0.229 0.057 0.114]
 [0.167 0.111 0.222 0.5  ]
 [0.359 0.436 0.077 0.128]]
Validation acc: 0.4080267558528428
Validation class_accuracies: [0.563953488372093, 0.22857142857142856, 0.2222222222222222, 0.1282051282051282]
Validation precision: None
Validation recall: None
Validation f1: None
Validation roc_auc: None
Validation avg_accuracy: 0.28573806684271796
Validation one_indexed_epoch: 31
The validation tracker metric at 0.35146378169633985 hasn't increased by 0 in 11 epochs
128/128 - 149s - loss: 0.0545 - accuracy: 0.8387 - 149s/epoch - 1s/step
Epoch 32/40
Validation cm: [[31 73  6 62]
 [10 31  5 24]
 [ 1  3  1 13]
 [ 7  8  2 22]]
Validation normalized_cm: [[0.18  0.424 0.035 0.36 ]
 [0.143 0.443 0.071 0.343]
 [0.056 0.167 0.056 0.722]
 [0.179 0.205 0.051 0.564]]
Validation acc: 0.2842809364548495
Validation class_accuracies: [0.18023255813953487, 0.44285714285714284, 0.05555555555555555, 0.5641025641025641]
Validation precision: None
Validation recall: None
Validation f1: None
Validation roc_auc: None
Validation avg_accuracy: 0.3106869551636994
Validation one_indexed_epoch: 32
The number of epochs since last 1% equals the patience
128/128 - 149s - loss: 0.0614 - accuracy: 0.8054 - 149s/epoch - 1s/step
----------------------------------
The best metrics for this job are: 

Best avg_accuracy: 0.35146378169633985
Best cm: [[120   5  41   6]
 [ 39   5  21   5]
 [  4   0  11   3]
 [ 19   0  19   1]]
Best normalized_cm: [[0.698 0.029 0.238 0.035]
 [0.557 0.071 0.3   0.071]
 [0.222 0.    0.611 0.167]
 [0.487 0.    0.487 0.026]]
Best acc: 0.45819397993311034
Best class_accuracies: [0.6976744186046512, 0.07142857142857142, 0.6111111111111112, 0.02564102564102564]
Best precision: None
Best recall: None
Best f1: None
Best roc_auc: None
Best one_indexed_epoch: 20
avg_accuracy
model
cm
normalized_cm
acc
class_accuracies
precision
recall
f1
roc_auc
one_indexed_epoch
Initial weights
[<tf.Variable 'kernel:0' shape=(80, 2) dtype=float32, numpy=
array([[4.522e-02, 1.503e+02],
       [0.000e+00, 9.564e+01],
       [5.503e-02, 1.499e+02],
       [6.613e-02, 1.500e+02],
       [7.201e-02, 1.498e+02],
       [6.625e-02, 9.558e+01],
       [9.330e-02, 9.573e+01],
       [1.002e-01, 9.550e+01],
       [1.184e-01, 9.552e+01],
       [1.243e-01, 9.557e+01],
       [1.374e-01, 9.572e+01],
       [1.340e-01, 9.579e+01],
       [1.570e-01, 9.589e+01],
       [1.906e-01, 9.557e+01],
       [1.946e-01, 9.496e+01],
       [2.153e-01, 9.557e+01],
       [3.144e-01, 1.503e+02],
       [3.291e-01, 9.592e+01],
       [2.415e-01, 9.546e+01],
       [2.613e-01, 9.556e+01],
       [2.638e-01, 9.578e+01],
       [2.723e-01, 9.618e+01],
       [2.891e-01, 9.617e+01],
       [3.222e-01, 9.599e+01],
       [4.016e-01, 6.369e+01],
       [4.422e-01, 9.585e+01],
       [4.215e-01, 6.379e+01],
       [4.262e-01, 9.565e+01],
       [3.750e-01, 6.384e+01],
       [4.663e-01, 6.389e+01],
       [4.671e-01, 6.374e+01],
       [4.693e-01, 6.371e+01],
       [5.181e-01, 6.375e+01],
       [5.479e-01, 6.372e+01],
       [5.939e-01, 6.366e+01],
       [6.239e-01, 6.378e+01],
       [6.156e-01, 6.375e+01],
       [6.531e-01, 6.400e+01],
       [6.657e-01, 4.806e+01],
       [6.681e-01, 4.781e+01],
       [7.997e-01, 4.795e+01],
       [8.001e-01, 4.801e+01],
       [7.714e-01, 4.808e+01],
       [8.577e-01, 4.799e+01],
       [9.918e-01, 4.831e+01],
       [8.475e-01, 4.791e+01],
       [8.902e-01, 4.799e+01],
       [1.076e+00, 3.861e+01],
       [1.072e+00, 3.847e+01],
       [1.099e+00, 3.834e+01],
       [1.115e+00, 3.831e+01],
       [1.196e+00, 3.843e+01],
       [1.224e+00, 3.204e+01],
       [1.236e+00, 3.199e+01],
       [1.269e+00, 3.844e+01],
       [1.281e+00, 3.195e+01],
       [1.279e+00, 3.197e+01],
       [1.343e+00, 3.205e+01],
       [1.346e+00, 2.737e+01],
       [1.510e+00, 2.735e+01],
       [1.496e+00, 3.172e+01],
       [1.672e+00, 2.743e+01],
       [1.699e+00, 2.746e+01],
       [1.925e+00, 2.450e+01],
       [1.787e+00, 2.409e+01],
       [1.843e+00, 2.416e+01],
       [1.821e+00, 2.424e+01],
       [2.333e+00, 2.427e+01],
       [2.241e+00, 2.160e+01],
       [2.106e+00, 2.144e+01],
       [2.211e+00, 1.929e+01],
       [2.303e+00, 1.916e+01],
       [2.457e+00, 2.139e+01],
       [2.547e+00, 1.929e+01],
       [2.624e+00, 1.930e+01],
       [2.713e+00, 1.756e+01],
       [2.805e+00, 1.755e+01],
       [2.793e+00, 1.599e+01],
       [2.910e+00, 1.748e+01],
       [3.116e+00, 1.615e+01]], dtype=float32)>, <tf.Variable 'leaf/learnable_pooling/kernel:0' shape=(1, 1, 80, 1) dtype=float32, numpy=
array([[[[0.406],
         [0.405],
         [0.4  ],
         [0.405],
         [0.404],
         [0.404],
         [0.4  ],
         [0.414],
         [0.399],
         [0.398],
         [0.389],
         [0.387],
         [0.404],
         [0.418],
         [0.407],
         [0.414],
         [0.408],
         [0.408],
         [0.398],
         [0.406],
         [0.404],
         [0.408],
         [0.404],
         [0.406],
         [0.412],
         [0.399],
         [0.405],
         [0.392],
         [0.406],
         [0.404],
         [0.409],
         [0.403],
         [0.405],
         [0.411],
         [0.409],
         [0.41 ],
         [0.402],
         [0.407],
         [0.4  ],
         [0.405],
         [0.403],
         [0.395],
         [0.393],
         [0.401],
         [0.38 ],
         [0.403],
         [0.398],
         [0.392],
         [0.399],
         [0.406],
         [0.407],
         [0.397],
         [0.396],
         [0.397],
         [0.396],
         [0.404],
         [0.403],
         [0.396],
         [0.401],
         [0.403],
         [0.407],
         [0.4  ],
         [0.397],
         [0.378],
         [0.399],
         [0.396],
         [0.389],
         [0.386],
         [0.394],
         [0.399],
         [0.392],
         [0.402],
         [0.398],
         [0.397],
         [0.396],
         [0.391],
         [0.394],
         [0.392],
         [0.398],
         [0.394]]]], dtype=float32)>, <tf.Variable 'leaf/PCEN/alpha:0' shape=(80,) dtype=float32, numpy=
array([0.945, 1.005, 0.93 , 1.002, 0.97 , 0.831, 0.957, 0.952, 0.941,
       0.865, 0.949, 0.958, 0.937, 0.9  , 0.948, 0.966, 0.931, 0.97 ,
       0.957, 0.961, 0.932, 0.933, 0.929, 0.962, 0.956, 0.916, 0.981,
       0.89 , 0.926, 0.958, 0.952, 0.958, 0.942, 0.952, 0.968, 0.969,
       0.94 , 0.988, 0.949, 0.964, 0.95 , 0.904, 0.943, 1.004, 0.785,
       1.003, 0.978, 0.848, 0.962, 0.925, 0.968, 0.958, 0.944, 0.94 ,
       0.938, 1.002, 0.913, 0.887, 0.945, 0.952, 0.941, 0.971, 0.932,
       1.003, 0.945, 0.922, 1.002, 0.908, 0.953, 0.968, 0.978, 0.92 ,
       0.932, 0.942, 0.96 , 0.936, 1.007, 0.963, 0.974, 0.983],
      dtype=float32)>, <tf.Variable 'leaf/PCEN/delta:0' shape=(80,) dtype=float32, numpy=
array([2.034, 2.051, 1.998, 1.927, 1.872, 2.096, 1.906, 1.953, 1.948,
       2.011, 1.921, 1.941, 1.967, 2.045, 2.006, 1.999, 2.03 , 1.985,
       1.986, 2.002, 2.008, 2.023, 2.019, 1.997, 2.002, 2.036, 1.983,
       2.078, 2.034, 1.99 , 1.97 , 1.989, 2.016, 2.021, 1.997, 1.991,
       2.001, 1.953, 1.988, 1.968, 1.983, 2.065, 2.03 , 1.939, 2.034,
       1.967, 1.97 , 2.039, 1.996, 2.031, 1.988, 1.999, 2.013, 2.006,
       2.019, 2.009, 2.05 , 2.046, 2.014, 2.009, 2.019, 1.983, 2.023,
       2.131, 2.01 , 2.   , 1.97 , 2.049, 2.004, 1.99 , 1.979, 2.037,
       2.027, 2.017, 1.999, 2.022, 1.941, 1.995, 1.984, 1.975],
      dtype=float32)>, <tf.Variable 'leaf/PCEN/root:0' shape=(80,) dtype=float32, numpy=
array([2.058, 2.011, 1.968, 1.924, 1.891, 2.115, 1.933, 1.975, 1.964,
       2.017, 1.959, 2.011, 2.028, 2.062, 1.997, 1.981, 2.063, 2.023,
       2.005, 1.958, 1.99 , 2.017, 2.008, 1.986, 1.96 , 2.07 , 1.987,
       2.096, 2.041, 1.996, 1.975, 1.969, 2.003, 2.018, 1.98 , 2.006,
       2.031, 1.982, 1.99 , 1.98 , 1.992, 2.076, 2.044, 1.949, 2.221,
       2.014, 1.992, 2.139, 2.004, 2.032, 1.999, 2.009, 2.023, 2.033,
       2.03 , 2.02 , 2.03 , 2.072, 2.011, 2.004, 2.009, 1.994, 2.043,
       2.327, 2.024, 2.095, 1.976, 2.049, 2.012, 2.003, 1.99 , 2.047,
       2.029, 2.019, 2.002, 2.028, 1.948, 2.002, 1.99 , 1.98 ],
      dtype=float32)>, <tf.Variable 'leaf/PCEN/EMA/smooth:0' shape=(80,) dtype=float32, numpy=
array([ 0.097,  0.04 ,  0.045,  0.028,  0.031,  0.114,  0.032,  0.077,
        0.026,  0.079,  0.032,  0.026,  0.034,  0.071,  0.033,  0.035,
        0.028,  0.074,  0.054,  0.029,  0.028,  0.084,  0.044,  0.02 ,
        0.027,  0.105,  0.045,  0.136,  0.05 ,  0.041,  0.044,  0.049,
        0.05 ,  0.045,  0.045,  0.039,  0.06 ,  0.116,  0.086,  0.041,
        0.037,  0.077,  0.089,  0.061, -0.033,  0.045,  0.046, -0.019,
        0.051,  0.045,  0.069,  0.068,  0.079,  0.027,  0.094,  0.072,
        0.036, -0.021,  0.04 ,  0.063,  0.007,  0.055,  0.046, -0.019,
        0.093, -0.004,  0.131, -0.004,  0.115,  0.125,  0.073,  0.063,
        0.056,  0.04 ,  0.064,  0.094,  0.132,  0.072,  0.038,  0.052],
      dtype=float32)>]
Post training weights
[<tf.Variable 'kernel:0' shape=(80, 2) dtype=float32, numpy=
array([[4.522e-02, 1.503e+02],
       [0.000e+00, 9.564e+01],
       [5.503e-02, 1.499e+02],
       [6.613e-02, 1.500e+02],
       [7.201e-02, 1.498e+02],
       [6.625e-02, 9.558e+01],
       [9.330e-02, 9.573e+01],
       [1.002e-01, 9.550e+01],
       [1.184e-01, 9.552e+01],
       [1.243e-01, 9.557e+01],
       [1.374e-01, 9.572e+01],
       [1.340e-01, 9.579e+01],
       [1.570e-01, 9.589e+01],
       [1.906e-01, 9.557e+01],
       [1.946e-01, 9.496e+01],
       [2.153e-01, 9.557e+01],
       [3.144e-01, 1.503e+02],
       [3.291e-01, 9.592e+01],
       [2.415e-01, 9.546e+01],
       [2.613e-01, 9.556e+01],
       [2.638e-01, 9.578e+01],
       [2.723e-01, 9.618e+01],
       [2.891e-01, 9.617e+01],
       [3.222e-01, 9.599e+01],
       [4.016e-01, 6.369e+01],
       [4.422e-01, 9.585e+01],
       [4.215e-01, 6.379e+01],
       [4.262e-01, 9.565e+01],
       [3.750e-01, 6.384e+01],
       [4.663e-01, 6.389e+01],
       [4.671e-01, 6.374e+01],
       [4.693e-01, 6.371e+01],
       [5.181e-01, 6.375e+01],
       [5.479e-01, 6.372e+01],
       [5.939e-01, 6.366e+01],
       [6.239e-01, 6.378e+01],
       [6.156e-01, 6.375e+01],
       [6.531e-01, 6.400e+01],
       [6.657e-01, 4.806e+01],
       [6.681e-01, 4.781e+01],
       [7.997e-01, 4.795e+01],
       [8.001e-01, 4.801e+01],
       [7.714e-01, 4.808e+01],
       [8.577e-01, 4.799e+01],
       [9.918e-01, 4.831e+01],
       [8.475e-01, 4.791e+01],
       [8.902e-01, 4.799e+01],
       [1.076e+00, 3.861e+01],
       [1.072e+00, 3.847e+01],
       [1.099e+00, 3.834e+01],
       [1.115e+00, 3.831e+01],
       [1.196e+00, 3.843e+01],
       [1.224e+00, 3.204e+01],
       [1.236e+00, 3.199e+01],
       [1.269e+00, 3.844e+01],
       [1.281e+00, 3.195e+01],
       [1.279e+00, 3.197e+01],
       [1.343e+00, 3.205e+01],
       [1.346e+00, 2.737e+01],
       [1.510e+00, 2.735e+01],
       [1.496e+00, 3.172e+01],
       [1.672e+00, 2.743e+01],
       [1.699e+00, 2.746e+01],
       [1.925e+00, 2.450e+01],
       [1.787e+00, 2.409e+01],
       [1.843e+00, 2.416e+01],
       [1.821e+00, 2.424e+01],
       [2.333e+00, 2.427e+01],
       [2.241e+00, 2.160e+01],
       [2.106e+00, 2.144e+01],
       [2.211e+00, 1.929e+01],
       [2.303e+00, 1.916e+01],
       [2.457e+00, 2.139e+01],
       [2.547e+00, 1.929e+01],
       [2.624e+00, 1.930e+01],
       [2.713e+00, 1.756e+01],
       [2.805e+00, 1.755e+01],
       [2.793e+00, 1.599e+01],
       [2.910e+00, 1.748e+01],
       [3.116e+00, 1.615e+01]], dtype=float32)>, <tf.Variable 'leaf/learnable_pooling/kernel:0' shape=(1, 1, 80, 1) dtype=float32, numpy=
array([[[[0.406],
         [0.405],
         [0.4  ],
         [0.405],
         [0.404],
         [0.404],
         [0.4  ],
         [0.414],
         [0.399],
         [0.398],
         [0.389],
         [0.387],
         [0.404],
         [0.418],
         [0.407],
         [0.414],
         [0.408],
         [0.408],
         [0.398],
         [0.406],
         [0.404],
         [0.408],
         [0.404],
         [0.406],
         [0.412],
         [0.399],
         [0.405],
         [0.392],
         [0.406],
         [0.404],
         [0.409],
         [0.403],
         [0.405],
         [0.411],
         [0.409],
         [0.41 ],
         [0.402],
         [0.407],
         [0.4  ],
         [0.405],
         [0.403],
         [0.395],
         [0.393],
         [0.401],
         [0.38 ],
         [0.403],
         [0.398],
         [0.392],
         [0.399],
         [0.406],
         [0.407],
         [0.397],
         [0.396],
         [0.397],
         [0.396],
         [0.404],
         [0.403],
         [0.396],
         [0.401],
         [0.403],
         [0.407],
         [0.4  ],
         [0.397],
         [0.378],
         [0.399],
         [0.396],
         [0.389],
         [0.386],
         [0.394],
         [0.399],
         [0.392],
         [0.402],
         [0.398],
         [0.397],
         [0.396],
         [0.391],
         [0.394],
         [0.392],
         [0.398],
         [0.394]]]], dtype=float32)>, <tf.Variable 'leaf/PCEN/alpha:0' shape=(80,) dtype=float32, numpy=
array([0.945, 1.005, 0.93 , 1.002, 0.97 , 0.831, 0.957, 0.952, 0.941,
       0.865, 0.949, 0.958, 0.937, 0.9  , 0.948, 0.966, 0.931, 0.97 ,
       0.957, 0.961, 0.932, 0.933, 0.929, 0.962, 0.956, 0.916, 0.981,
       0.89 , 0.926, 0.958, 0.952, 0.958, 0.942, 0.952, 0.968, 0.969,
       0.94 , 0.988, 0.949, 0.964, 0.95 , 0.904, 0.943, 1.004, 0.785,
       1.003, 0.978, 0.848, 0.962, 0.925, 0.968, 0.958, 0.944, 0.94 ,
       0.938, 1.002, 0.913, 0.887, 0.945, 0.952, 0.941, 0.971, 0.932,
       1.003, 0.945, 0.922, 1.002, 0.908, 0.953, 0.968, 0.978, 0.92 ,
       0.932, 0.942, 0.96 , 0.936, 1.007, 0.963, 0.974, 0.983],
      dtype=float32)>, <tf.Variable 'leaf/PCEN/delta:0' shape=(80,) dtype=float32, numpy=
array([2.034, 2.051, 1.998, 1.927, 1.872, 2.096, 1.906, 1.953, 1.948,
       2.011, 1.921, 1.941, 1.967, 2.045, 2.006, 1.999, 2.03 , 1.985,
       1.986, 2.002, 2.008, 2.023, 2.019, 1.997, 2.002, 2.036, 1.983,
       2.078, 2.034, 1.99 , 1.97 , 1.989, 2.016, 2.021, 1.997, 1.991,
       2.001, 1.953, 1.988, 1.968, 1.983, 2.065, 2.03 , 1.939, 2.034,
       1.967, 1.97 , 2.039, 1.996, 2.031, 1.988, 1.999, 2.013, 2.006,
       2.019, 2.009, 2.05 , 2.046, 2.014, 2.009, 2.019, 1.983, 2.023,
       2.131, 2.01 , 2.   , 1.97 , 2.049, 2.004, 1.99 , 1.979, 2.037,
       2.027, 2.017, 1.999, 2.022, 1.941, 1.995, 1.984, 1.975],
      dtype=float32)>, <tf.Variable 'leaf/PCEN/root:0' shape=(80,) dtype=float32, numpy=
array([2.058, 2.011, 1.968, 1.924, 1.891, 2.115, 1.933, 1.975, 1.964,
       2.017, 1.959, 2.011, 2.028, 2.062, 1.997, 1.981, 2.063, 2.023,
       2.005, 1.958, 1.99 , 2.017, 2.008, 1.986, 1.96 , 2.07 , 1.987,
       2.096, 2.041, 1.996, 1.975, 1.969, 2.003, 2.018, 1.98 , 2.006,
       2.031, 1.982, 1.99 , 1.98 , 1.992, 2.076, 2.044, 1.949, 2.221,
       2.014, 1.992, 2.139, 2.004, 2.032, 1.999, 2.009, 2.023, 2.033,
       2.03 , 2.02 , 2.03 , 2.072, 2.011, 2.004, 2.009, 1.994, 2.043,
       2.327, 2.024, 2.095, 1.976, 2.049, 2.012, 2.003, 1.99 , 2.047,
       2.029, 2.019, 2.002, 2.028, 1.948, 2.002, 1.99 , 1.98 ],
      dtype=float32)>, <tf.Variable 'leaf/PCEN/EMA/smooth:0' shape=(80,) dtype=float32, numpy=
array([ 0.097,  0.04 ,  0.045,  0.028,  0.031,  0.114,  0.032,  0.077,
        0.026,  0.079,  0.032,  0.026,  0.034,  0.071,  0.033,  0.035,
