Tensorflow Version: 2.8.0
Num GPUs Available:  1
Collecting Variables...
All variables have been collected.
../cache/
cw
train85
Description: resnetv2
-----------------------
Job id is 1.
- Loading Icbhi.
725 Icbhi audios have been loaded.
- Preparing Icbhi.
112 Icbhi groups of audio chunks (by filename or patients) have been prepared.
--- Samples are being split into training/val groups and de-grouped by patient ---
--- Icbhi training dataset went from 0 to 2040 elements, with 707 none's, 720 crakles, 285 wheezes and 327 both ---
--- Icbhi Validation dataset contains 299 elements, with 172 none, 70 crackles, 18 wheezes and 39 both ---
0
0
0
0
-----------------------
--- Final training dataset went from 0 to 2040 elements, with 707 none's, 720 crakles, 285 wheezes and 327 both ---
--- Final Validation dataset contains 299 elements, with 172 none, 70 crackles, 18 wheezes and 39 both ---
Model: "leaf_resnet_bis"
______________________________________________________________________________________________________________
 Layer (type)                                    Output Shape                                Param #          
==============================================================================================================
 leaf (Leaf)                                     multiple                                    560              
                                                                                                              
 mel_filterbanks (MelFilterbanks)                multiple                                    0 (unused)       
                                                                                                              
 sincnet (SincNet)                               multiple                                    0 (unused)       
                                                                                                              
 leaf (Leaf)                                     multiple                                    0 (unused)       
                                                                                                              
 sequential (Sequential)                         (None, 2)                                   23568898         
                                                                                                              
==============================================================================================================
Total params: 23,569,778
Trainable params: 23,524,338
Non-trainable params: 45,440
______________________________________________________________________________________________________________
Target metric is avg_accuracy
Epoch 1/60
WARNING:tensorflow:Gradients do not exist for variables ['kernel:0', 'kernel:0'] when minimizing the loss. If you're using `model.compile()`, did you forget to provide a `loss`argument?
WARNING:tensorflow:Gradients do not exist for variables ['kernel:0', 'kernel:0'] when minimizing the loss. If you're using `model.compile()`, did you forget to provide a `loss`argument?
WARNING:tensorflow:Gradients do not exist for variables ['kernel:0', 'kernel:0', 'kernel:0', 'kernel:0'] when minimizing the loss. If you're using `model.compile()`, did you forget to provide a `loss`argument?
WARNING:tensorflow:Gradients do not exist for variables ['kernel:0', 'kernel:0', 'kernel:0', 'kernel:0'] when minimizing the loss. If you're using `model.compile()`, did you forget to provide a `loss`argument?
WARNING:tensorflow:Gradients do not exist for variables ['kernel:0', 'kernel:0'] when minimizing the loss. If you're using `model.compile()`, did you forget to provide a `loss`argument?
WARNING:tensorflow:Gradients do not exist for variables ['kernel:0', 'kernel:0'] when minimizing the loss. If you're using `model.compile()`, did you forget to provide a `loss`argument?
WARNING:tensorflow:Gradients do not exist for variables ['kernel:0', 'kernel:0', 'kernel:0', 'kernel:0'] when minimizing the loss. If you're using `model.compile()`, did you forget to provide a `loss`argument?
WARNING:tensorflow:Gradients do not exist for variables ['kernel:0', 'kernel:0', 'kernel:0', 'kernel:0'] when minimizing the loss. If you're using `model.compile()`, did you forget to provide a `loss`argument?
Validation cm: [[  0 172   0   0]
 [  0  70   0   0]
 [  0  18   0   0]
 [  0  39   0   0]]
Validation normalized_cm: [[0. 1. 0. 0.]
 [0. 1. 0. 0.]
 [0. 1. 0. 0.]
 [0. 1. 0. 0.]]
Validation acc: 0.23411371237458195
Validation class_accuracies: [0.0, 1.0, 0.0, 0.0]
Validation precision: None
Validation recall: None
Validation f1: None
Validation roc_auc: None
Validation avg_accuracy: 0.25
Validation one_indexed_epoch: 1
-- New best results were achieved. --
128/128 - 167s - loss: 0.6674 - accuracy: 0.7931 - 167s/epoch - 1s/step
Epoch 2/60
Validation cm: [[ 62 110   0   0]
 [ 31  39   0   0]
 [  6  12   0   0]
 [  6  33   0   0]]
Validation normalized_cm: [[0.36  0.64  0.    0.   ]
 [0.443 0.557 0.    0.   ]
 [0.333 0.667 0.    0.   ]
 [0.154 0.846 0.    0.   ]]
Validation acc: 0.3377926421404682
Validation class_accuracies: [0.36046511627906974, 0.5571428571428572, 0.0, 0.0]
Validation precision: None
Validation recall: None
Validation f1: None
Validation roc_auc: None
Validation avg_accuracy: 0.22940199335548173
Validation one_indexed_epoch: 2
128/128 - 150s - loss: 0.6029 - accuracy: 0.7922 - 150s/epoch - 1s/step
Epoch 3/60
Validation cm: [[  0   0   0 172]
 [  0   0   0  70]
 [  0   0   0  18]
 [  0   0   0  39]]
Validation normalized_cm: [[0. 0. 0. 1.]
 [0. 0. 0. 1.]
 [0. 0. 0. 1.]
 [0. 0. 0. 1.]]
Validation acc: 0.13043478260869565
Validation class_accuracies: [0.0, 0.0, 0.0, 1.0]
Validation precision: None
Validation recall: None
Validation f1: None
Validation roc_auc: None
Validation avg_accuracy: 0.25
Validation one_indexed_epoch: 3
128/128 - 149s - loss: 0.5690 - accuracy: 0.8093 - 149s/epoch - 1s/step
Epoch 4/60
Validation cm: [[  0   0   0 172]
 [  0   0   0  70]
 [  0   0   0  18]
 [  0   0   0  39]]
Validation normalized_cm: [[0. 0. 0. 1.]
 [0. 0. 0. 1.]
 [0. 0. 0. 1.]
 [0. 0. 0. 1.]]
Validation acc: 0.13043478260869565
Validation class_accuracies: [0.0, 0.0, 0.0, 1.0]
Validation precision: None
Validation recall: None
Validation f1: None
Validation roc_auc: None
Validation avg_accuracy: 0.25
Validation one_indexed_epoch: 4
128/128 - 149s - loss: 0.5645 - accuracy: 0.8054 - 149s/epoch - 1s/step
Epoch 5/60
Validation cm: [[ 19 150   0   3]
 [  8  58   0   4]
 [  0  12   0   6]
 [  3  35   0   1]]
Validation normalized_cm: [[0.11  0.872 0.    0.017]
 [0.114 0.829 0.    0.057]
 [0.    0.667 0.    0.333]
 [0.077 0.897 0.    0.026]]
Validation acc: 0.2608695652173913
Validation class_accuracies: [0.11046511627906977, 0.8285714285714286, 0.0, 0.02564102564102564]
Validation precision: None
Validation recall: None
Validation f1: None
Validation roc_auc: None
Validation avg_accuracy: 0.241169392622881
Validation one_indexed_epoch: 5
128/128 - 150s - loss: 0.5434 - accuracy: 0.8093 - 150s/epoch - 1s/step
Epoch 6/60
Validation cm: [[  0   0 172   0]
 [  0   0  70   0]
 [  0   0  18   0]
 [  0   0  39   0]]
Validation normalized_cm: [[0. 0. 1. 0.]
 [0. 0. 1. 0.]
 [0. 0. 1. 0.]
 [0. 0. 1. 0.]]
Validation acc: 0.06020066889632107
Validation class_accuracies: [0.0, 0.0, 1.0, 0.0]
Validation precision: None
Validation recall: None
Validation f1: None
Validation roc_auc: None
Validation avg_accuracy: 0.25
Validation one_indexed_epoch: 6
128/128 - 150s - loss: 0.5437 - accuracy: 0.7897 - 150s/epoch - 1s/step
Epoch 7/60
Validation cm: [[  4   0 168   0]
 [  0   0  70   0]
 [  0   0  18   0]
 [  0   0  39   0]]
Validation normalized_cm: [[0.023 0.    0.977 0.   ]
 [0.    0.    1.    0.   ]
 [0.    0.    1.    0.   ]
 [0.    0.    1.    0.   ]]
Validation acc: 0.07357859531772576
Validation class_accuracies: [0.023255813953488372, 0.0, 1.0, 0.0]
Validation precision: None
Validation recall: None
Validation f1: None
Validation roc_auc: None
Validation avg_accuracy: 0.2558139534883721
Validation one_indexed_epoch: 7
-- New best results were achieved. --
128/128 - 149s - loss: 0.5381 - accuracy: 0.7951 - 149s/epoch - 1s/step
Epoch 8/60
Validation cm: [[  0 171   0   1]
 [  0  69   0   1]
 [  0  15   0   3]
 [  0  38   0   1]]
Validation normalized_cm: [[0.    0.994 0.    0.006]
 [0.    0.986 0.    0.014]
 [0.    0.833 0.    0.167]
 [0.    0.974 0.    0.026]]
Validation acc: 0.23411371237458195
Validation class_accuracies: [0.0, 0.9857142857142858, 0.0, 0.02564102564102564]
Validation precision: None
Validation recall: None
Validation f1: None
Validation roc_auc: None
Validation avg_accuracy: 0.25283882783882783
Validation one_indexed_epoch: 8
128/128 - 153s - loss: 0.5170 - accuracy: 0.8172 - 153s/epoch - 1s/step
Epoch 9/60
Validation cm: [[  2 170   0   0]
 [  1  69   0   0]
 [  1  16   0   1]
 [  0  39   0   0]]
Validation normalized_cm: [[0.012 0.988 0.    0.   ]
 [0.014 0.986 0.    0.   ]
 [0.056 0.889 0.    0.056]
 [0.    1.    0.    0.   ]]
Validation acc: 0.23745819397993312
Validation class_accuracies: [0.011627906976744186, 0.9857142857142858, 0.0, 0.0]
Validation precision: None
Validation recall: None
Validation f1: None
Validation roc_auc: None
Validation avg_accuracy: 0.2493355481727575
Validation one_indexed_epoch: 9
128/128 - 156s - loss: 0.5033 - accuracy: 0.8074 - 156s/epoch - 1s/step
Epoch 10/60
Validation cm: [[  0 172   0   0]
 [  0  70   0   0]
 [  0  18   0   0]
 [  0  39   0   0]]
Validation normalized_cm: [[0. 1. 0. 0.]
 [0. 1. 0. 0.]
 [0. 1. 0. 0.]
 [0. 1. 0. 0.]]
Validation acc: 0.23411371237458195
Validation class_accuracies: [0.0, 1.0, 0.0, 0.0]
Validation precision: None
Validation recall: None
Validation f1: None
Validation roc_auc: None
Validation avg_accuracy: 0.25
Validation one_indexed_epoch: 10
128/128 - 150s - loss: 0.5017 - accuracy: 0.8064 - 150s/epoch - 1s/step
Epoch 11/60
Validation cm: [[  5   0  15 152]
 [  0   0   0  70]
 [  0   0   0  18]
 [  0   0   2  37]]
Validation normalized_cm: [[0.029 0.    0.087 0.884]
 [0.    0.    0.    1.   ]
 [0.    0.    0.    1.   ]
 [0.    0.    0.051 0.949]]
Validation acc: 0.14046822742474915
Validation class_accuracies: [0.029069767441860465, 0.0, 0.0, 0.9487179487179487]
Validation precision: None
Validation recall: None
Validation f1: None
Validation roc_auc: None
Validation avg_accuracy: 0.2444469290399523
Validation one_indexed_epoch: 11
128/128 - 150s - loss: 0.4774 - accuracy: 0.8235 - 150s/epoch - 1s/step
Epoch 12/60
Validation cm: [[ 11   0 161   0]
 [  2   0  68   0]
 [  0   0  18   0]
 [  0   0  39   0]]
Validation normalized_cm: [[0.064 0.    0.936 0.   ]
 [0.029 0.    0.971 0.   ]
 [0.    0.    1.    0.   ]
 [0.    0.    1.    0.   ]]
Validation acc: 0.09698996655518395
Validation class_accuracies: [0.06395348837209303, 0.0, 1.0, 0.0]
Validation precision: None
Validation recall: None
Validation f1: None
Validation roc_auc: None
Validation avg_accuracy: 0.2659883720930233
Validation one_indexed_epoch: 12
-- New best results were achieved. --
128/128 - 151s - loss: 0.4811 - accuracy: 0.8152 - 151s/epoch - 1s/step
Epoch 13/60
Validation cm: [[ 8  0 97 67]
 [ 0  0 39 31]
 [ 0  0  6 12]
 [ 0  0 21 18]]
Validation normalized_cm: [[0.047 0.    0.564 0.39 ]
 [0.    0.    0.557 0.443]
 [0.    0.    0.333 0.667]
 [0.    0.    0.538 0.462]]
Validation acc: 0.10702341137123746
Validation class_accuracies: [0.046511627906976744, 0.0, 0.3333333333333333, 0.46153846153846156]
Validation precision: None
Validation recall: None
Validation f1: None
Validation roc_auc: None
Validation avg_accuracy: 0.2103458556946929
Validation one_indexed_epoch: 13
128/128 - 151s - loss: 0.4620 - accuracy: 0.8074 - 151s/epoch - 1s/step
Epoch 14/60
Validation cm: [[ 20   0 152   0]
 [  9   0  61   0]
 [  0   0  17   1]
 [  1   0  37   1]]
Validation normalized_cm: [[0.116 0.    0.884 0.   ]
 [0.129 0.    0.871 0.   ]
 [0.    0.    0.944 0.056]
 [0.026 0.    0.949 0.026]]
Validation acc: 0.12709030100334448
Validation class_accuracies: [0.11627906976744186, 0.0, 0.9444444444444444, 0.02564102564102564]
Validation precision: None
Validation recall: None
Validation f1: None
Validation roc_auc: None
Validation avg_accuracy: 0.27159113496322795
Validation one_indexed_epoch: 14
-- New best results were achieved. --
128/128 - 150s - loss: 0.4537 - accuracy: 0.8015 - 150s/epoch - 1s/step
Epoch 15/60
Validation cm: [[ 8  0 77 87]
 [ 1  0 26 43]
 [ 0  0  3 15]
 [ 0  0 21 18]]
Validation normalized_cm: [[0.047 0.    0.448 0.506]
 [0.014 0.    0.371 0.614]
 [0.    0.    0.167 0.833]
 [0.    0.    0.538 0.462]]
Validation acc: 0.09698996655518395
Validation class_accuracies: [0.046511627906976744, 0.0, 0.16666666666666666, 0.46153846153846156]
Validation precision: None
Validation recall: None
Validation f1: None
Validation roc_auc: None
Validation avg_accuracy: 0.16867918902802626
Validation one_indexed_epoch: 15
128/128 - 150s - loss: 0.4390 - accuracy: 0.8015 - 150s/epoch - 1s/step
Epoch 16/60
Validation cm: [[  5   0  52 115]
 [  0   0  17  53]
 [  0   0   2  16]
 [  0   0   6  33]]
Validation normalized_cm: [[0.029 0.    0.302 0.669]
 [0.    0.    0.243 0.757]
 [0.    0.    0.111 0.889]
 [0.    0.    0.154 0.846]]
Validation acc: 0.13377926421404682
Validation class_accuracies: [0.029069767441860465, 0.0, 0.1111111111111111, 0.8461538461538461]
Validation precision: None
Validation recall: None
Validation f1: None
Validation roc_auc: None
Validation avg_accuracy: 0.24658368117670443
Validation one_indexed_epoch: 16
128/128 - 151s - loss: 0.4348 - accuracy: 0.7907 - 151s/epoch - 1s/step
Epoch 17/60
Validation cm: [[28  2 83 59]
 [12  3 35 20]
 [ 1  0  4 13]
 [ 4  0 16 19]]
Validation normalized_cm: [[0.163 0.012 0.483 0.343]
 [0.171 0.043 0.5   0.286]
 [0.056 0.    0.222 0.722]
 [0.103 0.    0.41  0.487]]
Validation acc: 0.1806020066889632
Validation class_accuracies: [0.16279069767441862, 0.04285714285714286, 0.2222222222222222, 0.48717948717948717]
Validation precision: None
Validation recall: None
Validation f1: None
Validation roc_auc: None
Validation avg_accuracy: 0.22876238748331773
Validation one_indexed_epoch: 17
128/128 - 151s - loss: 0.4081 - accuracy: 0.8098 - 151s/epoch - 1s/step
Epoch 18/60
Validation cm: [[  2   0   1 169]
 [  0   0   0  70]
 [  0   0   0  18]
 [  0   0   0  39]]
Validation normalized_cm: [[0.012 0.    0.006 0.983]
 [0.    0.    0.    1.   ]
 [0.    0.    0.    1.   ]
 [0.    0.    0.    1.   ]]
Validation acc: 0.13712374581939799
Validation class_accuracies: [0.011627906976744186, 0.0, 0.0, 1.0]
Validation precision: None
Validation recall: None
Validation f1: None
Validation roc_auc: None
Validation avg_accuracy: 0.25290697674418605
Validation one_indexed_epoch: 18
128/128 - 152s - loss: 0.3934 - accuracy: 0.8015 - 152s/epoch - 1s/step
Epoch 19/60
Validation cm: [[83 88  0  1]
 [40 29  0  1]
 [ 9  8  0  1]
 [15 24  0  0]]
Validation normalized_cm: [[0.483 0.512 0.    0.006]
 [0.571 0.414 0.    0.014]
 [0.5   0.444 0.    0.056]
 [0.385 0.615 0.    0.   ]]
Validation acc: 0.3745819397993311
Validation class_accuracies: [0.48255813953488375, 0.4142857142857143, 0.0, 0.0]
Validation precision: None
Validation recall: None
Validation f1: None
Validation roc_auc: None
Validation avg_accuracy: 0.22421096345514951
Validation one_indexed_epoch: 19
128/128 - 150s - loss: 0.3831 - accuracy: 0.8127 - 150s/epoch - 1s/step
Epoch 20/60
Validation cm: [[170   0   2   0]
 [ 67   0   2   1]
 [ 13   0   3   2]
 [ 37   0   2   0]]
Validation normalized_cm: [[0.988 0.    0.012 0.   ]
 [0.957 0.    0.029 0.014]
 [0.722 0.    0.167 0.111]
 [0.949 0.    0.051 0.   ]]
Validation acc: 0.5785953177257525
Validation class_accuracies: [0.9883720930232558, 0.0, 0.16666666666666666, 0.0]
Validation precision: None
Validation recall: None
Validation f1: None
Validation roc_auc: None
Validation avg_accuracy: 0.28875968992248063
Validation one_indexed_epoch: 20
-- New best results were achieved. --
128/128 - 150s - loss: 0.3649 - accuracy: 0.7956 - 150s/epoch - 1s/step
Epoch 21/60
Validation cm: [[156   5   7   4]
 [ 59   7   1   3]
 [  9   0   3   6]
 [ 30   4   5   0]]
Validation normalized_cm: [[0.907 0.029 0.041 0.023]
 [0.843 0.1   0.014 0.043]
 [0.5   0.    0.167 0.333]
 [0.769 0.103 0.128 0.   ]]
Validation acc: 0.5551839464882943
Validation class_accuracies: [0.9069767441860465, 0.1, 0.16666666666666666, 0.0]
Validation precision: None
Validation recall: None
Validation f1: None
Validation roc_auc: None
Validation avg_accuracy: 0.2934108527131783
Validation one_indexed_epoch: 21
-- New best results were achieved. --
128/128 - 149s - loss: 0.3331 - accuracy: 0.7892 - 149s/epoch - 1s/step
Epoch 22/60
Validation cm: [[ 28 144   0   0]
 [  6  64   0   0]
 [  0  18   0   0]
 [  0  39   0   0]]
Validation normalized_cm: [[0.163 0.837 0.    0.   ]
 [0.086 0.914 0.    0.   ]
 [0.    1.    0.    0.   ]
 [0.    1.    0.    0.   ]]
Validation acc: 0.3076923076923077
Validation class_accuracies: [0.16279069767441862, 0.9142857142857143, 0.0, 0.0]
Validation precision: None
Validation recall: None
Validation f1: None
Validation roc_auc: None
Validation avg_accuracy: 0.2692691029900332
Validation one_indexed_epoch: 22
128/128 - 150s - loss: 0.3102 - accuracy: 0.7902 - 150s/epoch - 1s/step
Epoch 23/60
Validation cm: [[  1   0  28 143]
 [  0   0   9  61]
 [  0   0   1  17]
 [  0   0   8  31]]
Validation normalized_cm: [[0.006 0.    0.163 0.831]
 [0.    0.    0.129 0.871]
 [0.    0.    0.056 0.944]
 [0.    0.    0.205 0.795]]
Validation acc: 0.11036789297658862
Validation class_accuracies: [0.005813953488372093, 0.0, 0.05555555555555555, 0.7948717948717948]
Validation precision: None
Validation recall: None
Validation f1: None
Validation roc_auc: None
Validation avg_accuracy: 0.21406032597893063
Validation one_indexed_epoch: 23
128/128 - 150s - loss: 0.2745 - accuracy: 0.8059 - 150s/epoch - 1s/step
Epoch 24/60
Validation cm: [[159   5   7   1]
 [ 66   2   0   2]
 [ 12   0   3   3]
 [ 28   5   5   1]]
Validation normalized_cm: [[0.924 0.029 0.041 0.006]
 [0.943 0.029 0.    0.029]
 [0.667 0.    0.167 0.167]
 [0.718 0.128 0.128 0.026]]
Validation acc: 0.5518394648829431
Validation class_accuracies: [0.9244186046511628, 0.02857142857142857, 0.16666666666666666, 0.02564102564102564]
Validation precision: None
Validation recall: None
Validation f1: None
Validation roc_auc: None
Validation avg_accuracy: 0.2863244313825709
Validation one_indexed_epoch: 24
128/128 - 149s - loss: 0.2640 - accuracy: 0.7990 - 149s/epoch - 1s/step
Epoch 25/60
Validation cm: [[ 18  27  21 106]
 [  4   7   6  53]
 [  0   1   0  17]
 [  2   5   0  32]]
Validation normalized_cm: [[0.105 0.157 0.122 0.616]
 [0.057 0.1   0.086 0.757]
 [0.    0.056 0.    0.944]
 [0.051 0.128 0.    0.821]]
Validation acc: 0.19063545150501673
Validation class_accuracies: [0.10465116279069768, 0.1, 0.0, 0.8205128205128205]
Validation precision: None
Validation recall: None
Validation f1: None
Validation roc_auc: None
Validation avg_accuracy: 0.25629099582587955
Validation one_indexed_epoch: 25
128/128 - 150s - loss: 0.2407 - accuracy: 0.7730 - 150s/epoch - 1s/step
Epoch 26/60
Validation cm: [[ 33   0 116  23]
 [  8   1  43  18]
 [  1   0  11   6]
 [  5   2  27   5]]
Validation normalized_cm: [[0.192 0.    0.674 0.134]
 [0.114 0.014 0.614 0.257]
 [0.056 0.    0.611 0.333]
 [0.128 0.051 0.692 0.128]]
Validation acc: 0.16722408026755853
Validation class_accuracies: [0.19186046511627908, 0.014285714285714285, 0.6111111111111112, 0.1282051282051282]
Validation precision: None
Validation recall: None
Validation f1: None
Validation roc_auc: None
Validation avg_accuracy: 0.2363656046795582
Validation one_indexed_epoch: 26
128/128 - 150s - loss: 0.2077 - accuracy: 0.7887 - 150s/epoch - 1s/step
Epoch 27/60
Validation cm: [[160   3   9   0]
 [ 67   1   2   0]
 [ 12   2   4   0]
 [ 28   2   8   1]]
Validation normalized_cm: [[0.93  0.017 0.052 0.   ]
 [0.957 0.014 0.029 0.   ]
 [0.667 0.111 0.222 0.   ]
 [0.718 0.051 0.205 0.026]]
Validation acc: 0.5551839464882943
Validation class_accuracies: [0.9302325581395349, 0.014285714285714285, 0.2222222222222222, 0.02564102564102564]
Validation precision: None
Validation recall: None
Validation f1: None
Validation roc_auc: None
Validation avg_accuracy: 0.2980953800721242
Validation one_indexed_epoch: 27
-- New best results were achieved. --
128/128 - 150s - loss: 0.1803 - accuracy: 0.7809 - 150s/epoch - 1s/step
Epoch 28/60
Validation cm: [[155  17   0   0]
 [ 56  14   0   0]
 [ 13   4   0   1]
 [ 35   4   0   0]]
Validation normalized_cm: [[0.901 0.099 0.    0.   ]
 [0.8   0.2   0.    0.   ]
 [0.722 0.222 0.    0.056]
 [0.897 0.103 0.    0.   ]]
Validation acc: 0.5652173913043478
Validation class_accuracies: [0.9011627906976745, 0.2, 0.0, 0.0]
Validation precision: None
Validation recall: None
Validation f1: None
Validation roc_auc: None
Validation avg_accuracy: 0.2752906976744186
Validation one_indexed_epoch: 28
128/128 - 151s - loss: 0.1822 - accuracy: 0.7902 - 151s/epoch - 1s/step
Epoch 29/60
Validation cm: [[  0   0 172   0]
 [  0   0  69   1]
 [  0   0  18   0]
 [  0   0  39   0]]
Validation normalized_cm: [[0.    0.    1.    0.   ]
 [0.    0.    0.986 0.014]
 [0.    0.    1.    0.   ]
 [0.    0.    1.    0.   ]]
Validation acc: 0.06020066889632107
Validation class_accuracies: [0.0, 0.0, 1.0, 0.0]
Validation precision: None
Validation recall: None
Validation f1: None
Validation roc_auc: None
Validation avg_accuracy: 0.25
Validation one_indexed_epoch: 29
128/128 - 151s - loss: 0.1554 - accuracy: 0.8309 - 151s/epoch - 1s/step
Epoch 30/60
Validation cm: [[ 10  38   5 119]
 [  1  11   2  56]
 [  0   3   0  15]
 [  0  11   0  28]]
Validation normalized_cm: [[0.058 0.221 0.029 0.692]
 [0.014 0.157 0.029 0.8  ]
 [0.    0.167 0.    0.833]
 [0.    0.282 0.    0.718]]
Validation acc: 0.16387959866220736
Validation class_accuracies: [0.05813953488372093, 0.15714285714285714, 0.0, 0.717948717948718]
Validation precision: None
Validation recall: None
Validation f1: None
Validation roc_auc: None
Validation avg_accuracy: 0.233307777493824
Validation one_indexed_epoch: 30
128/128 - 151s - loss: 0.1510 - accuracy: 0.8191 - 151s/epoch - 1s/step
Epoch 31/60
Validation cm: [[36 13 75 48]
 [12  4 28 26]
 [ 0  3  8  7]
 [ 4  3 18 14]]
Validation normalized_cm: [[0.209 0.076 0.436 0.279]
 [0.171 0.057 0.4   0.371]
 [0.    0.167 0.444 0.389]
 [0.103 0.077 0.462 0.359]]
Validation acc: 0.20735785953177258
Validation class_accuracies: [0.20930232558139536, 0.05714285714285714, 0.4444444444444444, 0.358974358974359]
Validation precision: None
Validation recall: None
Validation f1: None
Validation roc_auc: None
Validation avg_accuracy: 0.267465996535764
Validation one_indexed_epoch: 31
128/128 - 151s - loss: 0.0961 - accuracy: 0.7897 - 151s/epoch - 1s/step
Epoch 32/60
Validation cm: [[13  0 89 70]
 [ 6  0 22 42]
 [ 0  0  7 11]
 [ 3  0 19 17]]
Validation normalized_cm: [[0.076 0.    0.517 0.407]
 [0.086 0.    0.314 0.6  ]
 [0.    0.    0.389 0.611]
 [0.077 0.    0.487 0.436]]
Validation acc: 0.12374581939799331
Validation class_accuracies: [0.0755813953488372, 0.0, 0.3888888888888889, 0.4358974358974359]
Validation precision: None
Validation recall: None
Validation f1: None
Validation roc_auc: None
Validation avg_accuracy: 0.2250919300337905
Validation one_indexed_epoch: 32
128/128 - 156s - loss: 0.1042 - accuracy: 0.7745 - 156s/epoch - 1s/step
Epoch 33/60
Validation cm: [[135   5  29   3]
 [ 51   1  14   4]
 [  7   0   5   6]
 [ 26   3  10   0]]
Validation normalized_cm: [[0.785 0.029 0.169 0.017]
 [0.729 0.014 0.2   0.057]
 [0.389 0.    0.278 0.333]
 [0.667 0.077 0.256 0.   ]]
Validation acc: 0.47157190635451507
Validation class_accuracies: [0.7848837209302325, 0.014285714285714285, 0.2777777777777778, 0.0]
Validation precision: None
Validation recall: None
Validation f1: None
Validation roc_auc: None
Validation avg_accuracy: 0.26923680324843113
Validation one_indexed_epoch: 33
128/128 - 154s - loss: 0.1304 - accuracy: 0.7735 - 154s/epoch - 1s/step
Epoch 34/60
Validation cm: [[ 16  14  23 119]
 [  4   5   9  52]
 [  0   0   1  17]
 [  3   8   0  28]]
Validation normalized_cm: [[0.093 0.081 0.134 0.692]
 [0.057 0.071 0.129 0.743]
 [0.    0.    0.056 0.944]
 [0.077 0.205 0.    0.718]]
Validation acc: 0.16722408026755853
Validation class_accuracies: [0.09302325581395349, 0.07142857142857142, 0.05555555555555555, 0.717948717948718]
Validation precision: None
Validation recall: None
Validation f1: None
Validation roc_auc: None
Validation avg_accuracy: 0.23448902518669962
Validation one_indexed_epoch: 34
128/128 - 173s - loss: 0.0970 - accuracy: 0.8015 - 173s/epoch - 1s/step
Epoch 35/60
Validation cm: [[142  28   2   0]
 [ 55  15   0   0]
 [ 12   3   2   1]
 [ 31   7   1   0]]
Validation normalized_cm: [[0.826 0.163 0.012 0.   ]
 [0.786 0.214 0.    0.   ]
 [0.667 0.167 0.111 0.056]
 [0.795 0.179 0.026 0.   ]]
Validation acc: 0.5317725752508361
Validation class_accuracies: [0.8255813953488372, 0.21428571428571427, 0.1111111111111111, 0.0]
Validation precision: None
Validation recall: None
Validation f1: None
Validation roc_auc: None
Validation avg_accuracy: 0.2877445551864157
Validation one_indexed_epoch: 35
128/128 - 174s - loss: 0.0922 - accuracy: 0.7809 - 174s/epoch - 1s/step
Epoch 36/60
Validation cm: [[15 53  7 97]
 [ 5 20  5 40]
 [ 0  4  0 14]
 [ 2 10  2 25]]
Validation normalized_cm: [[0.087 0.308 0.041 0.564]
 [0.071 0.286 0.071 0.571]
 [0.    0.222 0.    0.778]
 [0.051 0.256 0.051 0.641]]
Validation acc: 0.20066889632107024
Validation class_accuracies: [0.0872093023255814, 0.2857142857142857, 0.0, 0.6410256410256411]
Validation precision: None
Validation recall: None
Validation f1: None
Validation roc_auc: None
Validation avg_accuracy: 0.253487307266377
Validation one_indexed_epoch: 36
128/128 - 174s - loss: 0.0800 - accuracy: 0.7833 - 174s/epoch - 1s/step
Epoch 37/60
Validation cm: [[ 26   0 103  43]
 [  8   1  36  25]
 [  1   0   6  11]
 [  4   0  20  15]]
Validation normalized_cm: [[0.151 0.    0.599 0.25 ]
 [0.114 0.014 0.514 0.357]
 [0.056 0.    0.333 0.611]
 [0.103 0.    0.513 0.385]]
Validation acc: 0.1605351170568562
Validation class_accuracies: [0.1511627906976744, 0.014285714285714285, 0.3333333333333333, 0.38461538461538464]
Validation precision: None
Validation recall: None
Validation f1: None
Validation roc_auc: None
Validation avg_accuracy: 0.22084930573302666
Validation one_indexed_epoch: 37
128/128 - 174s - loss: 0.0677 - accuracy: 0.7848 - 174s/epoch - 1s/step
Epoch 38/60
Validation cm: [[118   9  32  13]
 [ 33   3  17  17]
 [  3   2   6   7]
 [ 16   2  15   6]]
Validation normalized_cm: [[0.686 0.052 0.186 0.076]
 [0.471 0.043 0.243 0.243]
 [0.167 0.111 0.333 0.389]
 [0.41  0.051 0.385 0.154]]
Validation acc: 0.44481605351170567
Validation class_accuracies: [0.686046511627907, 0.04285714285714286, 0.3333333333333333, 0.15384615384615385]
Validation precision: None
Validation recall: None
Validation f1: None
Validation roc_auc: None
Validation avg_accuracy: 0.3040207854161342
Validation one_indexed_epoch: 38
-- New best results were achieved. --
128/128 - 173s - loss: 0.0477 - accuracy: 0.7711 - 173s/epoch - 1s/step
Epoch 39/60
Validation cm: [[83 25 30 34]
 [23 16 11 20]
 [ 3  1  2 12]
 [15  6  4 14]]
Validation normalized_cm: [[0.483 0.145 0.174 0.198]
 [0.329 0.229 0.157 0.286]
 [0.167 0.056 0.111 0.667]
 [0.385 0.154 0.103 0.359]]
Validation acc: 0.38461538461538464
Validation class_accuracies: [0.48255813953488375, 0.22857142857142856, 0.1111111111111111, 0.358974358974359]
Validation precision: None
Validation recall: None
Validation f1: None
Validation roc_auc: None
Validation avg_accuracy: 0.29530375954794563
Validation one_indexed_epoch: 39
128/128 - 174s - loss: 0.0810 - accuracy: 0.7828 - 174s/epoch - 1s/step
Epoch 40/60
Validation cm: [[73 79  8 12]
 [31 29  3  7]
 [ 6  5  2  5]
 [13 17  4  5]]
Validation normalized_cm: [[0.424 0.459 0.047 0.07 ]
 [0.443 0.414 0.043 0.1  ]
 [0.333 0.278 0.111 0.278]
 [0.333 0.436 0.103 0.128]]
Validation acc: 0.36454849498327757
Validation class_accuracies: [0.42441860465116277, 0.4142857142857143, 0.1111111111111111, 0.1282051282051282]
Validation precision: None
Validation recall: None
Validation f1: None
Validation roc_auc: None
Validation avg_accuracy: 0.2695051395632791
Validation one_indexed_epoch: 40
128/128 - 173s - loss: 0.0865 - accuracy: 0.7676 - 173s/epoch - 1s/step
Epoch 41/60
Validation cm: [[80 69  9 14]
 [27 35  0  8]
 [ 5  5  2  6]
 [12 22  3  2]]
Validation normalized_cm: [[0.465 0.401 0.052 0.081]
 [0.386 0.5   0.    0.114]
 [0.278 0.278 0.111 0.333]
 [0.308 0.564 0.077 0.051]]
Validation acc: 0.3979933110367893
Validation class_accuracies: [0.46511627906976744, 0.5, 0.1111111111111111, 0.05128205128205128]
Validation precision: None
Validation recall: None
Validation f1: None
Validation roc_auc: None
Validation avg_accuracy: 0.28187736036573247
Validation one_indexed_epoch: 41
128/128 - 174s - loss: 0.0439 - accuracy: 0.7765 - 174s/epoch - 1s/step
Epoch 42/60
Validation cm: [[44 91 12 25]
 [10 37  3 20]
 [ 1  6  1 10]
 [ 4 17  1 17]]
Validation normalized_cm: [[0.256 0.529 0.07  0.145]
 [0.143 0.529 0.043 0.286]
 [0.056 0.333 0.056 0.556]
 [0.103 0.436 0.026 0.436]]
Validation acc: 0.3311036789297659
Validation class_accuracies: [0.2558139534883721, 0.5285714285714286, 0.05555555555555555, 0.4358974358974359]
Validation precision: None
Validation recall: None
Validation f1: None
Validation roc_auc: None
Validation avg_accuracy: 0.318959593378198
Validation one_indexed_epoch: 42
-- New best results were achieved. --
128/128 - 175s - loss: 0.0355 - accuracy: 0.7809 - 175s/epoch - 1s/step
Epoch 43/60
Validation cm: [[ 60   0 112   0]
 [ 15   0  55   0]
 [  2   0  16   0]
 [  5   0  34   0]]
Validation normalized_cm: [[0.349 0.    0.651 0.   ]
 [0.214 0.    0.786 0.   ]
 [0.111 0.    0.889 0.   ]
 [0.128 0.    0.872 0.   ]]
Validation acc: 0.25418060200668896
Validation class_accuracies: [0.3488372093023256, 0.0, 0.8888888888888888, 0.0]
Validation precision: None
Validation recall: None
Validation f1: None
Validation roc_auc: None
Validation avg_accuracy: 0.3094315245478036
Validation one_indexed_epoch: 43
128/128 - 176s - loss: 0.0381 - accuracy: 0.7789 - 176s/epoch - 1s/step
Epoch 44/60
Validation cm: [[ 52   0 106  14]
 [ 18   1  40  11]
 [  2   0   9   7]
 [ 13   0  20   6]]
Validation normalized_cm: [[0.302 0.    0.616 0.081]
 [0.257 0.014 0.571 0.157]
 [0.111 0.    0.5   0.389]
 [0.333 0.    0.513 0.154]]
Validation acc: 0.22742474916387959
Validation class_accuracies: [0.3023255813953488, 0.014285714285714285, 0.5, 0.15384615384615385]
Validation precision: None
Validation recall: None
Validation f1: None
Validation roc_auc: None
Validation avg_accuracy: 0.24261436238180425
Validation one_indexed_epoch: 44
128/128 - 176s - loss: 0.0705 - accuracy: 0.7809 - 176s/epoch - 1s/step
Epoch 45/60
Validation cm: [[33 16 46 77]
 [ 9  6 20 35]
 [ 2  0  4 12]
 [ 0  4 12 23]]
Validation normalized_cm: [[0.192 0.093 0.267 0.448]
 [0.129 0.086 0.286 0.5  ]
 [0.111 0.    0.222 0.667]
 [0.    0.103 0.308 0.59 ]]
Validation acc: 0.22073578595317725
Validation class_accuracies: [0.19186046511627908, 0.08571428571428572, 0.2222222222222222, 0.5897435897435898]
Validation precision: None
Validation recall: None
Validation f1: None
Validation roc_auc: None
Validation avg_accuracy: 0.2723851406990942
Validation one_indexed_epoch: 45
128/128 - 176s - loss: 0.0332 - accuracy: 0.7706 - 176s/epoch - 1s/step
Epoch 46/60
Validation cm: [[68 40 42 22]
 [21 20 19 10]
 [ 4  2 10  2]
 [ 6  3 20 10]]
Validation normalized_cm: [[0.395 0.233 0.244 0.128]
 [0.3   0.286 0.271 0.143]
 [0.222 0.111 0.556 0.111]
 [0.154 0.077 0.513 0.256]]
Validation acc: 0.3612040133779264
Validation class_accuracies: [0.3953488372093023, 0.2857142857142857, 0.5555555555555556, 0.2564102564102564]
Validation precision: None
Validation recall: None
Validation f1: None
Validation roc_auc: None
Validation avg_accuracy: 0.37325723372235
Validation one_indexed_epoch: 46
-- New best results were achieved. --
128/128 - 176s - loss: 0.0529 - accuracy: 0.7701 - 176s/epoch - 1s/step
Epoch 47/60
Validation cm: [[122  34   9   7]
 [ 46  18   3   3]
 [  6   3   7   2]
 [ 21   9   7   2]]
Validation normalized_cm: [[0.709 0.198 0.052 0.041]
 [0.657 0.257 0.043 0.043]
 [0.333 0.167 0.389 0.111]
 [0.538 0.231 0.179 0.051]]
Validation acc: 0.4983277591973244
Validation class_accuracies: [0.7093023255813954, 0.2571428571428571, 0.3888888888888889, 0.05128205128205128]
Validation precision: None
Validation recall: None
Validation f1: None
Validation roc_auc: None
Validation avg_accuracy: 0.3516540307237982
Validation one_indexed_epoch: 47
128/128 - 176s - loss: 0.0605 - accuracy: 0.7740 - 176s/epoch - 1s/step
Epoch 48/60
Validation cm: [[103   4  51  14]
 [ 39   2  21   8]
 [  7   0   7   4]
 [ 14   0  24   1]]
Validation normalized_cm: [[0.599 0.023 0.297 0.081]
 [0.557 0.029 0.3   0.114]
 [0.389 0.    0.389 0.222]
 [0.359 0.    0.615 0.026]]
Validation acc: 0.3779264214046823
Validation class_accuracies: [0.5988372093023255, 0.02857142857142857, 0.3888888888888889, 0.02564102564102564]
Validation precision: None
Validation recall: None
Validation f1: None
Validation roc_auc: None
Validation avg_accuracy: 0.26048463810091715
Validation one_indexed_epoch: 48
128/128 - 176s - loss: 0.0416 - accuracy: 0.7706 - 176s/epoch - 1s/step
Epoch 49/60
Validation cm: [[126   8  26  12]
 [ 48   4  12   6]
 [  8   0   6   4]
 [ 23   2  13   1]]
Validation normalized_cm: [[0.733 0.047 0.151 0.07 ]
 [0.686 0.057 0.171 0.086]
 [0.444 0.    0.333 0.222]
 [0.59  0.051 0.333 0.026]]
Validation acc: 0.45819397993311034
Validation class_accuracies: [0.7325581395348837, 0.05714285714285714, 0.3333333333333333, 0.02564102564102564]
Validation precision: None
Validation recall: None
Validation f1: None
Validation roc_auc: None
Validation avg_accuracy: 0.2871688389130249
Validation one_indexed_epoch: 49
128/128 - 177s - loss: 0.0301 - accuracy: 0.7882 - 177s/epoch - 1s/step
Epoch 50/60
Validation cm: [[50 51 26 45]
 [16 14 16 24]
 [ 5  1  7  5]
 [ 9  8 10 12]]
Validation normalized_cm: [[0.291 0.297 0.151 0.262]
 [0.229 0.2   0.229 0.343]
 [0.278 0.056 0.389 0.278]
 [0.231 0.205 0.256 0.308]]
Validation acc: 0.27759197324414714
Validation class_accuracies: [0.29069767441860467, 0.2, 0.3888888888888889, 0.3076923076923077]
Validation precision: None
Validation recall: None
Validation f1: None
Validation roc_auc: None
Validation avg_accuracy: 0.2968197177499503
Validation one_indexed_epoch: 50
128/128 - 177s - loss: 0.0391 - accuracy: 0.7706 - 177s/epoch - 1s/step
Epoch 51/60
Validation cm: [[41  7 54 70]
 [ 9  3 10 48]
 [ 2  1  3 12]
 [10  3  7 19]]
Validation normalized_cm: [[0.238 0.041 0.314 0.407]
 [0.129 0.043 0.143 0.686]
 [0.111 0.056 0.167 0.667]
 [0.256 0.077 0.179 0.487]]
Validation acc: 0.22073578595317725
Validation class_accuracies: [0.23837209302325582, 0.04285714285714286, 0.16666666666666666, 0.48717948717948717]
Validation precision: None
Validation recall: None
Validation f1: None
Validation roc_auc: None
Validation avg_accuracy: 0.23376884743163812
Validation one_indexed_epoch: 51
128/128 - 178s - loss: 0.0714 - accuracy: 0.7917 - 178s/epoch - 1s/step
Epoch 52/60
Validation cm: [[134   8  27   3]
 [ 54   6   7   3]
 [  6   1   7   4]
 [ 26   2  10   1]]
Validation normalized_cm: [[0.779 0.047 0.157 0.017]
 [0.771 0.086 0.1   0.043]
 [0.333 0.056 0.389 0.222]
 [0.667 0.051 0.256 0.026]]
Validation acc: 0.49498327759197325
Validation class_accuracies: [0.7790697674418605, 0.08571428571428572, 0.3888888888888889, 0.02564102564102564]
Validation precision: None
Validation recall: None
Validation f1: None
Validation roc_auc: None
Validation avg_accuracy: 0.3198284919215152
Validation one_indexed_epoch: 52
128/128 - 178s - loss: 0.0345 - accuracy: 0.7868 - 178s/epoch - 1s/step
Epoch 53/60
Validation cm: [[137  33   2   0]
 [ 40  28   2   0]
 [ 10   6   2   0]
 [ 27  11   1   0]]
Validation normalized_cm: [[0.797 0.192 0.012 0.   ]
 [0.571 0.4   0.029 0.   ]
 [0.556 0.333 0.111 0.   ]
 [0.692 0.282 0.026 0.   ]]
Validation acc: 0.5585284280936454
Validation class_accuracies: [0.7965116279069767, 0.4, 0.1111111111111111, 0.0]
Validation precision: None
Validation recall: None
Validation f1: None
Validation roc_auc: None
Validation avg_accuracy: 0.326905684754522
Validation one_indexed_epoch: 53
128/128 - 176s - loss: 0.0172 - accuracy: 0.7990 - 176s/epoch - 1s/step
Epoch 54/60
Validation cm: [[42 75 22 33]
 [16 32  5 17]
 [ 3  3  7  5]
 [ 5 12  3 19]]
Validation normalized_cm: [[0.244 0.436 0.128 0.192]
 [0.229 0.457 0.071 0.243]
 [0.167 0.167 0.389 0.278]
 [0.128 0.308 0.077 0.487]]
Validation acc: 0.33444816053511706
Validation class_accuracies: [0.2441860465116279, 0.45714285714285713, 0.3888888888888889, 0.48717948717948717]
Validation precision: None
Validation recall: None
Validation f1: None
Validation roc_auc: None
Validation avg_accuracy: 0.39434931993071526
Validation one_indexed_epoch: 54
-- New best results were achieved. --
128/128 - 176s - loss: 0.0631 - accuracy: 0.7838 - 176s/epoch - 1s/step
Epoch 55/60
Validation cm: [[55 28 45 44]
 [16 13 17 24]
 [ 2  1  5 10]
 [ 6  3  9 21]]
Validation normalized_cm: [[0.32  0.163 0.262 0.256]
 [0.229 0.186 0.243 0.343]
 [0.111 0.056 0.278 0.556]
 [0.154 0.077 0.231 0.538]]
Validation acc: 0.31438127090301005
Validation class_accuracies: [0.31976744186046513, 0.18571428571428572, 0.2777777777777778, 0.5384615384615384]
Validation precision: None
Validation recall: None
Validation f1: None
Validation roc_auc: None
Validation avg_accuracy: 0.3304302609535168
Validation one_indexed_epoch: 55
128/128 - 176s - loss: 0.0256 - accuracy: 0.7985 - 176s/epoch - 1s/step
Epoch 56/60
Validation cm: [[80 57 10 25]
 [23 30  3 14]
 [ 5  3  3  7]
 [ 9  9  7 14]]
Validation normalized_cm: [[0.465 0.331 0.058 0.145]
 [0.329 0.429 0.043 0.2  ]
 [0.278 0.167 0.167 0.389]
 [0.231 0.231 0.179 0.359]]
Validation acc: 0.42474916387959866
Validation class_accuracies: [0.46511627906976744, 0.42857142857142855, 0.16666666666666666, 0.358974358974359]
Validation precision: None
Validation recall: None
Validation f1: None
Validation roc_auc: None
Validation avg_accuracy: 0.35483218332055544
Validation one_indexed_epoch: 56
128/128 - 176s - loss: 0.0131 - accuracy: 0.7828 - 176s/epoch - 1s/step
Epoch 57/60
Validation cm: [[143  10  15   4]
 [ 54  10   3   3]
 [ 10   3   4   1]
 [ 31   4   4   0]]
Validation normalized_cm: [[0.831 0.058 0.087 0.023]
 [0.771 0.143 0.043 0.043]
 [0.556 0.167 0.222 0.056]
 [0.795 0.103 0.103 0.   ]]
Validation acc: 0.5250836120401338
Validation class_accuracies: [0.8313953488372093, 0.14285714285714285, 0.2222222222222222, 0.0]
Validation precision: None
Validation recall: None
Validation f1: None
Validation roc_auc: None
Validation avg_accuracy: 0.29911867847914364
Validation one_indexed_epoch: 57
128/128 - 175s - loss: 0.0142 - accuracy: 0.8093 - 175s/epoch - 1s/step
Epoch 58/60
Validation cm: [[51 67 26 28]
 [14 31  3 22]
 [ 2  5  4  7]
 [ 9  6  9 15]]
Validation normalized_cm: [[0.297 0.39  0.151 0.163]
 [0.2   0.443 0.043 0.314]
 [0.111 0.278 0.222 0.389]
 [0.231 0.154 0.231 0.385]]
Validation acc: 0.3377926421404682
Validation class_accuracies: [0.29651162790697677, 0.44285714285714284, 0.2222222222222222, 0.38461538461538464]
Validation precision: None
Validation recall: None
Validation f1: None
Validation roc_auc: None
Validation avg_accuracy: 0.33655159440043164
Validation one_indexed_epoch: 58
128/128 - 175s - loss: 0.0062 - accuracy: 0.7618 - 175s/epoch - 1s/step
Epoch 59/60
Validation cm: [[59 65 21 27]
 [19 29  4 18]
 [ 2  5  4  7]
 [ 6  9  8 16]]
Validation normalized_cm: [[0.343 0.378 0.122 0.157]
 [0.271 0.414 0.057 0.257]
 [0.111 0.278 0.222 0.389]
 [0.154 0.231 0.205 0.41 ]]
Validation acc: 0.3612040133779264
Validation class_accuracies: [0.3430232558139535, 0.4142857142857143, 0.2222222222222222, 0.41025641025641024]
Validation precision: None
