Tensorflow Version: 2.8.0
Num GPUs Available:  1
Collecting Variables...
All variables have been collected.
../cache/
cw
train86
Description: effnet
-----------------------
Job id is 1.
- Loading Icbhi.
725 Icbhi audios have been loaded.
- Preparing Icbhi.
112 Icbhi groups of audio chunks (by filename or patients) have been prepared.
--- Samples are being split into training/val groups and de-grouped by patient ---
--- Icbhi training dataset went from 0 to 2040 elements, with 707 none's, 720 crakles, 285 wheezes and 327 both ---
--- Icbhi Validation dataset contains 299 elements, with 172 none, 70 crackles, 18 wheezes and 39 both ---
0
0
0
0
-----------------------
--- Final training dataset went from 0 to 2040 elements, with 707 none's, 720 crakles, 285 wheezes and 327 both ---
--- Final Validation dataset contains 299 elements, with 172 none, 70 crackles, 18 wheezes and 39 both ---
Model: "leaf_resnet_bis"
______________________________________________________________________________________________________________
 Layer (type)                                    Output Shape                                Param #          
==============================================================================================================
 leaf (Leaf)                                     multiple                                    560              
                                                                                                              
 mel_filterbanks (MelFilterbanks)                multiple                                    0 (unused)       
                                                                                                              
 sincnet (SincNet)                               multiple                                    0 (unused)       
                                                                                                              
 leaf (Leaf)                                     multiple                                    0 (unused)       
                                                                                                              
 sequential (Sequential)                         (None, 2)                                   4052133          
                                                                                                              
==============================================================================================================
Total params: 4,053,013
Trainable params: 4,010,990
Non-trainable params: 42,023
______________________________________________________________________________________________________________
Target metric is avg_accuracy
Epoch 1/60
WARNING:tensorflow:Gradients do not exist for variables ['kernel:0', 'kernel:0'] when minimizing the loss. If you're using `model.compile()`, did you forget to provide a `loss`argument?
WARNING:tensorflow:Gradients do not exist for variables ['kernel:0', 'kernel:0'] when minimizing the loss. If you're using `model.compile()`, did you forget to provide a `loss`argument?
WARNING:tensorflow:Gradients do not exist for variables ['kernel:0', 'kernel:0', 'kernel:0', 'kernel:0'] when minimizing the loss. If you're using `model.compile()`, did you forget to provide a `loss`argument?
WARNING:tensorflow:Gradients do not exist for variables ['kernel:0', 'kernel:0', 'kernel:0', 'kernel:0'] when minimizing the loss. If you're using `model.compile()`, did you forget to provide a `loss`argument?
WARNING:tensorflow:Gradients do not exist for variables ['kernel:0', 'kernel:0'] when minimizing the loss. If you're using `model.compile()`, did you forget to provide a `loss`argument?
WARNING:tensorflow:Gradients do not exist for variables ['kernel:0', 'kernel:0'] when minimizing the loss. If you're using `model.compile()`, did you forget to provide a `loss`argument?
WARNING:tensorflow:Gradients do not exist for variables ['kernel:0', 'kernel:0', 'kernel:0', 'kernel:0'] when minimizing the loss. If you're using `model.compile()`, did you forget to provide a `loss`argument?
WARNING:tensorflow:Gradients do not exist for variables ['kernel:0', 'kernel:0', 'kernel:0', 'kernel:0'] when minimizing the loss. If you're using `model.compile()`, did you forget to provide a `loss`argument?
Validation cm: [[  0 172   0   0]
 [  0  70   0   0]
 [  0  18   0   0]
 [  0  39   0   0]]
Validation normalized_cm: [[0. 1. 0. 0.]
 [0. 1. 0. 0.]
 [0. 1. 0. 0.]
 [0. 1. 0. 0.]]
Validation acc: 0.23411371237458195
Validation class_accuracies: [0.0, 1.0, 0.0, 0.0]
Validation precision: None
Validation recall: None
Validation f1: None
Validation roc_auc: None
Validation avg_accuracy: 0.25
Validation one_indexed_epoch: 1
-- New best results were achieved. --
128/128 - 196s - loss: 0.6962 - accuracy: 0.7941 - 196s/epoch - 2s/step
Epoch 2/60
Validation cm: [[  0 172   0   0]
 [  0  70   0   0]
 [  0  18   0   0]
 [  0  39   0   0]]
Validation normalized_cm: [[0. 1. 0. 0.]
 [0. 1. 0. 0.]
 [0. 1. 0. 0.]
 [0. 1. 0. 0.]]
Validation acc: 0.23411371237458195
Validation class_accuracies: [0.0, 1.0, 0.0, 0.0]
Validation precision: None
Validation recall: None
Validation f1: None
Validation roc_auc: None
Validation avg_accuracy: 0.25
Validation one_indexed_epoch: 2
128/128 - 177s - loss: 0.6529 - accuracy: 0.8343 - 177s/epoch - 1s/step
Epoch 3/60
Validation cm: [[172   0   0   0]
 [ 70   0   0   0]
 [ 18   0   0   0]
 [ 39   0   0   0]]
Validation normalized_cm: [[1. 0. 0. 0.]
 [1. 0. 0. 0.]
 [1. 0. 0. 0.]
 [1. 0. 0. 0.]]
Validation acc: 0.5752508361204013
Validation class_accuracies: [1.0, 0.0, 0.0, 0.0]
Validation precision: None
Validation recall: None
Validation f1: None
Validation roc_auc: None
Validation avg_accuracy: 0.25
Validation one_indexed_epoch: 3
128/128 - 178s - loss: 0.6343 - accuracy: 0.8113 - 178s/epoch - 1s/step
Epoch 4/60
Validation cm: [[172   0   0   0]
 [ 70   0   0   0]
 [ 18   0   0   0]
 [ 39   0   0   0]]
Validation normalized_cm: [[1. 0. 0. 0.]
 [1. 0. 0. 0.]
 [1. 0. 0. 0.]
 [1. 0. 0. 0.]]
Validation acc: 0.5752508361204013
Validation class_accuracies: [1.0, 0.0, 0.0, 0.0]
Validation precision: None
Validation recall: None
Validation f1: None
Validation roc_auc: None
Validation avg_accuracy: 0.25
Validation one_indexed_epoch: 4
128/128 - 177s - loss: 0.6031 - accuracy: 0.8176 - 177s/epoch - 1s/step
Epoch 5/60
Validation cm: [[78  0 94  0]
 [48  0 22  0]
 [12  0  6  0]
 [20  0 19  0]]
Validation normalized_cm: [[0.453 0.    0.547 0.   ]
 [0.686 0.    0.314 0.   ]
 [0.667 0.    0.333 0.   ]
 [0.513 0.    0.487 0.   ]]
Validation acc: 0.2809364548494983
Validation class_accuracies: [0.45348837209302323, 0.0, 0.3333333333333333, 0.0]
Validation precision: None
Validation recall: None
Validation f1: None
Validation roc_auc: None
Validation avg_accuracy: 0.19670542635658914
Validation one_indexed_epoch: 5
128/128 - 177s - loss: 0.6092 - accuracy: 0.8069 - 177s/epoch - 1s/step
Epoch 6/60
Validation cm: [[  6   0 166   0]
 [  0   0  70   0]
 [  0   0  18   0]
 [  0   0  39   0]]
Validation normalized_cm: [[0.035 0.    0.965 0.   ]
 [0.    0.    1.    0.   ]
 [0.    0.    1.    0.   ]
 [0.    0.    1.    0.   ]]
Validation acc: 0.0802675585284281
Validation class_accuracies: [0.03488372093023256, 0.0, 1.0, 0.0]
Validation precision: None
Validation recall: None
Validation f1: None
Validation roc_auc: None
Validation avg_accuracy: 0.25872093023255816
Validation one_indexed_epoch: 6
-- New best results were achieved. --
128/128 - 178s - loss: 0.5873 - accuracy: 0.7917 - 178s/epoch - 1s/step
Epoch 7/60
Validation cm: [[  1 137  25   9]
 [  0  50  16   4]
 [  0   8   8   2]
 [  0  29   8   2]]
Validation normalized_cm: [[0.006 0.797 0.145 0.052]
 [0.    0.714 0.229 0.057]
 [0.    0.444 0.444 0.111]
 [0.    0.744 0.205 0.051]]
Validation acc: 0.2040133779264214
Validation class_accuracies: [0.005813953488372093, 0.7142857142857143, 0.4444444444444444, 0.05128205128205128]
Validation precision: None
Validation recall: None
Validation f1: None
Validation roc_auc: None
Validation avg_accuracy: 0.3039565408751455
Validation one_indexed_epoch: 7
-- New best results were achieved. --
128/128 - 178s - loss: 0.5719 - accuracy: 0.8103 - 178s/epoch - 1s/step
Epoch 8/60
Validation cm: [[51 13 28 80]
 [14  5  7 44]
 [ 0  0  3 15]
 [ 5  3  5 26]]
Validation normalized_cm: [[0.297 0.076 0.163 0.465]
 [0.2   0.071 0.1   0.629]
 [0.    0.    0.167 0.833]
 [0.128 0.077 0.128 0.667]]
Validation acc: 0.2842809364548495
Validation class_accuracies: [0.29651162790697677, 0.07142857142857142, 0.16666666666666666, 0.6666666666666666]
Validation precision: None
Validation recall: None
Validation f1: None
Validation roc_auc: None
Validation avg_accuracy: 0.30031838316722037
Validation one_indexed_epoch: 8
128/128 - 179s - loss: 0.5570 - accuracy: 0.8103 - 179s/epoch - 1s/step
Epoch 9/60
Validation cm: [[110  35  27   0]
 [ 48  17   5   0]
 [ 13   3   2   0]
 [ 26   4   9   0]]
Validation normalized_cm: [[0.64  0.203 0.157 0.   ]
 [0.686 0.243 0.071 0.   ]
 [0.722 0.167 0.111 0.   ]
 [0.667 0.103 0.231 0.   ]]
Validation acc: 0.431438127090301
Validation class_accuracies: [0.6395348837209303, 0.24285714285714285, 0.1111111111111111, 0.0]
Validation precision: None
Validation recall: None
Validation f1: None
Validation roc_auc: None
Validation avg_accuracy: 0.24837578442229608
Validation one_indexed_epoch: 9
128/128 - 180s - loss: 0.5265 - accuracy: 0.8015 - 180s/epoch - 1s/step
Epoch 10/60
Validation cm: [[ 19   7  22 124]
 [  8   2   4  56]
 [  1   0   3  14]
 [  5   2   1  31]]
Validation normalized_cm: [[0.11  0.041 0.128 0.721]
 [0.114 0.029 0.057 0.8  ]
 [0.056 0.    0.167 0.778]
 [0.128 0.051 0.026 0.795]]
Validation acc: 0.18394648829431437
Validation class_accuracies: [0.11046511627906977, 0.02857142857142857, 0.16666666666666666, 0.7948717948717948]
Validation precision: None
Validation recall: None
Validation f1: None
Validation roc_auc: None
Validation avg_accuracy: 0.27514375159723997
Validation one_indexed_epoch: 10
128/128 - 181s - loss: 0.5173 - accuracy: 0.7946 - 181s/epoch - 1s/step
Epoch 11/60
Validation cm: [[110  60   0   2]
 [ 51  18   0   1]
 [  5  10   0   3]
 [ 27  12   0   0]]
Validation normalized_cm: [[0.64  0.349 0.    0.012]
 [0.729 0.257 0.    0.014]
 [0.278 0.556 0.    0.167]
 [0.692 0.308 0.    0.   ]]
Validation acc: 0.4280936454849498
Validation class_accuracies: [0.6395348837209303, 0.2571428571428571, 0.0, 0.0]
Validation precision: None
Validation recall: None
Validation f1: None
Validation roc_auc: None
Validation avg_accuracy: 0.22416943521594684
Validation one_indexed_epoch: 11
128/128 - 179s - loss: 0.4856 - accuracy: 0.8064 - 179s/epoch - 1s/step
Epoch 12/60
Validation cm: [[ 42  13 111   6]
 [  8   5  53   4]
 [  0   0  18   0]
 [ 11   1  24   3]]
Validation normalized_cm: [[0.244 0.076 0.645 0.035]
 [0.114 0.071 0.757 0.057]
 [0.    0.    1.    0.   ]
 [0.282 0.026 0.615 0.077]]
Validation acc: 0.22742474916387959
Validation class_accuracies: [0.2441860465116279, 0.07142857142857142, 1.0, 0.07692307692307693]
Validation precision: None
Validation recall: None
Validation f1: None
Validation roc_auc: None
Validation avg_accuracy: 0.34813442371581904
Validation one_indexed_epoch: 12
-- New best results were achieved. --
128/128 - 180s - loss: 0.4726 - accuracy: 0.7951 - 180s/epoch - 1s/step
Epoch 13/60
Validation cm: [[31 47 21 73]
 [ 8 26  5 31]
 [ 1  1  4 12]
 [ 9  9  3 18]]
Validation normalized_cm: [[0.18  0.273 0.122 0.424]
 [0.114 0.371 0.071 0.443]
 [0.056 0.056 0.222 0.667]
 [0.231 0.231 0.077 0.462]]
Validation acc: 0.26421404682274247
Validation class_accuracies: [0.18023255813953487, 0.37142857142857144, 0.2222222222222222, 0.46153846153846156]
Validation precision: None
Validation recall: None
Validation f1: None
Validation roc_auc: None
Validation avg_accuracy: 0.30885545333219755
Validation one_indexed_epoch: 13
128/128 - 180s - loss: 0.4257 - accuracy: 0.7907 - 180s/epoch - 1s/step
Epoch 14/60
Validation cm: [[33 10 37 92]
 [12  4 19 35]
 [ 1  1  4 12]
 [ 8  1 10 20]]
Validation normalized_cm: [[0.192 0.058 0.215 0.535]
 [0.171 0.057 0.271 0.5  ]
 [0.056 0.056 0.222 0.667]
 [0.205 0.026 0.256 0.513]]
Validation acc: 0.2040133779264214
Validation class_accuracies: [0.19186046511627908, 0.05714285714285714, 0.2222222222222222, 0.5128205128205128]
Validation precision: None
Validation recall: None
Validation f1: None
Validation roc_auc: None
Validation avg_accuracy: 0.2460115143254678
Validation one_indexed_epoch: 14
128/128 - 180s - loss: 0.3959 - accuracy: 0.8118 - 180s/epoch - 1s/step
Epoch 15/60
Validation cm: [[83 76  1 12]
 [28 33  0  9]
 [ 6  4  2  6]
 [15 13  1 10]]
Validation normalized_cm: [[0.483 0.442 0.006 0.07 ]
 [0.4   0.471 0.    0.129]
 [0.333 0.222 0.111 0.333]
 [0.385 0.333 0.026 0.256]]
Validation acc: 0.4280936454849498
Validation class_accuracies: [0.48255813953488375, 0.4714285714285714, 0.1111111111111111, 0.2564102564102564]
Validation precision: None
Validation recall: None
Validation f1: None
Validation roc_auc: None
Validation avg_accuracy: 0.3303770196212057
Validation one_indexed_epoch: 15
128/128 - 181s - loss: 0.3724 - accuracy: 0.7838 - 181s/epoch - 1s/step
Epoch 16/60
Validation cm: [[  0   0  22 150]
 [  0   0   2  68]
 [  0   0   0  18]
 [  0   0   0  39]]
Validation normalized_cm: [[0.    0.    0.128 0.872]
 [0.    0.    0.029 0.971]
 [0.    0.    0.    1.   ]
 [0.    0.    0.    1.   ]]
Validation acc: 0.13043478260869565
Validation class_accuracies: [0.0, 0.0, 0.0, 1.0]
Validation precision: None
Validation recall: None
Validation f1: None
Validation roc_auc: None
Validation avg_accuracy: 0.25
Validation one_indexed_epoch: 16
128/128 - 181s - loss: 0.3505 - accuracy: 0.7799 - 181s/epoch - 1s/step
Epoch 17/60
Validation cm: [[82 42 13 35]
 [37 19  6  8]
 [13  5  0  0]
 [14 12  2 11]]
Validation normalized_cm: [[0.477 0.244 0.076 0.203]
 [0.529 0.271 0.086 0.114]
 [0.722 0.278 0.    0.   ]
 [0.359 0.308 0.051 0.282]]
Validation acc: 0.3745819397993311
Validation class_accuracies: [0.47674418604651164, 0.2714285714285714, 0.0, 0.28205128205128205]
Validation precision: None
Validation recall: None
Validation f1: None
Validation roc_auc: None
Validation avg_accuracy: 0.2575560098815913
Validation one_indexed_epoch: 17
128/128 - 182s - loss: 0.3086 - accuracy: 0.7946 - 182s/epoch - 1s/step
Epoch 18/60
Validation cm: [[32 64 34 42]
 [ 8 20 12 30]
 [ 0  2 13  3]
 [ 1 20  6 12]]
Validation normalized_cm: [[0.186 0.372 0.198 0.244]
 [0.114 0.286 0.171 0.429]
 [0.    0.111 0.722 0.167]
 [0.026 0.513 0.154 0.308]]
Validation acc: 0.25752508361204013
Validation class_accuracies: [0.18604651162790697, 0.2857142857142857, 0.7222222222222222, 0.3076923076923077]
Validation precision: None
Validation recall: None
Validation f1: None
Validation roc_auc: None
Validation avg_accuracy: 0.3754188318141806
Validation one_indexed_epoch: 18
-- New best results were achieved. --
128/128 - 181s - loss: 0.2599 - accuracy: 0.7926 - 181s/epoch - 1s/step
Epoch 19/60
Validation cm: [[  5   2 164   1]
 [  0   0  69   1]
 [  0   0  18   0]
 [  0   0  37   2]]
Validation normalized_cm: [[0.029 0.012 0.953 0.006]
 [0.    0.    0.986 0.014]
 [0.    0.    1.    0.   ]
 [0.    0.    0.949 0.051]]
Validation acc: 0.08361204013377926
Validation class_accuracies: [0.029069767441860465, 0.0, 1.0, 0.05128205128205128]
Validation precision: None
Validation recall: None
Validation f1: None
Validation roc_auc: None
Validation avg_accuracy: 0.27008795468097796
Validation one_indexed_epoch: 19
128/128 - 181s - loss: 0.2349 - accuracy: 0.8221 - 181s/epoch - 1s/step
Epoch 20/60
Validation cm: [[ 42   0 123   7]
 [ 15   0  52   3]
 [  5   0  13   0]
 [  7   1  27   4]]
Validation normalized_cm: [[0.244 0.    0.715 0.041]
 [0.214 0.    0.743 0.043]
 [0.278 0.    0.722 0.   ]
 [0.179 0.026 0.692 0.103]]
Validation acc: 0.19732441471571907
Validation class_accuracies: [0.2441860465116279, 0.0, 0.7222222222222222, 0.10256410256410256]
Validation precision: None
Validation recall: None
Validation f1: None
Validation roc_auc: None
Validation avg_accuracy: 0.26724309282448816
Validation one_indexed_epoch: 20
128/128 - 180s - loss: 0.2188 - accuracy: 0.8078 - 180s/epoch - 1s/step
Epoch 21/60
Validation cm: [[55 44 42 31]
 [18 15 10 27]
 [ 1  1  8  8]
 [ 5 10  8 16]]
Validation normalized_cm: [[0.32  0.256 0.244 0.18 ]
 [0.257 0.214 0.143 0.386]
 [0.056 0.056 0.444 0.444]
 [0.128 0.256 0.205 0.41 ]]
Validation acc: 0.31438127090301005
Validation class_accuracies: [0.31976744186046513, 0.21428571428571427, 0.4444444444444444, 0.41025641025641024]
Validation precision: None
Validation recall: None
Validation f1: None
Validation roc_auc: None
Validation avg_accuracy: 0.3471885027117585
Validation one_indexed_epoch: 21
128/128 - 180s - loss: 0.1671 - accuracy: 0.8157 - 180s/epoch - 1s/step
Epoch 22/60
Validation cm: [[147  19   4   2]
 [ 47  20   1   2]
 [ 11   5   1   1]
 [ 27  10   1   1]]
Validation normalized_cm: [[0.855 0.11  0.023 0.012]
 [0.671 0.286 0.014 0.029]
 [0.611 0.278 0.056 0.056]
 [0.692 0.256 0.026 0.026]]
Validation acc: 0.5652173913043478
Validation class_accuracies: [0.8546511627906976, 0.2857142857142857, 0.05555555555555555, 0.02564102564102564]
Validation precision: None
Validation recall: None
Validation f1: None
Validation roc_auc: None
Validation avg_accuracy: 0.30539050742539114
Validation one_indexed_epoch: 22
128/128 - 180s - loss: 0.1730 - accuracy: 0.8142 - 180s/epoch - 1s/step
Epoch 23/60
Validation cm: [[49 31 33 59]
 [17 16 10 27]
 [ 2  1  3 12]
 [ 6  8  9 16]]
Validation normalized_cm: [[0.285 0.18  0.192 0.343]
 [0.243 0.229 0.143 0.386]
 [0.111 0.056 0.167 0.667]
 [0.154 0.205 0.231 0.41 ]]
Validation acc: 0.2809364548494983
Validation class_accuracies: [0.28488372093023256, 0.22857142857142856, 0.16666666666666666, 0.41025641025641024]
Validation precision: None
Validation recall: None
Validation f1: None
Validation roc_auc: None
Validation avg_accuracy: 0.2725945566061845
Validation one_indexed_epoch: 23
128/128 - 179s - loss: 0.1389 - accuracy: 0.8255 - 179s/epoch - 1s/step
Epoch 24/60
Validation cm: [[112  17  40   3]
 [ 43   9  17   1]
 [  8   2   6   2]
 [ 24   4   9   2]]
Validation normalized_cm: [[0.651 0.099 0.233 0.017]
 [0.614 0.129 0.243 0.014]
 [0.444 0.111 0.333 0.111]
 [0.615 0.103 0.231 0.051]]
Validation acc: 0.431438127090301
Validation class_accuracies: [0.6511627906976745, 0.12857142857142856, 0.3333333333333333, 0.05128205128205128]
Validation precision: None
Validation recall: None
Validation f1: None
Validation roc_auc: None
Validation avg_accuracy: 0.2910874009711219
Validation one_indexed_epoch: 24
128/128 - 179s - loss: 0.1500 - accuracy: 0.8147 - 179s/epoch - 1s/step
Epoch 25/60
Validation cm: [[111  52   2   7]
 [ 36  27   4   3]
 [  8   3   3   4]
 [ 20  16   0   3]]
Validation normalized_cm: [[0.645 0.302 0.012 0.041]
 [0.514 0.386 0.057 0.043]
 [0.444 0.167 0.167 0.222]
 [0.513 0.41  0.    0.077]]
Validation acc: 0.4816053511705686
Validation class_accuracies: [0.6453488372093024, 0.38571428571428573, 0.16666666666666666, 0.07692307692307693]
Validation precision: None
Validation recall: None
Validation f1: None
Validation roc_auc: None
Validation avg_accuracy: 0.3186632166283329
Validation one_indexed_epoch: 25
128/128 - 179s - loss: 0.1049 - accuracy: 0.8216 - 179s/epoch - 1s/step
Epoch 26/60
Validation cm: [[118   8  40   6]
 [ 36   7  22   5]
 [  8   3   7   0]
 [ 15   4  16   4]]
Validation normalized_cm: [[0.686 0.047 0.233 0.035]
 [0.514 0.1   0.314 0.071]
 [0.444 0.167 0.389 0.   ]
 [0.385 0.103 0.41  0.103]]
Validation acc: 0.45484949832775917
Validation class_accuracies: [0.686046511627907, 0.1, 0.3888888888888889, 0.10256410256410256]
Validation precision: None
Validation recall: None
Validation f1: None
Validation roc_auc: None
Validation avg_accuracy: 0.3193748757702246
Validation one_indexed_epoch: 26
128/128 - 178s - loss: 0.1118 - accuracy: 0.8392 - 178s/epoch - 1s/step
Epoch 27/60
Validation cm: [[  4   1 152  15]
 [  0   0  62   8]
 [  0   0  13   5]
 [  0   1  35   3]]
Validation normalized_cm: [[0.023 0.006 0.884 0.087]
 [0.    0.    0.886 0.114]
 [0.    0.    0.722 0.278]
 [0.    0.026 0.897 0.077]]
Validation acc: 0.06688963210702341
Validation class_accuracies: [0.023255813953488372, 0.0, 0.7222222222222222, 0.07692307692307693]
Validation precision: None
Validation recall: None
Validation f1: None
Validation roc_auc: None
Validation avg_accuracy: 0.2056002782746969
Validation one_indexed_epoch: 27
128/128 - 158s - loss: 0.1014 - accuracy: 0.8407 - 158s/epoch - 1s/step
Epoch 28/60
Validation cm: [[17 67 15 73]
 [ 5 32  1 32]
 [ 1  2  0 15]
 [ 0 18  1 20]]
Validation normalized_cm: [[0.099 0.39  0.087 0.424]
 [0.071 0.457 0.014 0.457]
 [0.056 0.111 0.    0.833]
 [0.    0.462 0.026 0.513]]
Validation acc: 0.23076923076923078
Validation class_accuracies: [0.09883720930232558, 0.45714285714285713, 0.0, 0.5128205128205128]
Validation precision: None
Validation recall: None
Validation f1: None
Validation roc_auc: None
Validation avg_accuracy: 0.26720014481642385
Validation one_indexed_epoch: 28
128/128 - 153s - loss: 0.0997 - accuracy: 0.8196 - 153s/epoch - 1s/step
Epoch 29/60
Validation cm: [[91 55 15 11]
 [24 32 13  1]
 [ 3 14  0  1]
 [12 21  5  1]]
Validation normalized_cm: [[0.529 0.32  0.087 0.064]
 [0.343 0.457 0.186 0.014]
 [0.167 0.778 0.    0.056]
 [0.308 0.538 0.128 0.026]]
Validation acc: 0.41471571906354515
Validation class_accuracies: [0.5290697674418605, 0.45714285714285713, 0.0, 0.02564102564102564]
Validation precision: None
Validation recall: None
Validation f1: None
Validation roc_auc: None
Validation avg_accuracy: 0.2529634125564358
Validation one_indexed_epoch: 29
128/128 - 155s - loss: 0.1052 - accuracy: 0.8534 - 155s/epoch - 1s/step
Epoch 30/60
Validation cm: [[40 40 44 48]
 [12 16 15 27]
 [ 8  0  5  5]
 [ 7  8 12 12]]
Validation normalized_cm: [[0.233 0.233 0.256 0.279]
 [0.171 0.229 0.214 0.386]
 [0.444 0.    0.278 0.278]
 [0.179 0.205 0.308 0.308]]
Validation acc: 0.24414715719063546
Validation class_accuracies: [0.23255813953488372, 0.22857142857142856, 0.2777777777777778, 0.3076923076923077]
Validation precision: None
Validation recall: None
Validation f1: None
Validation roc_auc: None
Validation avg_accuracy: 0.26164991339409943
Validation one_indexed_epoch: 30
128/128 - 153s - loss: 0.0903 - accuracy: 0.8407 - 153s/epoch - 1s/step
Epoch 31/60
Validation cm: [[107  51   8   6]
 [ 36  20   7   7]
 [  6   5   3   4]
 [ 15  14   7   3]]
Validation normalized_cm: [[0.622 0.297 0.047 0.035]
 [0.514 0.286 0.1   0.1  ]
 [0.333 0.278 0.167 0.222]
 [0.385 0.359 0.179 0.077]]
Validation acc: 0.44481605351170567
Validation class_accuracies: [0.622093023255814, 0.2857142857142857, 0.16666666666666666, 0.07692307692307693]
Validation precision: None
Validation recall: None
Validation f1: None
Validation roc_auc: None
Validation avg_accuracy: 0.2878492631399608
Validation one_indexed_epoch: 31
128/128 - 155s - loss: 0.0760 - accuracy: 0.8441 - 155s/epoch - 1s/step
Epoch 32/60
Validation cm: [[41 73 11 47]
 [ 4 41  5 20]
 [ 2  5  1 10]
 [ 4 18  4 13]]
Validation normalized_cm: [[0.238 0.424 0.064 0.273]
 [0.057 0.586 0.071 0.286]
 [0.111 0.278 0.056 0.556]
 [0.103 0.462 0.103 0.333]]
Validation acc: 0.3210702341137124
Validation class_accuracies: [0.23837209302325582, 0.5857142857142857, 0.05555555555555555, 0.3333333333333333]
Validation precision: None
Validation recall: None
Validation f1: None
Validation roc_auc: None
Validation avg_accuracy: 0.3032438169066076
Validation one_indexed_epoch: 32
128/128 - 155s - loss: 0.0602 - accuracy: 0.8186 - 155s/epoch - 1s/step
Epoch 33/60
Validation cm: [[154  13   3   2]
 [ 57   7   6   0]
 [ 12   2   4   0]
 [ 31   4   4   0]]
Validation normalized_cm: [[0.895 0.076 0.017 0.012]
 [0.814 0.1   0.086 0.   ]
 [0.667 0.111 0.222 0.   ]
 [0.795 0.103 0.103 0.   ]]
Validation acc: 0.5518394648829431
Validation class_accuracies: [0.8953488372093024, 0.1, 0.2222222222222222, 0.0]
Validation precision: None
Validation recall: None
Validation f1: None
Validation roc_auc: None
Validation avg_accuracy: 0.30439276485788114
Validation one_indexed_epoch: 33
128/128 - 154s - loss: 0.0729 - accuracy: 0.8186 - 154s/epoch - 1s/step
Epoch 34/60
Validation cm: [[99 55 13  5]
 [26 38  5  1]
 [ 5  7  4  2]
 [17 13  5  4]]
Validation normalized_cm: [[0.576 0.32  0.076 0.029]
 [0.371 0.543 0.071 0.014]
 [0.278 0.389 0.222 0.111]
 [0.436 0.333 0.128 0.103]]
Validation acc: 0.48494983277591974
Validation class_accuracies: [0.5755813953488372, 0.5428571428571428, 0.2222222222222222, 0.10256410256410256]
Validation precision: None
Validation recall: None
Validation f1: None
Validation roc_auc: None
Validation avg_accuracy: 0.36080621574807625
Validation one_indexed_epoch: 34
128/128 - 153s - loss: 0.0569 - accuracy: 0.8456 - 153s/epoch - 1s/step
Epoch 35/60
Validation cm: [[  6   3  13 150]
 [  0   5   3  62]
 [  0   0   0  18]
 [  0   3   3  33]]
Validation normalized_cm: [[0.035 0.017 0.076 0.872]
 [0.    0.071 0.043 0.886]
 [0.    0.    0.    1.   ]
 [0.    0.077 0.077 0.846]]
Validation acc: 0.14715719063545152
Validation class_accuracies: [0.03488372093023256, 0.07142857142857142, 0.0, 0.8461538461538461]
Validation precision: None
Validation recall: None
Validation f1: None
Validation roc_auc: None
Validation avg_accuracy: 0.23811653462816254
Validation one_indexed_epoch: 35
128/128 - 153s - loss: 0.0623 - accuracy: 0.8373 - 153s/epoch - 1s/step
Epoch 36/60
Validation cm: [[40 13 74 45]
 [13  5 28 24]
 [ 0  1 13  4]
 [ 5  3 18 13]]
Validation normalized_cm: [[0.233 0.076 0.43  0.262]
 [0.186 0.071 0.4   0.343]
 [0.    0.056 0.722 0.222]
 [0.128 0.077 0.462 0.333]]
Validation acc: 0.23745819397993312
Validation class_accuracies: [0.23255813953488372, 0.07142857142857142, 0.7222222222222222, 0.3333333333333333]
Validation precision: None
Validation recall: None
Validation f1: None
Validation roc_auc: None
Validation avg_accuracy: 0.33988556662975267
Validation one_indexed_epoch: 36
128/128 - 152s - loss: 0.0589 - accuracy: 0.8402 - 152s/epoch - 1s/step
Epoch 37/60
Validation cm: [[138  17   8   9]
 [ 44  20   6   0]
 [  8   3   5   2]
 [ 27   5   5   2]]
Validation normalized_cm: [[0.802 0.099 0.047 0.052]
 [0.629 0.286 0.086 0.   ]
 [0.444 0.167 0.278 0.111]
 [0.692 0.128 0.128 0.051]]
Validation acc: 0.5518394648829431
Validation class_accuracies: [0.8023255813953488, 0.2857142857142857, 0.2777777777777778, 0.05128205128205128]
Validation precision: None
Validation recall: None
Validation f1: None
Validation roc_auc: None
Validation avg_accuracy: 0.3542749240423659
Validation one_indexed_epoch: 37
128/128 - 152s - loss: 0.0698 - accuracy: 0.8363 - 152s/epoch - 1s/step
Epoch 38/60
Validation cm: [[50 78  5 39]
 [ 8 43  0 19]
 [ 1  8  0  9]
 [ 2 21  3 13]]
Validation normalized_cm: [[0.291 0.453 0.029 0.227]
 [0.114 0.614 0.    0.271]
 [0.056 0.444 0.    0.5  ]
 [0.051 0.538 0.077 0.333]]
Validation acc: 0.35451505016722407
Validation class_accuracies: [0.29069767441860467, 0.6142857142857143, 0.0, 0.3333333333333333]
Validation precision: None
Validation recall: None
Validation f1: None
Validation roc_auc: None
Validation avg_accuracy: 0.3095791805094131
Validation one_indexed_epoch: 38
128/128 - 153s - loss: 0.0578 - accuracy: 0.8490 - 153s/epoch - 1s/step
Epoch 39/60
Validation cm: [[127  20  12  13]
 [ 45  11   9   5]
 [  7   2   8   1]
 [ 24   4   7   4]]
Validation normalized_cm: [[0.738 0.116 0.07  0.076]
 [0.643 0.157 0.129 0.071]
 [0.389 0.111 0.444 0.056]
 [0.615 0.103 0.179 0.103]]
Validation acc: 0.5016722408026756
Validation class_accuracies: [0.7383720930232558, 0.15714285714285714, 0.4444444444444444, 0.10256410256410256]
Validation precision: None
Validation recall: None
Validation f1: None
Validation roc_auc: None
Validation avg_accuracy: 0.360630874293665
Validation one_indexed_epoch: 39
128/128 - 152s - loss: 0.0462 - accuracy: 0.8525 - 152s/epoch - 1s/step
Epoch 40/60
Validation cm: [[62 32 33 45]
 [15 15 15 25]
 [ 2  3  7  6]
 [ 6  9 10 14]]
Validation normalized_cm: [[0.36  0.186 0.192 0.262]
 [0.214 0.214 0.214 0.357]
 [0.111 0.167 0.389 0.333]
 [0.154 0.231 0.256 0.359]]
Validation acc: 0.3277591973244147
Validation class_accuracies: [0.36046511627906974, 0.21428571428571427, 0.3888888888888889, 0.358974358974359]
Validation precision: None
Validation recall: None
Validation f1: None
Validation roc_auc: None
Validation avg_accuracy: 0.330653519607008
Validation one_indexed_epoch: 40
128/128 - 152s - loss: 0.0586 - accuracy: 0.8642 - 152s/epoch - 1s/step
Epoch 41/60
Validation cm: [[98 63  2  9]
 [32 33  1  4]
 [ 6  8  0  4]
 [13 16  4  6]]
Validation normalized_cm: [[0.57  0.366 0.012 0.052]
 [0.457 0.471 0.014 0.057]
 [0.333 0.444 0.    0.222]
 [0.333 0.41  0.103 0.154]]
Validation acc: 0.45819397993311034
Validation class_accuracies: [0.5697674418604651, 0.4714285714285714, 0.0, 0.15384615384615385]
Validation precision: None
Validation recall: None
Validation f1: None
Validation roc_auc: None
Validation avg_accuracy: 0.29876054178379763
Validation one_indexed_epoch: 41
128/128 - 153s - loss: 0.0479 - accuracy: 0.8559 - 153s/epoch - 1s/step
Epoch 42/60
Validation cm: [[42 25 75 30]
 [10  8 36 16]
 [ 2  0 10  6]
 [ 7  3 19 10]]
Validation normalized_cm: [[0.244 0.145 0.436 0.174]
 [0.143 0.114 0.514 0.229]
 [0.111 0.    0.556 0.333]
 [0.179 0.077 0.487 0.256]]
Validation acc: 0.23411371237458195
Validation class_accuracies: [0.2441860465116279, 0.11428571428571428, 0.5555555555555556, 0.2564102564102564]
Validation precision: None
Validation recall: None
Validation f1: None
Validation roc_auc: None
Validation avg_accuracy: 0.29260939319078855
Validation one_indexed_epoch: 42
128/128 - 152s - loss: 0.0614 - accuracy: 0.8642 - 152s/epoch - 1s/step
Epoch 43/60
Validation cm: [[54 40 37 41]
 [11 25 12 22]
 [ 2  2  3 11]
 [ 7  7 11 14]]
Validation normalized_cm: [[0.314 0.233 0.215 0.238]
 [0.157 0.357 0.171 0.314]
 [0.111 0.111 0.167 0.611]
 [0.179 0.179 0.282 0.359]]
Validation acc: 0.3210702341137124
Validation class_accuracies: [0.313953488372093, 0.35714285714285715, 0.16666666666666666, 0.358974358974359]
Validation precision: None
Validation recall: None
Validation f1: None
Validation roc_auc: None
Validation avg_accuracy: 0.2991843427889939
Validation one_indexed_epoch: 43
128/128 - 152s - loss: 0.0499 - accuracy: 0.8637 - 152s/epoch - 1s/step
Epoch 44/60
Validation cm: [[40 27 47 58]
 [ 9 15 16 30]
 [ 3  1  4 10]
 [ 5  7  9 18]]
Validation normalized_cm: [[0.233 0.157 0.273 0.337]
 [0.129 0.214 0.229 0.429]
 [0.167 0.056 0.222 0.556]
 [0.128 0.179 0.231 0.462]]
Validation acc: 0.25752508361204013
Validation class_accuracies: [0.23255813953488372, 0.21428571428571427, 0.2222222222222222, 0.46153846153846156]
Validation precision: None
Validation recall: None
Validation f1: None
Validation roc_auc: None
Validation avg_accuracy: 0.2826511343953204
Validation one_indexed_epoch: 44
128/128 - 152s - loss: 0.0380 - accuracy: 0.8608 - 152s/epoch - 1s/step
Epoch 45/60
Validation cm: [[73 44 40 15]
 [21 27 14  8]
 [ 4  6  2  6]
 [15 12  6  6]]
Validation normalized_cm: [[0.424 0.256 0.233 0.087]
 [0.3   0.386 0.2   0.114]
 [0.222 0.333 0.111 0.333]
 [0.385 0.308 0.154 0.154]]
Validation acc: 0.3612040133779264
Validation class_accuracies: [0.42441860465116277, 0.38571428571428573, 0.1111111111111111, 0.15384615384615385]
Validation precision: None
Validation recall: None
Validation f1: None
Validation roc_auc: None
Validation avg_accuracy: 0.2687725388306784
Validation one_indexed_epoch: 45
128/128 - 153s - loss: 0.0426 - accuracy: 0.8525 - 153s/epoch - 1s/step
Epoch 46/60
Validation cm: [[27 33 37 75]
 [ 7 18 11 34]
 [ 0  0  1 17]
 [ 1  6  6 26]]
Validation normalized_cm: [[0.157 0.192 0.215 0.436]
 [0.1   0.257 0.157 0.486]
 [0.    0.    0.056 0.944]
 [0.026 0.154 0.154 0.667]]
Validation acc: 0.2408026755852843
Validation class_accuracies: [0.1569767441860465, 0.2571428571428571, 0.05555555555555555, 0.6666666666666666]
Validation precision: None
Validation recall: None
Validation f1: None
Validation roc_auc: None
Validation avg_accuracy: 0.28408545588778145
Validation one_indexed_epoch: 46
128/128 - 152s - loss: 0.0847 - accuracy: 0.8034 - 152s/epoch - 1s/step
Epoch 47/60
Validation cm: [[47 26 60 39]
 [12 14 21 23]
 [ 2  0  4 12]
 [ 3  4 17 15]]
Validation normalized_cm: [[0.273 0.151 0.349 0.227]
 [0.171 0.2   0.3   0.329]
 [0.111 0.    0.222 0.667]
 [0.077 0.103 0.436 0.385]]
Validation acc: 0.26755852842809363
Validation class_accuracies: [0.27325581395348836, 0.2, 0.2222222222222222, 0.38461538461538464]
Validation precision: None
Validation recall: None
Validation f1: None
Validation roc_auc: None
Validation avg_accuracy: 0.2700233551977738
Validation one_indexed_epoch: 47
128/128 - 152s - loss: 0.0491 - accuracy: 0.8324 - 152s/epoch - 1s/step
Epoch 48/60
Validation cm: [[59 46 40 27]
 [19 25 15 11]
 [ 0  3  7  8]
 [ 4 12 14  9]]
Validation normalized_cm: [[0.343 0.267 0.233 0.157]
 [0.271 0.357 0.214 0.157]
 [0.    0.167 0.389 0.444]
 [0.103 0.308 0.359 0.231]]
Validation acc: 0.33444816053511706
Validation class_accuracies: [0.3430232558139535, 0.35714285714285715, 0.3888888888888889, 0.23076923076923078]
Validation precision: None
Validation recall: None
Validation f1: None
Validation roc_auc: None
Validation avg_accuracy: 0.3299560581537326
Validation one_indexed_epoch: 48
128/128 - 153s - loss: 0.0259 - accuracy: 0.8309 - 153s/epoch - 1s/step
Epoch 49/60
Validation cm: [[70 52 32 18]
 [25 27  8 10]
 [ 3  6  8  1]
 [ 8 11  6 14]]
Validation normalized_cm: [[0.407 0.302 0.186 0.105]
 [0.357 0.386 0.114 0.143]
 [0.167 0.333 0.444 0.056]
 [0.205 0.282 0.154 0.359]]
Validation acc: 0.3979933110367893
Validation class_accuracies: [0.4069767441860465, 0.38571428571428573, 0.4444444444444444, 0.358974358974359]
Validation precision: None
Validation recall: None
Validation f1: None
Validation roc_auc: None
Validation avg_accuracy: 0.3990274583297839
Validation one_indexed_epoch: 49
-- New best results were achieved. --
128/128 - 153s - loss: 0.0318 - accuracy: 0.8142 - 153s/epoch - 1s/step
Epoch 50/60
Validation cm: [[84 57 14 17]
 [34 26  7  3]
 [ 4  5  7  2]
 [ 7 18  6  8]]
Validation normalized_cm: [[0.488 0.331 0.081 0.099]
 [0.486 0.371 0.1   0.043]
 [0.222 0.278 0.389 0.111]
 [0.179 0.462 0.154 0.205]]
Validation acc: 0.4180602006688963
Validation class_accuracies: [0.4883720930232558, 0.37142857142857144, 0.3888888888888889, 0.20512820512820512]
Validation precision: None
Validation recall: None
Validation f1: None
Validation roc_auc: None
Validation avg_accuracy: 0.3634544396172303
Validation one_indexed_epoch: 50
128/128 - 154s - loss: 0.0475 - accuracy: 0.8319 - 154s/epoch - 1s/step
Epoch 51/60
Validation cm: [[68 92  7  5]
 [18 43  3  6]
 [ 3  8  2  5]
 [ 6 20  3 10]]
Validation normalized_cm: [[0.395 0.535 0.041 0.029]
 [0.257 0.614 0.043 0.086]
 [0.167 0.444 0.111 0.278]
 [0.154 0.513 0.077 0.256]]
Validation acc: 0.411371237458194
Validation class_accuracies: [0.3953488372093023, 0.6142857142857143, 0.1111111111111111, 0.2564102564102564]
Validation precision: None
Validation recall: None
Validation f1: None
Validation roc_auc: None
Validation avg_accuracy: 0.34428897975409606
Validation one_indexed_epoch: 51
128/128 - 153s - loss: 0.0522 - accuracy: 0.8324 - 153s/epoch - 1s/step
Epoch 52/60
Validation cm: [[70 60 27 15]
 [22 27  8 13]
 [ 4  6  4  4]
 [10 14  7  8]]
Validation normalized_cm: [[0.407 0.349 0.157 0.087]
 [0.314 0.386 0.114 0.186]
 [0.222 0.333 0.222 0.222]
 [0.256 0.359 0.179 0.205]]
Validation acc: 0.36454849498327757
Validation class_accuracies: [0.4069767441860465, 0.38571428571428573, 0.2222222222222222, 0.20512820512820512]
Validation precision: None
Validation recall: None
Validation f1: None
Validation roc_auc: None
Validation avg_accuracy: 0.30501036431268985
Validation one_indexed_epoch: 52
128/128 - 153s - loss: 0.0381 - accuracy: 0.8529 - 153s/epoch - 1s/step
Epoch 53/60
Validation cm: [[92 43 18 19]
 [34 18  8 10]
 [ 6  2  5  5]
 [18  8  5  8]]
Validation normalized_cm: [[0.535 0.25  0.105 0.11 ]
 [0.486 0.257 0.114 0.143]
 [0.333 0.111 0.278 0.278]
 [0.462 0.205 0.128 0.205]]
Validation acc: 0.411371237458194
Validation class_accuracies: [0.5348837209302325, 0.2571428571428571, 0.2777777777777778, 0.20512820512820512]
Validation precision: None
Validation recall: None
Validation f1: None
Validation roc_auc: None
Validation avg_accuracy: 0.3187331402447681
Validation one_indexed_epoch: 53
128/128 - 152s - loss: 0.0224 - accuracy: 0.8760 - 152s/epoch - 1s/step
Epoch 54/60
Validation cm: [[30  5 78 59]
 [12  4 31 23]
 [ 1  1  4 12]
 [ 5  2 14 18]]
Validation normalized_cm: [[0.174 0.029 0.453 0.343]
 [0.171 0.057 0.443 0.329]
 [0.056 0.056 0.222 0.667]
 [0.128 0.051 0.359 0.462]]
Validation acc: 0.18729096989966554
Validation class_accuracies: [0.1744186046511628, 0.05714285714285714, 0.2222222222222222, 0.46153846153846156]
Validation precision: None
Validation recall: None
Validation f1: None
Validation roc_auc: None
Validation avg_accuracy: 0.22883053638867593
Validation one_indexed_epoch: 54
128/128 - 153s - loss: 0.0368 - accuracy: 0.8569 - 153s/epoch - 1s/step
Epoch 55/60
Validation cm: [[68 65 26 13]
 [20 36  7  7]
 [ 4  2  7  5]
 [ 4 16 12  7]]
Validation normalized_cm: [[0.395 0.378 0.151 0.076]
 [0.286 0.514 0.1   0.1  ]
 [0.222 0.111 0.389 0.278]
 [0.103 0.41  0.308 0.179]]
Validation acc: 0.39464882943143814
Validation class_accuracies: [0.3953488372093023, 0.5142857142857142, 0.3888888888888889, 0.1794871794871795]
Validation precision: None
Validation recall: None
Validation f1: None
Validation roc_auc: None
Validation avg_accuracy: 0.36950265496777124
Validation one_indexed_epoch: 55
128/128 - 152s - loss: 0.0438 - accuracy: 0.8397 - 152s/epoch - 1s/step
Epoch 56/60
Validation cm: [[78 36 33 25]
 [24 19 16 11]
 [ 1  3 12  2]
 [ 5  6 13 15]]
Validation normalized_cm: [[0.453 0.209 0.192 0.145]
 [0.343 0.271 0.229 0.157]
 [0.056 0.167 0.667 0.111]
 [0.128 0.154 0.333 0.385]]
Validation acc: 0.41471571906354515
Validation class_accuracies: [0.45348837209302323, 0.2714285714285714, 0.6666666666666666, 0.38461538461538464]
Validation precision: None
Validation recall: None
Validation f1: None
Validation roc_auc: None
Validation avg_accuracy: 0.44404974870091146
Validation one_indexed_epoch: 56
-- New best results were achieved. --
128/128 - 152s - loss: 0.0219 - accuracy: 0.8529 - 152s/epoch - 1s/step
Epoch 57/60
Validation cm: [[44 30 64 34]
 [10 11 29 20]
 [ 0  1  9  8]
 [11  5  9 14]]
Validation normalized_cm: [[0.256 0.174 0.372 0.198]
 [0.143 0.157 0.414 0.286]
 [0.    0.056 0.5   0.444]
 [0.282 0.128 0.231 0.359]]
Validation acc: 0.2608695652173913
Validation class_accuracies: [0.2558139534883721, 0.15714285714285714, 0.5, 0.358974358974359]
Validation precision: None
Validation recall: None
Validation f1: None
Validation roc_auc: None
Validation avg_accuracy: 0.31798279240139704
Validation one_indexed_epoch: 57
128/128 - 152s - loss: 0.0321 - accuracy: 0.8696 - 152s/epoch - 1s/step
Epoch 58/60
Validation cm: [[57 58 23 34]
 [18 25  8 19]
 [ 1  4  3 10]
 [ 6 11  6 16]]
Validation normalized_cm: [[0.331 0.337 0.134 0.198]
 [0.257 0.357 0.114 0.271]
 [0.056 0.222 0.167 0.556]
 [0.154 0.282 0.154 0.41 ]]
Validation acc: 0.3377926421404682
Validation class_accuracies: [0.3313953488372093, 0.35714285714285715, 0.16666666666666666, 0.41025641025641024]
Validation precision: None
Validation recall: None
Validation f1: None
Validation roc_auc: None
Validation avg_accuracy: 0.3163653207257858
Validation one_indexed_epoch: 58
128/128 - 154s - loss: 0.0360 - accuracy: 0.8691 - 154s/epoch - 1s/step
Epoch 59/60
Validation cm: [[50 15 50 57]
 [12 13 13 32]
 [ 1  4  8  5]
 [ 5  4 11 19]]
Validation normalized_cm: [[0.291 0.087 0.291 0.331]
 [0.171 0.186 0.186 0.457]
 [0.056 0.222 0.444 0.278]
 [0.128 0.103 0.282 0.487]]
Validation acc: 0.3010033444816054
