Tensorflow Version: 2.8.0
Num GPUs Available:  1
Collecting Variables...
All variables have been collected.
../cache/
cw
train89
Description: bigger model efnetb3
-----------------------
Job id is 1.
- Loading Icbhi.
725 Icbhi audios have been loaded.
- Preparing Icbhi.
112 Icbhi groups of audio chunks (by filename or patients) have been prepared.
--- Samples are being split into training/val groups and de-grouped by patient ---
--- Icbhi training dataset went from 0 to 2492 elements, with 954 none's, 810 crakles, 344 wheezes and 340 both ---
--- Icbhi Validation dataset contains 550 elements, with 282 none, 189 crackles, 43 wheezes and 33 both ---
0
0
0
0
-----------------------
--- Final training dataset went from 0 to 2492 elements, with 954 none's, 810 crakles, 344 wheezes and 340 both ---
--- Final Validation dataset contains 550 elements, with 282 none, 189 crackles, 43 wheezes and 33 both ---
Model: "leaf_resnet_bis"
______________________________________________________________________________________________________________
 Layer (type)                                    Output Shape                                Param #          
==============================================================================================================
 leaf (Leaf)                                     multiple                                    560              
                                                                                                              
 mel_filterbanks (MelFilterbanks)                multiple                                    0 (unused)       
                                                                                                              
 sincnet (SincNet)                               multiple                                    0 (unused)       
                                                                                                              
 leaf (Leaf)                                     multiple                                    0 (unused)       
                                                                                                              
 sequential (Sequential)                         (None, 2)                                   10882033         
                                                                                                              
==============================================================================================================
Total params: 10,882,913
Trainable params: 10,795,370
Non-trainable params: 87,543
______________________________________________________________________________________________________________
Target metric is avg_accuracy
Epoch 1/60
WARNING:tensorflow:Gradients do not exist for variables ['kernel:0', 'kernel:0'] when minimizing the loss. If you're using `model.compile()`, did you forget to provide a `loss`argument?
WARNING:tensorflow:Gradients do not exist for variables ['kernel:0', 'kernel:0'] when minimizing the loss. If you're using `model.compile()`, did you forget to provide a `loss`argument?
WARNING:tensorflow:Gradients do not exist for variables ['kernel:0', 'kernel:0', 'kernel:0', 'kernel:0'] when minimizing the loss. If you're using `model.compile()`, did you forget to provide a `loss`argument?
WARNING:tensorflow:Gradients do not exist for variables ['kernel:0', 'kernel:0', 'kernel:0', 'kernel:0'] when minimizing the loss. If you're using `model.compile()`, did you forget to provide a `loss`argument?
WARNING:tensorflow:Gradients do not exist for variables ['kernel:0', 'kernel:0'] when minimizing the loss. If you're using `model.compile()`, did you forget to provide a `loss`argument?
WARNING:tensorflow:Gradients do not exist for variables ['kernel:0', 'kernel:0'] when minimizing the loss. If you're using `model.compile()`, did you forget to provide a `loss`argument?
WARNING:tensorflow:Gradients do not exist for variables ['kernel:0', 'kernel:0', 'kernel:0', 'kernel:0'] when minimizing the loss. If you're using `model.compile()`, did you forget to provide a `loss`argument?
WARNING:tensorflow:Gradients do not exist for variables ['kernel:0', 'kernel:0', 'kernel:0', 'kernel:0'] when minimizing the loss. If you're using `model.compile()`, did you forget to provide a `loss`argument?
Validation cm: [[284   0   0   0]
 [190   0   0   0]
 [ 43   0   0   0]
 [ 33   0   0   0]]
Validation normalized_cm: [[1. 0. 0. 0.]
 [1. 0. 0. 0.]
 [1. 0. 0. 0.]
 [1. 0. 0. 0.]]
Validation acc: 0.5163636363636364
Validation class_accuracies: [1.0, 0.0, 0.0, 0.0]
Validation sensitivity: 0.0
Validation specificity: 1.0
Validation icbhi_score: 0.5
Validation roc_auc: None
Validation avg_accuracy: 0.25
Validation one_indexed_epoch: 1
-- New best results were achieved. --
156/156 - 166s - loss: 0.7144 - accuracy: 0.7745 - 166s/epoch - 1s/step
Epoch 2/60
Validation cm: [[284   0   0   0]
 [190   0   0   0]
 [ 43   0   0   0]
 [ 33   0   0   0]]
Validation normalized_cm: [[1. 0. 0. 0.]
 [1. 0. 0. 0.]
 [1. 0. 0. 0.]
 [1. 0. 0. 0.]]
Validation acc: 0.5163636363636364
Validation class_accuracies: [1.0, 0.0, 0.0, 0.0]
Validation sensitivity: 0.0
Validation specificity: 1.0
Validation icbhi_score: 0.5
Validation roc_auc: None
Validation avg_accuracy: 0.25
Validation one_indexed_epoch: 2
156/156 - 144s - loss: 0.6509 - accuracy: 0.8543 - 144s/epoch - 922ms/step
Epoch 3/60
Validation cm: [[284   0   0   0]
 [190   0   0   0]
 [ 43   0   0   0]
 [ 33   0   0   0]]
Validation normalized_cm: [[1. 0. 0. 0.]
 [1. 0. 0. 0.]
 [1. 0. 0. 0.]
 [1. 0. 0. 0.]]
Validation acc: 0.5163636363636364
Validation class_accuracies: [1.0, 0.0, 0.0, 0.0]
Validation sensitivity: 0.0
Validation specificity: 1.0
Validation icbhi_score: 0.5
Validation roc_auc: None
Validation avg_accuracy: 0.25
Validation one_indexed_epoch: 3
156/156 - 144s - loss: 0.6471 - accuracy: 0.8571 - 144s/epoch - 924ms/step
Epoch 4/60
Validation cm: [[284   0   0   0]
 [190   0   0   0]
 [ 43   0   0   0]
 [ 33   0   0   0]]
Validation normalized_cm: [[1. 0. 0. 0.]
 [1. 0. 0. 0.]
 [1. 0. 0. 0.]
 [1. 0. 0. 0.]]
Validation acc: 0.5163636363636364
Validation class_accuracies: [1.0, 0.0, 0.0, 0.0]
Validation sensitivity: 0.0
Validation specificity: 1.0
Validation icbhi_score: 0.5
Validation roc_auc: None
Validation avg_accuracy: 0.25
Validation one_indexed_epoch: 4
156/156 - 143s - loss: 0.6436 - accuracy: 0.8567 - 143s/epoch - 919ms/step
Epoch 5/60
Validation cm: [[284   0   0   0]
 [190   0   0   0]
 [ 43   0   0   0]
 [ 33   0   0   0]]
Validation normalized_cm: [[1. 0. 0. 0.]
 [1. 0. 0. 0.]
 [1. 0. 0. 0.]
 [1. 0. 0. 0.]]
Validation acc: 0.5163636363636364
Validation class_accuracies: [1.0, 0.0, 0.0, 0.0]
Validation sensitivity: 0.0
Validation specificity: 1.0
Validation icbhi_score: 0.5
Validation roc_auc: None
Validation avg_accuracy: 0.25
Validation one_indexed_epoch: 5
156/156 - 145s - loss: 0.6361 - accuracy: 0.8583 - 145s/epoch - 929ms/step
Epoch 6/60
Validation cm: [[284   0   0   0]
 [190   0   0   0]
 [ 43   0   0   0]
 [ 33   0   0   0]]
Validation normalized_cm: [[1. 0. 0. 0.]
 [1. 0. 0. 0.]
 [1. 0. 0. 0.]
 [1. 0. 0. 0.]]
Validation acc: 0.5163636363636364
Validation class_accuracies: [1.0, 0.0, 0.0, 0.0]
Validation sensitivity: 0.0
Validation specificity: 1.0
Validation icbhi_score: 0.5
Validation roc_auc: None
Validation avg_accuracy: 0.25
Validation one_indexed_epoch: 6
156/156 - 146s - loss: 0.6207 - accuracy: 0.8555 - 146s/epoch - 937ms/step
Epoch 7/60
Validation cm: [[227   0  42  15]
 [169   0  19   2]
 [ 29   0   5   9]
 [ 17   1   4  11]]
Validation normalized_cm: [[0.799 0.    0.148 0.053]
 [0.889 0.    0.1   0.011]
 [0.674 0.    0.116 0.209]
 [0.515 0.03  0.121 0.333]]
Validation acc: 0.44181818181818183
Validation class_accuracies: [0.7992957746478874, 0.0, 0.11627906976744186, 0.3333333333333333]
Validation sensitivity: 0.06015037593984962
Validation specificity: 0.7992957746478874
Validation icbhi_score: 0.4297230752938685
Validation roc_auc: None
Validation avg_accuracy: 0.31222704443716565
Validation one_indexed_epoch: 7
-- New best results were achieved. --
156/156 - 147s - loss: 0.6037 - accuracy: 0.8299 - 147s/epoch - 942ms/step
Epoch 8/60
Validation cm: [[117   0  79  88]
 [ 97   0  48  45]
 [  7   0  13  23]
 [  4   0   5  24]]
Validation normalized_cm: [[0.412 0.    0.278 0.31 ]
 [0.511 0.    0.253 0.237]
 [0.163 0.    0.302 0.535]
 [0.121 0.    0.152 0.727]]
Validation acc: 0.28
Validation class_accuracies: [0.4119718309859155, 0.0, 0.3023255813953488, 0.7272727272727273]
Validation sensitivity: 0.13909774436090225
Validation specificity: 0.4119718309859155
Validation icbhi_score: 0.2755347876734089
Validation roc_auc: None
Validation avg_accuracy: 0.3603925349134979
Validation one_indexed_epoch: 8
-- New best results were achieved. --
156/156 - 147s - loss: 0.5924 - accuracy: 0.7994 - 147s/epoch - 942ms/step
Epoch 9/60
Validation cm: [[  0   0 284   0]
 [  0   0 190   0]
 [  0   0  43   0]
 [  0   0  33   0]]
Validation normalized_cm: [[0. 0. 1. 0.]
 [0. 0. 1. 0.]
 [0. 0. 1. 0.]
 [0. 0. 1. 0.]]
Validation acc: 0.07818181818181819
Validation class_accuracies: [0.0, 0.0, 1.0, 0.0]
Validation sensitivity: 0.16165413533834586
Validation specificity: 0.0
Validation icbhi_score: 0.08082706766917293
Validation roc_auc: None
Validation avg_accuracy: 0.25
Validation one_indexed_epoch: 9
156/156 - 146s - loss: 0.5705 - accuracy: 0.8102 - 146s/epoch - 934ms/step
Epoch 10/60
New learning rate for frontend 
5e-05
New learning rate for backend 
0.0005
Validation cm: [[194   0  90   0]
 [148   0  42   0]
 [ 13   0  30   0]
 [  5   0  28   0]]
Validation normalized_cm: [[0.683 0.    0.317 0.   ]
 [0.779 0.    0.221 0.   ]
 [0.302 0.    0.698 0.   ]
 [0.152 0.    0.848 0.   ]]
Validation acc: 0.4072727272727273
Validation class_accuracies: [0.6830985915492958, 0.0, 0.6976744186046512, 0.0]
Validation sensitivity: 0.11278195488721804
Validation specificity: 0.6830985915492958
Validation icbhi_score: 0.39794027321825687
Validation roc_auc: None
Validation avg_accuracy: 0.34519325253848676
Validation one_indexed_epoch: 10
156/156 - 146s - loss: 0.5637 - accuracy: 0.8026 - 146s/epoch - 934ms/step
Epoch 11/60
Validation cm: [[131   0 153   0]
 [ 69   0 121   0]
 [  7   0  36   0]
 [  2   0  31   0]]
Validation normalized_cm: [[0.461 0.    0.539 0.   ]
 [0.363 0.    0.637 0.   ]
 [0.163 0.    0.837 0.   ]
 [0.061 0.    0.939 0.   ]]
Validation acc: 0.30363636363636365
Validation class_accuracies: [0.4612676056338028, 0.0, 0.8372093023255814, 0.0]
Validation sensitivity: 0.13533834586466165
Validation specificity: 0.4612676056338028
Validation icbhi_score: 0.29830297574923226
Validation roc_auc: None
Validation avg_accuracy: 0.3246192269898461
Validation one_indexed_epoch: 11
156/156 - 145s - loss: 0.5243 - accuracy: 0.7961 - 145s/epoch - 930ms/step
Epoch 12/60
Validation cm: [[ 74   5  19 186]
 [ 39   3   7 141]
 [  4   0   8  31]
 [  2   0  18  13]]
Validation normalized_cm: [[0.261 0.018 0.067 0.655]
 [0.205 0.016 0.037 0.742]
 [0.093 0.    0.186 0.721]
 [0.061 0.    0.545 0.394]]
Validation acc: 0.1781818181818182
Validation class_accuracies: [0.2605633802816901, 0.015789473684210527, 0.18604651162790697, 0.3939393939393939]
Validation sensitivity: 0.09022556390977443
Validation specificity: 0.2605633802816901
Validation icbhi_score: 0.17539447209573228
Validation roc_auc: None
Validation avg_accuracy: 0.21408468988330037
Validation one_indexed_epoch: 12
156/156 - 145s - loss: 0.5065 - accuracy: 0.7965 - 145s/epoch - 927ms/step
Epoch 13/60
Validation cm: [[142   8 119  15]
 [ 89   5  78  18]
 [  9   0  29   5]
 [  4   0  27   2]]
Validation normalized_cm: [[0.5   0.028 0.419 0.053]
 [0.468 0.026 0.411 0.095]
 [0.209 0.    0.674 0.116]
 [0.121 0.    0.818 0.061]]
Validation acc: 0.3236363636363636
Validation class_accuracies: [0.5, 0.02631578947368421, 0.6744186046511628, 0.06060606060606061]
Validation sensitivity: 0.13533834586466165
Validation specificity: 0.5
Validation icbhi_score: 0.3176691729323308
Validation roc_auc: None
Validation avg_accuracy: 0.3153351136827269
Validation one_indexed_epoch: 13
156/156 - 143s - loss: 0.4705 - accuracy: 0.8134 - 143s/epoch - 920ms/step
Epoch 14/60
Validation cm: [[  5   2 270   7]
 [  3   1 183   3]
 [  0   0  43   0]
 [  0   0  33   0]]
Validation normalized_cm: [[0.018 0.007 0.951 0.025]
 [0.016 0.005 0.963 0.016]
 [0.    0.    1.    0.   ]
 [0.    0.    1.    0.   ]]
Validation acc: 0.0890909090909091
Validation class_accuracies: [0.017605633802816902, 0.005263157894736842, 1.0, 0.0]
Validation sensitivity: 0.16541353383458646
Validation specificity: 0.017605633802816902
Validation icbhi_score: 0.09150958381870168
Validation roc_auc: None
Validation avg_accuracy: 0.25571719792438846
Validation one_indexed_epoch: 14
156/156 - 145s - loss: 0.4620 - accuracy: 0.8242 - 145s/epoch - 928ms/step
Epoch 15/60
Validation cm: [[101  32  80  71]
 [ 71  25  41  53]
 [  8   6  23   6]
 [  3   0  25   5]]
Validation normalized_cm: [[0.356 0.113 0.282 0.25 ]
 [0.374 0.132 0.216 0.279]
 [0.186 0.14  0.535 0.14 ]
 [0.091 0.    0.758 0.152]]
Validation acc: 0.28
Validation class_accuracies: [0.35563380281690143, 0.13157894736842105, 0.5348837209302325, 0.15151515151515152]
Validation sensitivity: 0.19924812030075187
Validation specificity: 0.35563380281690143
Validation icbhi_score: 0.27744096155882664
Validation roc_auc: None
Validation avg_accuracy: 0.2934029056576766
Validation one_indexed_epoch: 15
156/156 - 144s - loss: 0.4702 - accuracy: 0.8250 - 144s/epoch - 924ms/step
Epoch 16/60
Validation cm: [[134  57  35  58]
 [101  43  11  35]
 [ 11   6  17   9]
 [  3   4  18   8]]
Validation normalized_cm: [[0.472 0.201 0.123 0.204]
 [0.532 0.226 0.058 0.184]
 [0.256 0.14  0.395 0.209]
 [0.091 0.121 0.545 0.242]]
Validation acc: 0.36727272727272725
Validation class_accuracies: [0.47183098591549294, 0.22631578947368422, 0.3953488372093023, 0.24242424242424243]
Validation sensitivity: 0.2556390977443609
Validation specificity: 0.47183098591549294
Validation icbhi_score: 0.3637350418299269
Validation roc_auc: None
Validation avg_accuracy: 0.33397996375568045
Validation one_indexed_epoch: 16
156/156 - 145s - loss: 0.4481 - accuracy: 0.8254 - 145s/epoch - 927ms/step
Epoch 17/60
Validation cm: [[ 59  65  34 126]
 [ 40  44  13  93]
 [  1   2  18  22]
 [  0   1  23   9]]
Validation normalized_cm: [[0.208 0.229 0.12  0.444]
 [0.211 0.232 0.068 0.489]
 [0.023 0.047 0.419 0.512]
 [0.    0.03  0.697 0.273]]
Validation acc: 0.23636363636363636
Validation class_accuracies: [0.20774647887323944, 0.23157894736842105, 0.4186046511627907, 0.2727272727272727]
Validation sensitivity: 0.2669172932330827
Validation specificity: 0.20774647887323944
Validation icbhi_score: 0.23733188605316108
Validation roc_auc: None
Validation avg_accuracy: 0.28266433753293096
Validation one_indexed_epoch: 17
156/156 - 146s - loss: 0.4218 - accuracy: 0.8323 - 146s/epoch - 935ms/step
Epoch 18/60
Validation cm: [[ 54  69 118  43]
 [ 21  50  82  37]
 [  3   5  30   5]
 [  0   0  32   1]]
Validation normalized_cm: [[0.19  0.243 0.415 0.151]
 [0.111 0.263 0.432 0.195]
 [0.07  0.116 0.698 0.116]
 [0.    0.    0.97  0.03 ]]
Validation acc: 0.24545454545454545
Validation class_accuracies: [0.19014084507042253, 0.2631578947368421, 0.6976744186046512, 0.030303030303030304]
Validation sensitivity: 0.30451127819548873
Validation specificity: 0.19014084507042253
Validation icbhi_score: 0.24732606163295562
Validation roc_auc: None
Validation avg_accuracy: 0.2953190471787365
Validation one_indexed_epoch: 18
156/156 - 147s - loss: 0.4157 - accuracy: 0.8499 - 147s/epoch - 941ms/step
Epoch 19/60
Validation cm: [[ 29  79 140  36]
 [ 17  49  84  40]
 [  0   4  33   6]
 [  0   2  29   2]]
Validation normalized_cm: [[0.102 0.278 0.493 0.127]
 [0.089 0.258 0.442 0.211]
 [0.    0.093 0.767 0.14 ]
 [0.    0.061 0.879 0.061]]
Validation acc: 0.20545454545454545
Validation class_accuracies: [0.10211267605633803, 0.2578947368421053, 0.7674418604651163, 0.06060606060606061]
Validation sensitivity: 0.3157894736842105
Validation specificity: 0.10211267605633803
Validation icbhi_score: 0.20895107487027426
Validation roc_auc: None
Validation avg_accuracy: 0.29701383349240507
Validation one_indexed_epoch: 19
156/156 - 146s - loss: 0.4176 - accuracy: 0.8427 - 146s/epoch - 938ms/step
Epoch 20/60
New learning rate for frontend 
5e-05
New learning rate for backend 
0.0005
Validation cm: [[107 104  36  37]
 [ 63  89  17  21]
 [ 10  12  15   6]
 [ 11   4  14   4]]
Validation normalized_cm: [[0.377 0.366 0.127 0.13 ]
 [0.332 0.468 0.089 0.111]
 [0.233 0.279 0.349 0.14 ]
 [0.333 0.121 0.424 0.121]]
Validation acc: 0.39090909090909093
Validation class_accuracies: [0.3767605633802817, 0.46842105263157896, 0.3488372093023256, 0.12121212121212122]
Validation sensitivity: 0.40601503759398494
Validation specificity: 0.3767605633802817
Validation icbhi_score: 0.3913878004871333
Validation roc_auc: None
Validation avg_accuracy: 0.3288077366315768
Validation one_indexed_epoch: 20
156/156 - 145s - loss: 0.3860 - accuracy: 0.8487 - 145s/epoch - 932ms/step
Epoch 21/60
Validation cm: [[  2  75 132  75]
 [  0  45  88  57]
 [  0   3  30  10]
 [  0   0  33   0]]
Validation normalized_cm: [[0.007 0.264 0.465 0.264]
 [0.    0.237 0.463 0.3  ]
 [0.    0.07  0.698 0.233]
 [0.    0.    1.    0.   ]]
Validation acc: 0.14
Validation class_accuracies: [0.007042253521126761, 0.23684210526315788, 0.6976744186046512, 0.0]
Validation sensitivity: 0.2819548872180451
Validation specificity: 0.007042253521126761
Validation icbhi_score: 0.14449857036958594
Validation roc_auc: None
Validation avg_accuracy: 0.23538969434723395
Validation one_indexed_epoch: 21
156/156 - 144s - loss: 0.3780 - accuracy: 0.8467 - 144s/epoch - 925ms/step
Epoch 22/60
Validation cm: [[ 48 141   7  88]
 [ 24 101   4  61]
 [  0  12  12  19]
 [  0   4  17  12]]
Validation normalized_cm: [[0.169 0.496 0.025 0.31 ]
 [0.126 0.532 0.021 0.321]
 [0.    0.279 0.279 0.442]
 [0.    0.121 0.515 0.364]]
Validation acc: 0.3145454545454546
Validation class_accuracies: [0.16901408450704225, 0.531578947368421, 0.27906976744186046, 0.36363636363636365]
Validation sensitivity: 0.4699248120300752
Validation specificity: 0.16901408450704225
Validation icbhi_score: 0.3194694482685587
Validation roc_auc: None
Validation avg_accuracy: 0.33582479073842186
Validation one_indexed_epoch: 22
156/156 - 143s - loss: 0.3706 - accuracy: 0.8555 - 143s/epoch - 917ms/step
Epoch 23/60
Validation cm: [[112 128  19  25]
 [ 67  94   7  22]
 [  7  14  13   9]
 [  2   7  16   8]]
Validation normalized_cm: [[0.394 0.451 0.067 0.088]
 [0.353 0.495 0.037 0.116]
 [0.163 0.326 0.302 0.209]
 [0.061 0.212 0.485 0.242]]
Validation acc: 0.4127272727272727
Validation class_accuracies: [0.39436619718309857, 0.49473684210526314, 0.3023255813953488, 0.24242424242424243]
Validation sensitivity: 0.4323308270676692
Validation specificity: 0.39436619718309857
Validation icbhi_score: 0.41334851212538387
Validation roc_auc: None
Validation avg_accuracy: 0.3584632157769882
Validation one_indexed_epoch: 23
156/156 - 145s - loss: 0.3417 - accuracy: 0.8519 - 145s/epoch - 930ms/step
Epoch 24/60
Validation cm: [[150  91  16  27]
 [ 81  88   6  15]
 [ 13  13   5  12]
 [  2   7  12  12]]
Validation normalized_cm: [[0.528 0.32  0.056 0.095]
 [0.426 0.463 0.032 0.079]
 [0.302 0.302 0.116 0.279]
 [0.061 0.212 0.364 0.364]]
Validation acc: 0.4636363636363636
Validation class_accuracies: [0.528169014084507, 0.4631578947368421, 0.11627906976744186, 0.36363636363636365]
Validation sensitivity: 0.39473684210526316
Validation specificity: 0.528169014084507
Validation icbhi_score: 0.4614529280948851
Validation roc_auc: None
Validation avg_accuracy: 0.36781058555628865
Validation one_indexed_epoch: 24
-- New best results were achieved. --
156/156 - 144s - loss: 0.3365 - accuracy: 0.8535 - 144s/epoch - 923ms/step
Epoch 25/60
Validation cm: [[ 28 159  13  84]
 [ 15  97   6  72]
 [  0  12  10  21]
 [  0   5  14  14]]
Validation normalized_cm: [[0.099 0.56  0.046 0.296]
 [0.079 0.511 0.032 0.379]
 [0.    0.279 0.233 0.488]
 [0.    0.152 0.424 0.424]]
Validation acc: 0.27090909090909093
Validation class_accuracies: [0.09859154929577464, 0.5105263157894737, 0.23255813953488372, 0.42424242424242425]
Validation sensitivity: 0.4548872180451128
Validation specificity: 0.09859154929577464
Validation icbhi_score: 0.2767393836704437
Validation roc_auc: None
Validation avg_accuracy: 0.31647960721563906
Validation one_indexed_epoch: 25
156/156 - 144s - loss: 0.2968 - accuracy: 0.8608 - 144s/epoch - 925ms/step
Epoch 26/60
Validation cm: [[ 84 157  22  21]
 [ 44 117   9  20]
 [  3  19  13   8]
 [  1   7  18   7]]
Validation normalized_cm: [[0.296 0.553 0.077 0.074]
 [0.232 0.616 0.047 0.105]
 [0.07  0.442 0.302 0.186]
 [0.03  0.212 0.545 0.212]]
Validation acc: 0.4018181818181818
Validation class_accuracies: [0.29577464788732394, 0.6157894736842106, 0.3023255813953488, 0.21212121212121213]
Validation sensitivity: 0.5150375939849624
Validation specificity: 0.29577464788732394
Validation icbhi_score: 0.40540612093614314
Validation roc_auc: None
Validation avg_accuracy: 0.3565027287720239
Validation one_indexed_epoch: 26
156/156 - 144s - loss: 0.2996 - accuracy: 0.8563 - 144s/epoch - 921ms/step
Epoch 27/60
Validation cm: [[138 110  15  21]
 [ 73  95   6  16]
 [  9  17  10   7]
 [  3   7  15   8]]
Validation normalized_cm: [[0.486 0.387 0.053 0.074]
 [0.384 0.5   0.032 0.084]
 [0.209 0.395 0.233 0.163]
 [0.091 0.212 0.455 0.242]]
Validation acc: 0.45636363636363636
Validation class_accuracies: [0.4859154929577465, 0.5, 0.23255813953488372, 0.24242424242424243]
Validation sensitivity: 0.424812030075188
Validation specificity: 0.4859154929577465
Validation icbhi_score: 0.45536376151646724
Validation roc_auc: None
Validation avg_accuracy: 0.36522446872921815
Validation one_indexed_epoch: 27
156/156 - 143s - loss: 0.2956 - accuracy: 0.8551 - 143s/epoch - 918ms/step
Epoch 28/60
Validation cm: [[ 40 177  38  29]
 [ 24 122  22  22]
 [  3  16  20   4]
 [  1   5  24   3]]
Validation normalized_cm: [[0.141 0.623 0.134 0.102]
 [0.126 0.642 0.116 0.116]
 [0.07  0.372 0.465 0.093]
 [0.03  0.152 0.727 0.091]]
Validation acc: 0.33636363636363636
Validation class_accuracies: [0.14084507042253522, 0.6421052631578947, 0.46511627906976744, 0.09090909090909091]
Validation sensitivity: 0.5451127819548872
Validation specificity: 0.14084507042253522
Validation icbhi_score: 0.34297892618871123
Validation roc_auc: None
Validation avg_accuracy: 0.33474392588982205
Validation one_indexed_epoch: 28
156/156 - 142s - loss: 0.2480 - accuracy: 0.8620 - 142s/epoch - 909ms/step
Epoch 29/60
Validation cm: [[144 127  10   3]
 [ 94  86   2   8]
 [ 12  20   3   8]
 [  4  16   7   6]]
Validation normalized_cm: [[0.507 0.447 0.035 0.011]
 [0.495 0.453 0.011 0.042]
 [0.279 0.465 0.07  0.186]
 [0.121 0.485 0.212 0.182]]
Validation acc: 0.43454545454545457
Validation class_accuracies: [0.5070422535211268, 0.45263157894736844, 0.06976744186046512, 0.18181818181818182]
Validation sensitivity: 0.35714285714285715
Validation specificity: 0.5070422535211268
Validation icbhi_score: 0.432092555331992
Validation roc_auc: None
Validation avg_accuracy: 0.30281486403678554
Validation one_indexed_epoch: 29
156/156 - 142s - loss: 0.2306 - accuracy: 0.8632 - 142s/epoch - 913ms/step
Epoch 30/60
New learning rate for frontend 
5e-05
New learning rate for backend 
0.0005
Validation cm: [[ 59 165  19  41]
 [ 32 114  13  31]
 [  4  15  16   8]
 [  0   5  22   6]]
Validation normalized_cm: [[0.208 0.581 0.067 0.144]
 [0.168 0.6   0.068 0.163]
 [0.093 0.349 0.372 0.186]
 [0.    0.152 0.667 0.182]]
Validation acc: 0.35454545454545455
Validation class_accuracies: [0.20774647887323944, 0.6, 0.37209302325581395, 0.18181818181818182]
Validation sensitivity: 0.5112781954887218
Validation specificity: 0.20774647887323944
Validation icbhi_score: 0.35951233718098063
Validation roc_auc: None
Validation avg_accuracy: 0.3404144209868088
Validation one_indexed_epoch: 30
156/156 - 143s - loss: 0.2138 - accuracy: 0.8660 - 143s/epoch - 914ms/step
Epoch 31/60
Validation cm: [[ 58 137  40  49]
 [ 29  97  21  43]
 [  4   7  19  13]
 [  0   5  21   7]]
Validation normalized_cm: [[0.204 0.482 0.141 0.173]
 [0.153 0.511 0.111 0.226]
 [0.093 0.163 0.442 0.302]
 [0.    0.152 0.636 0.212]]
Validation acc: 0.3290909090909091
Validation class_accuracies: [0.20422535211267606, 0.5105263157894737, 0.4418604651162791, 0.21212121212121213]
Validation sensitivity: 0.462406015037594
Validation specificity: 0.20422535211267606
Validation icbhi_score: 0.333315683575135
Validation roc_auc: None
Validation avg_accuracy: 0.3421833362849102
Validation one_indexed_epoch: 31
156/156 - 145s - loss: 0.2014 - accuracy: 0.8628 - 145s/epoch - 930ms/step
Epoch 32/60
Validation cm: [[116 112  34  22]
 [ 69  78  20  23]
 [  6  14  15   8]
 [  4   4  23   2]]
Validation normalized_cm: [[0.408 0.394 0.12  0.077]
 [0.363 0.411 0.105 0.121]
 [0.14  0.326 0.349 0.186]
 [0.121 0.121 0.697 0.061]]
Validation acc: 0.3836363636363636
Validation class_accuracies: [0.4084507042253521, 0.4105263157894737, 0.3488372093023256, 0.06060606060606061]
Validation sensitivity: 0.35714285714285715
Validation specificity: 0.4084507042253521
Validation icbhi_score: 0.3827967806841046
Validation roc_auc: None
Validation avg_accuracy: 0.307105072480803
Validation one_indexed_epoch: 32
156/156 - 146s - loss: 0.2127 - accuracy: 0.8591 - 146s/epoch - 936ms/step
Epoch 33/60
Validation cm: [[ 72 168  18  26]
 [ 29 138   7  16]
 [  4  20   6  13]
 [  6   5  16   6]]
Validation normalized_cm: [[0.254 0.592 0.063 0.092]
 [0.153 0.726 0.037 0.084]
 [0.093 0.465 0.14  0.302]
 [0.182 0.152 0.485 0.182]]
Validation acc: 0.4036363636363636
Validation class_accuracies: [0.2535211267605634, 0.7263157894736842, 0.13953488372093023, 0.18181818181818182]
Validation sensitivity: 0.5639097744360902
Validation specificity: 0.2535211267605634
Validation icbhi_score: 0.4087154505983268
Validation roc_auc: None
Validation avg_accuracy: 0.3252974954433399
Validation one_indexed_epoch: 33
156/156 - 148s - loss: 0.1838 - accuracy: 0.8692 - 148s/epoch - 947ms/step
Epoch 34/60
Validation cm: [[125 120  14  25]
 [ 77  91   7  15]
 [ 11  18   4  10]
 [  3   8  11  11]]
Validation normalized_cm: [[0.44  0.423 0.049 0.088]
 [0.405 0.479 0.037 0.079]
 [0.256 0.419 0.093 0.233]
 [0.091 0.242 0.333 0.333]]
Validation acc: 0.42
Validation class_accuracies: [0.44014084507042256, 0.4789473684210526, 0.09302325581395349, 0.3333333333333333]
Validation sensitivity: 0.39849624060150374
Validation specificity: 0.44014084507042256
Validation icbhi_score: 0.41931854283596315
Validation roc_auc: None
Validation avg_accuracy: 0.3363612006596905
Validation one_indexed_epoch: 34
156/156 - 147s - loss: 0.1820 - accuracy: 0.8656 - 147s/epoch - 941ms/step
Epoch 35/60
Validation cm: [[ 58 168  15  43]
 [ 31 124   7  28]
 [  5  16   8  14]
 [  1   5  14  13]]
Validation normalized_cm: [[0.204 0.592 0.053 0.151]
 [0.163 0.653 0.037 0.147]
 [0.116 0.372 0.186 0.326]
 [0.03  0.152 0.424 0.394]]
Validation acc: 0.3690909090909091
Validation class_accuracies: [0.20422535211267606, 0.6526315789473685, 0.18604651162790697, 0.3939393939393939]
Validation sensitivity: 0.5451127819548872
Validation specificity: 0.20422535211267606
Validation icbhi_score: 0.37466906703378167
Validation roc_auc: None
Validation avg_accuracy: 0.3592107091568364
Validation one_indexed_epoch: 35
156/156 - 148s - loss: 0.1574 - accuracy: 0.8716 - 148s/epoch - 950ms/step
Epoch 36/60
Validation cm: [[ 98 169   5  12]
 [ 55 125   1   9]
 [  6  24   1  12]
 [  2  10   8  13]]
Validation normalized_cm: [[0.345 0.595 0.018 0.042]
 [0.289 0.658 0.005 0.047]
 [0.14  0.558 0.023 0.279]
 [0.061 0.303 0.242 0.394]]
Validation acc: 0.4309090909090909
Validation class_accuracies: [0.34507042253521125, 0.6578947368421053, 0.023255813953488372, 0.3939393939393939]
Validation sensitivity: 0.5225563909774437
Validation specificity: 0.34507042253521125
Validation icbhi_score: 0.43381340675632746
Validation roc_auc: None
Validation avg_accuracy: 0.3550400918175497
Validation one_indexed_epoch: 36
156/156 - 148s - loss: 0.1781 - accuracy: 0.8716 - 148s/epoch - 950ms/step
Epoch 37/60
