Tensorflow Version: 2.8.0
Num GPUs Available:  1
Collecting Variables...
All variables have been collected.
../cache/
cw
train90
Description: model9
-----------------------
Job id is 1.
- Loading Icbhi.
725 Icbhi audios have been loaded.
- Preparing Icbhi.
112 Icbhi groups of audio chunks (by filename or patients) have been prepared.
--- Samples are being split into training/val groups and de-grouped by patient ---
--- Icbhi training dataset went from 0 to 2492 elements, with 954 none's, 810 crakles, 344 wheezes and 340 both ---
--- Icbhi Validation dataset contains 550 elements, with 282 none, 189 crackles, 43 wheezes and 33 both ---
0
0
0
0
-----------------------
--- Final training dataset went from 0 to 2492 elements, with 954 none's, 810 crakles, 344 wheezes and 340 both ---
--- Final Validation dataset contains 550 elements, with 282 none, 189 crackles, 43 wheezes and 33 both ---
Model: "leaf_model9_model"
______________________________________________________________________________________________________________
 Layer (type)                                    Output Shape                                Param #          
==============================================================================================================
 leaf (Leaf)                                     multiple                                    560              
                                                                                                              
 sequential (Sequential)                         (None, 80, 250, 1)                          4                
                                                                                                              
 sequential_1 (Sequential)                       (None, 80, 250, 16)                         2352             
                                                                                                              
 sequential_2 (Sequential)                       (None, 80, 250, 16)                         6448             
                                                                                                              
 sequential_3 (Sequential)                       (None, 80, 250, 16)                         32               
                                                                                                              
 concatenate (Concatenate)                       multiple                                    0                
                                                                                                              
 sequential_4 (Sequential)                       (None, 2)                                   6192322          
                                                                                                              
==============================================================================================================
Total params: 6,201,718
Trainable params: 6,159,972
Non-trainable params: 41,746
______________________________________________________________________________________________________________
Target metric is avg_accuracy
Epoch 1/60
Validation cm: [[  0 284   0   0]
 [  0 190   0   0]
 [  0  43   0   0]
 [  0  33   0   0]]
Validation normalized_cm: [[0. 1. 0. 0.]
 [0. 1. 0. 0.]
 [0. 1. 0. 0.]
 [0. 1. 0. 0.]]
Validation acc: 0.34545454545454546
Validation class_accuracies: [0.0, 1.0, 0.0, 0.0]
Validation sensitivity: 0.7142857142857143
Validation specificity: 0.0
Validation icbhi_score: 0.35714285714285715
Validation roc_auc: None
Validation avg_accuracy: 0.25
Validation one_indexed_epoch: 1
-- New best results were achieved. --
156/156 - 143s - loss: 0.7497 - accuracy: 0.7568 - 143s/epoch - 919ms/step
Epoch 2/60
Validation cm: [[  0 284   0   0]
 [  0 190   0   0]
 [  0  43   0   0]
 [  0  33   0   0]]
Validation normalized_cm: [[0. 1. 0. 0.]
 [0. 1. 0. 0.]
 [0. 1. 0. 0.]
 [0. 1. 0. 0.]]
Validation acc: 0.34545454545454546
Validation class_accuracies: [0.0, 1.0, 0.0, 0.0]
Validation sensitivity: 0.7142857142857143
Validation specificity: 0.0
Validation icbhi_score: 0.35714285714285715
Validation roc_auc: None
Validation avg_accuracy: 0.25
Validation one_indexed_epoch: 2
156/156 - 133s - loss: 0.5907 - accuracy: 0.8118 - 133s/epoch - 855ms/step
Epoch 3/60
Validation cm: [[284   0   0   0]
 [190   0   0   0]
 [ 43   0   0   0]
 [ 33   0   0   0]]
Validation normalized_cm: [[1. 0. 0. 0.]
 [1. 0. 0. 0.]
 [1. 0. 0. 0.]
 [1. 0. 0. 0.]]
Validation acc: 0.5163636363636364
Validation class_accuracies: [1.0, 0.0, 0.0, 0.0]
Validation sensitivity: 0.0
Validation specificity: 1.0
Validation icbhi_score: 0.5
Validation roc_auc: None
Validation avg_accuracy: 0.25
Validation one_indexed_epoch: 3
156/156 - 134s - loss: 0.5614 - accuracy: 0.8182 - 134s/epoch - 856ms/step
Epoch 4/60
Validation cm: [[238  46   0   0]
 [135  55   0   0]
 [ 35   8   0   0]
 [ 27   6   0   0]]
Validation normalized_cm: [[0.838 0.162 0.    0.   ]
 [0.711 0.289 0.    0.   ]
 [0.814 0.186 0.    0.   ]
 [0.818 0.182 0.    0.   ]]
Validation acc: 0.5327272727272727
Validation class_accuracies: [0.8380281690140845, 0.2894736842105263, 0.0, 0.0]
Validation sensitivity: 0.20676691729323307
Validation specificity: 0.8380281690140845
Validation icbhi_score: 0.5223975431536588
Validation roc_auc: None
Validation avg_accuracy: 0.2818754633061527
Validation one_indexed_epoch: 4
-- New best results were achieved. --
156/156 - 133s - loss: 0.5415 - accuracy: 0.8166 - 133s/epoch - 854ms/step
Epoch 5/60
Validation cm: [[261   1  22   0]
 [163  16  11   0]
 [ 29   0  14   0]
 [ 22   0  11   0]]
Validation normalized_cm: [[0.919 0.004 0.077 0.   ]
 [0.858 0.084 0.058 0.   ]
 [0.674 0.    0.326 0.   ]
 [0.667 0.    0.333 0.   ]]
Validation acc: 0.5290909090909091
Validation class_accuracies: [0.9190140845070423, 0.08421052631578947, 0.32558139534883723, 0.0]
Validation sensitivity: 0.11278195488721804
Validation specificity: 0.9190140845070423
Validation icbhi_score: 0.5158980196971301
Validation roc_auc: None
Validation avg_accuracy: 0.3322015015429173
Validation one_indexed_epoch: 5
-- New best results were achieved. --
156/156 - 134s - loss: 0.5235 - accuracy: 0.8218 - 134s/epoch - 860ms/step
Epoch 6/60
Validation cm: [[150 132   0   2]
 [ 65 124   1   0]
 [  5  17  10  11]
 [  1   7   8  17]]
Validation normalized_cm: [[0.528 0.465 0.    0.007]
 [0.342 0.653 0.005 0.   ]
 [0.116 0.395 0.233 0.256]
 [0.03  0.212 0.242 0.515]]
Validation acc: 0.5472727272727272
Validation class_accuracies: [0.528169014084507, 0.6526315789473685, 0.23255813953488372, 0.5151515151515151]
Validation sensitivity: 0.5676691729323309
Validation specificity: 0.528169014084507
Validation icbhi_score: 0.5479190935084189
Validation roc_auc: None
Validation avg_accuracy: 0.48212756192956857
Validation one_indexed_epoch: 6
-- New best results were achieved. --
156/156 - 135s - loss: 0.5141 - accuracy: 0.8086 - 135s/epoch - 865ms/step
Epoch 7/60
Validation cm: [[250  23   8   3]
 [131  57   2   0]
 [ 21   1  18   3]
 [ 11   0  21   1]]
Validation normalized_cm: [[0.88  0.081 0.028 0.011]
 [0.689 0.3   0.011 0.   ]
 [0.488 0.023 0.419 0.07 ]
 [0.333 0.    0.636 0.03 ]]
Validation acc: 0.5927272727272728
Validation class_accuracies: [0.8802816901408451, 0.3, 0.4186046511627907, 0.030303030303030304]
Validation sensitivity: 0.2857142857142857
Validation specificity: 0.8802816901408451
Validation icbhi_score: 0.5829979879275654
Validation roc_auc: None
Validation avg_accuracy: 0.4072973429016665
Validation one_indexed_epoch: 7
156/156 - 137s - loss: 0.4938 - accuracy: 0.8190 - 137s/epoch - 875ms/step
Epoch 8/60
Validation cm: [[260  21   0   3]
 [154  33   3   0]
 [ 25   2  10   6]
 [ 14   0  11   8]]
Validation normalized_cm: [[0.915 0.074 0.    0.011]
 [0.811 0.174 0.016 0.   ]
 [0.581 0.047 0.233 0.14 ]
 [0.424 0.    0.333 0.242]]
Validation acc: 0.5654545454545454
Validation class_accuracies: [0.9154929577464789, 0.1736842105263158, 0.23255813953488372, 0.24242424242424243]
Validation sensitivity: 0.19172932330827067
Validation specificity: 0.9154929577464789
Validation icbhi_score: 0.5536111405273748
Validation roc_auc: None
Validation avg_accuracy: 0.3910398875579802
Validation one_indexed_epoch: 8
156/156 - 136s - loss: 0.4832 - accuracy: 0.8026 - 136s/epoch - 871ms/step
Epoch 9/60
Validation cm: [[ 94 166   3  21]
 [ 22 158   1   9]
 [  5  17   4  17]
 [  1  14   8  10]]
Validation normalized_cm: [[0.331 0.585 0.011 0.074]
 [0.116 0.832 0.005 0.047]
 [0.116 0.395 0.093 0.395]
 [0.03  0.424 0.242 0.303]]
Validation acc: 0.48363636363636364
Validation class_accuracies: [0.33098591549295775, 0.8315789473684211, 0.09302325581395349, 0.30303030303030304]
Validation sensitivity: 0.6466165413533834
Validation specificity: 0.33098591549295775
Validation icbhi_score: 0.4888012284231706
Validation roc_auc: None
Validation avg_accuracy: 0.38965460542640884
Validation one_indexed_epoch: 9
156/156 - 137s - loss: 0.4644 - accuracy: 0.8130 - 137s/epoch - 879ms/step
Epoch 10/60
New learning rate for frontend 
5e-05
New learning rate for backend 
0.0005
Validation cm: [[ 37 187   1  59]
 [  6 150   1  33]
 [  0  13   2  28]
 [  0   6   4  23]]
Validation normalized_cm: [[0.13  0.658 0.004 0.208]
 [0.032 0.789 0.005 0.174]
 [0.    0.302 0.047 0.651]
 [0.    0.182 0.121 0.697]]
Validation acc: 0.38545454545454544
Validation class_accuracies: [0.13028169014084506, 0.7894736842105263, 0.046511627906976744, 0.696969696969697]
Validation sensitivity: 0.6578947368421053
Validation specificity: 0.13028169014084506
Validation icbhi_score: 0.39408821349147516
Validation roc_auc: None
Validation avg_accuracy: 0.4158091748070113
Validation one_indexed_epoch: 10
156/156 - 135s - loss: 0.4521 - accuracy: 0.8166 - 135s/epoch - 867ms/step
Epoch 11/60
Validation cm: [[ 99 181   0   4]
 [ 22 164   1   3]
 [  7  22   4  10]
 [  4  13   9   7]]
Validation normalized_cm: [[0.349 0.637 0.    0.014]
 [0.116 0.863 0.005 0.016]
 [0.163 0.512 0.093 0.233]
 [0.121 0.394 0.273 0.212]]
Validation acc: 0.49818181818181817
Validation class_accuracies: [0.3485915492957746, 0.8631578947368421, 0.09302325581395349, 0.21212121212121213]
Validation sensitivity: 0.6578947368421053
Validation specificity: 0.3485915492957746
Validation icbhi_score: 0.5032431430689399
Validation roc_auc: None
Validation avg_accuracy: 0.37922347799194556
Validation one_indexed_epoch: 11
156/156 - 135s - loss: 0.4313 - accuracy: 0.8070 - 135s/epoch - 862ms/step
Epoch 12/60
Validation cm: [[145 135   0   4]
 [ 50 138   1   1]
 [ 10  15   9   9]
 [  7   5  19   2]]
Validation normalized_cm: [[0.511 0.475 0.    0.014]
 [0.263 0.726 0.005 0.005]
 [0.233 0.349 0.209 0.209]
 [0.212 0.152 0.576 0.061]]
Validation acc: 0.5345454545454545
Validation class_accuracies: [0.5105633802816901, 0.7263157894736842, 0.20930232558139536, 0.06060606060606061]
Validation sensitivity: 0.5601503759398496
Validation specificity: 0.5105633802816901
Validation icbhi_score: 0.5353568781107698
Validation roc_auc: None
Validation avg_accuracy: 0.3766968889857075
Validation one_indexed_epoch: 12
156/156 - 135s - loss: 0.4183 - accuracy: 0.8090 - 135s/epoch - 864ms/step
Epoch 13/60
Validation cm: [[179  88  11   6]
 [ 84  97   1   8]
 [ 20   6  11   6]
 [ 12   5  14   2]]
Validation normalized_cm: [[0.63  0.31  0.039 0.021]
 [0.442 0.511 0.005 0.042]
 [0.465 0.14  0.256 0.14 ]
 [0.364 0.152 0.424 0.061]]
Validation acc: 0.5254545454545455
Validation class_accuracies: [0.6302816901408451, 0.5105263157894737, 0.2558139534883721, 0.06060606060606061]
Validation sensitivity: 0.41353383458646614
Validation specificity: 0.6302816901408451
Validation icbhi_score: 0.5219077623636557
Validation roc_auc: None
Validation avg_accuracy: 0.36430700500618785
Validation one_indexed_epoch: 13
156/156 - 134s - loss: 0.4109 - accuracy: 0.8010 - 134s/epoch - 858ms/step
Epoch 14/60
Validation cm: [[125  14 118  27]
 [ 63  42  70  15]
 [  7   0  31   5]
 [  3   0  24   6]]
Validation normalized_cm: [[0.44  0.049 0.415 0.095]
 [0.332 0.221 0.368 0.079]
 [0.163 0.    0.721 0.116]
 [0.091 0.    0.727 0.182]]
Validation acc: 0.3709090909090909
Validation class_accuracies: [0.44014084507042256, 0.22105263157894736, 0.7209302325581395, 0.18181818181818182]
Validation sensitivity: 0.29699248120300753
Validation specificity: 0.44014084507042256
Validation icbhi_score: 0.36856666313671504
Validation roc_auc: None
Validation avg_accuracy: 0.3909854727564228
Validation one_indexed_epoch: 14
156/156 - 134s - loss: 0.3792 - accuracy: 0.8046 - 134s/epoch - 856ms/step
Epoch 15/60
Validation cm: [[92 60 75 57]
 [69 74 26 21]
 [ 5  2 23 13]
 [ 1  0 18 14]]
Validation normalized_cm: [[0.324 0.211 0.264 0.201]
 [0.363 0.389 0.137 0.111]
 [0.116 0.047 0.535 0.302]
 [0.03  0.    0.545 0.424]]
Validation acc: 0.3690909090909091
Validation class_accuracies: [0.323943661971831, 0.3894736842105263, 0.5348837209302325, 0.42424242424242425]
Validation sensitivity: 0.41729323308270677
Validation specificity: 0.323943661971831
Validation icbhi_score: 0.3706184475272689
Validation roc_auc: None
Validation avg_accuracy: 0.41813587283875353
Validation one_indexed_epoch: 15
156/156 - 134s - loss: 0.3636 - accuracy: 0.8150 - 134s/epoch - 858ms/step
Epoch 16/60
Validation cm: [[114 104  40  26]
 [ 46 121  12  11]
 [ 10   7  24   2]
 [  6   6  19   2]]
Validation normalized_cm: [[0.401 0.366 0.141 0.092]
 [0.242 0.637 0.063 0.058]
 [0.233 0.163 0.558 0.047]
 [0.182 0.182 0.576 0.061]]
Validation acc: 0.47454545454545455
Validation class_accuracies: [0.4014084507042254, 0.6368421052631579, 0.5581395348837209, 0.06060606060606061]
Validation sensitivity: 0.5526315789473685
Validation specificity: 0.4014084507042254
Validation icbhi_score: 0.4770200148257969
Validation roc_auc: None
Validation avg_accuracy: 0.41424903786429124
Validation one_indexed_epoch: 16
156/156 - 135s - loss: 0.3304 - accuracy: 0.8110 - 135s/epoch - 864ms/step
Epoch 17/60
Validation cm: [[141  98  34  11]
 [ 70 102   9   9]
 [ 11   3  25   4]
 [  4   3  23   3]]
Validation normalized_cm: [[0.496 0.345 0.12  0.039]
 [0.368 0.537 0.047 0.047]
 [0.256 0.07  0.581 0.093]
 [0.121 0.091 0.697 0.091]]
Validation acc: 0.49272727272727274
Validation class_accuracies: [0.4964788732394366, 0.5368421052631579, 0.5813953488372093, 0.09090909090909091]
Validation sensitivity: 0.48872180451127817
Validation specificity: 0.4964788732394366
Validation icbhi_score: 0.49260033887535737
Validation roc_auc: None
Validation avg_accuracy: 0.42640635456222364
Validation one_indexed_epoch: 17
156/156 - 134s - loss: 0.3251 - accuracy: 0.8074 - 134s/epoch - 860ms/step
Epoch 18/60
Validation cm: [[223  60   1   0]
 [126  64   0   0]
 [ 21   8  11   3]
 [ 12  11   8   2]]
Validation normalized_cm: [[0.785 0.211 0.004 0.   ]
 [0.663 0.337 0.    0.   ]
 [0.488 0.186 0.256 0.07 ]
 [0.364 0.333 0.242 0.061]]
Validation acc: 0.5454545454545454
Validation class_accuracies: [0.7852112676056338, 0.3368421052631579, 0.2558139534883721, 0.06060606060606061]
Validation sensitivity: 0.2894736842105263
Validation specificity: 0.7852112676056338
Validation icbhi_score: 0.53734247590808
Validation roc_auc: None
Validation avg_accuracy: 0.35961834674080606
Validation one_indexed_epoch: 18
156/156 - 135s - loss: 0.3031 - accuracy: 0.8026 - 135s/epoch - 865ms/step
Epoch 19/60
Validation cm: [[ 90 127  24  43]
 [ 56 115   5  14]
 [  2   8  12  21]
 [  1   5  11  16]]
Validation normalized_cm: [[0.317 0.447 0.085 0.151]
 [0.295 0.605 0.026 0.074]
 [0.047 0.186 0.279 0.488]
 [0.03  0.152 0.333 0.485]]
Validation acc: 0.42363636363636364
Validation class_accuracies: [0.31690140845070425, 0.6052631578947368, 0.27906976744186046, 0.48484848484848486]
Validation sensitivity: 0.5375939849624061
Validation specificity: 0.31690140845070425
Validation icbhi_score: 0.42724769670655516
Validation roc_auc: None
Validation avg_accuracy: 0.4215207046589466
Validation one_indexed_epoch: 19
156/156 - 135s - loss: 0.2739 - accuracy: 0.8054 - 135s/epoch - 866ms/step
Epoch 20/60
New learning rate for frontend 
5e-05
New learning rate for backend 
0.0005
Validation cm: [[77 51 89 67]
 [50 56 49 35]
 [ 3  5 18 17]
 [ 0  0 21 12]]
Validation normalized_cm: [[0.271 0.18  0.313 0.236]
 [0.263 0.295 0.258 0.184]
 [0.07  0.116 0.419 0.395]
 [0.    0.    0.636 0.364]]
Validation acc: 0.2963636363636364
Validation class_accuracies: [0.2711267605633803, 0.29473684210526313, 0.4186046511627907, 0.36363636363636365]
Validation sensitivity: 0.3233082706766917
Validation specificity: 0.2711267605633803
Validation icbhi_score: 0.297217515620036
Validation roc_auc: None
Validation avg_accuracy: 0.3370261543669495
Validation one_indexed_epoch: 20
156/156 - 137s - loss: 0.2403 - accuracy: 0.8074 - 137s/epoch - 876ms/step
Epoch 21/60
Validation cm: [[234  25  14  11]
 [146  35   3   6]
 [ 19   0  19   5]
 [  7   2  20   4]]
Validation normalized_cm: [[0.824 0.088 0.049 0.039]
 [0.768 0.184 0.016 0.032]
 [0.442 0.    0.442 0.116]
 [0.212 0.061 0.606 0.121]]
Validation acc: 0.5309090909090909
Validation class_accuracies: [0.823943661971831, 0.18421052631578946, 0.4418604651162791, 0.12121212121212122]
Validation sensitivity: 0.21804511278195488
Validation specificity: 0.823943661971831
Validation icbhi_score: 0.520994387376893
Validation roc_auc: None
Validation avg_accuracy: 0.3928066936540051
Validation one_indexed_epoch: 21
156/156 - 135s - loss: 0.2221 - accuracy: 0.7990 - 135s/epoch - 868ms/step
Epoch 22/60
Validation cm: [[ 96  93  46  49]
 [ 36 113  18  23]
 [  5   5  16  17]
 [  1   3   5  24]]
Validation normalized_cm: [[0.338 0.327 0.162 0.173]
 [0.189 0.595 0.095 0.121]
 [0.116 0.116 0.372 0.395]
 [0.03  0.091 0.152 0.727]]
Validation acc: 0.4527272727272727
Validation class_accuracies: [0.3380281690140845, 0.5947368421052631, 0.37209302325581395, 0.7272727272727273]
Validation sensitivity: 0.575187969924812
Validation specificity: 0.3380281690140845
Validation icbhi_score: 0.45660806946944826
Validation roc_auc: None
Validation avg_accuracy: 0.5080326904119723
Validation one_indexed_epoch: 22
-- New best results were achieved. --
156/156 - 134s - loss: 0.2066 - accuracy: 0.7797 - 134s/epoch - 861ms/step
Epoch 23/60
Validation cm: [[166  81  28   9]
 [102  83   4   1]
 [ 17   2  19   5]
 [  3   4  23   3]]
Validation normalized_cm: [[0.585 0.285 0.099 0.032]
 [0.537 0.437 0.021 0.005]
 [0.395 0.047 0.442 0.116]
 [0.091 0.121 0.697 0.091]]
Validation acc: 0.49272727272727274
Validation class_accuracies: [0.5845070422535211, 0.4368421052631579, 0.4418604651162791, 0.09090909090909091]
Validation sensitivity: 0.39473684210526316
Validation specificity: 0.5845070422535211
Validation icbhi_score: 0.48962194217939214
Validation roc_auc: None
Validation avg_accuracy: 0.38852967588551224
Validation one_indexed_epoch: 23
156/156 - 134s - loss: 0.1830 - accuracy: 0.7949 - 134s/epoch - 857ms/step
Epoch 24/60
Validation cm: [[135  91  17  41]
 [ 88  79   6  17]
 [  6   8  18  11]
 [  4   4  14  11]]
Validation normalized_cm: [[0.475 0.32  0.06  0.144]
 [0.463 0.416 0.032 0.089]
 [0.14  0.186 0.419 0.256]
 [0.121 0.121 0.424 0.333]]
Validation acc: 0.44181818181818183
Validation class_accuracies: [0.4753521126760563, 0.41578947368421054, 0.4186046511627907, 0.3333333333333333]
Validation sensitivity: 0.40601503759398494
Validation specificity: 0.4753521126760563
Validation icbhi_score: 0.44068357513502066
Validation roc_auc: None
Validation avg_accuracy: 0.4107698927140977
Validation one_indexed_epoch: 24
156/156 - 134s - loss: 0.1608 - accuracy: 0.7833 - 134s/epoch - 857ms/step
Epoch 25/60
Validation cm: [[215  58   4   7]
 [120  66   2   2]
 [ 18   1  20   4]
 [  6   2  19   6]]
Validation normalized_cm: [[0.757 0.204 0.014 0.025]
 [0.632 0.347 0.011 0.011]
 [0.419 0.023 0.465 0.093]
 [0.182 0.061 0.576 0.182]]
Validation acc: 0.5581818181818182
Validation class_accuracies: [0.7570422535211268, 0.3473684210526316, 0.46511627906976744, 0.18181818181818182]
Validation sensitivity: 0.3458646616541353
Validation specificity: 0.7570422535211268
Validation icbhi_score: 0.5514534575876311
Validation roc_auc: None
Validation avg_accuracy: 0.4378362838654269
Validation one_indexed_epoch: 25
156/156 - 134s - loss: 0.1499 - accuracy: 0.7885 - 134s/epoch - 860ms/step
Epoch 26/60
Validation cm: [[134  57  50  43]
 [ 93  65  17  15]
 [  6   6  20  11]
 [  1   3  10  19]]
Validation normalized_cm: [[0.472 0.201 0.176 0.151]
 [0.489 0.342 0.089 0.079]
 [0.14  0.14  0.465 0.256]
 [0.03  0.091 0.303 0.576]]
Validation acc: 0.43272727272727274
Validation class_accuracies: [0.47183098591549294, 0.34210526315789475, 0.46511627906976744, 0.5757575757575758]
Validation sensitivity: 0.39097744360902253
Validation specificity: 0.47183098591549294
Validation icbhi_score: 0.43140421476225776
Validation roc_auc: None
Validation avg_accuracy: 0.4637025259751827
Validation one_indexed_epoch: 26
156/156 - 134s - loss: 0.1287 - accuracy: 0.7765 - 134s/epoch - 857ms/step
Epoch 27/60
Validation cm: [[222  47  12   3]
 [151  33   4   2]
 [ 10   6  18   9]
 [  2   6  11  14]]
Validation normalized_cm: [[0.782 0.165 0.042 0.011]
 [0.795 0.174 0.021 0.011]
 [0.233 0.14  0.419 0.209]
 [0.061 0.182 0.333 0.424]]
Validation acc: 0.5218181818181818
Validation class_accuracies: [0.7816901408450704, 0.1736842105263158, 0.4186046511627907, 0.42424242424242425]
Validation sensitivity: 0.24436090225563908
Validation specificity: 0.7816901408450704
Validation icbhi_score: 0.5130255215503547
Validation roc_auc: None
Validation avg_accuracy: 0.4495553566941503
Validation one_indexed_epoch: 27
156/156 - 134s - loss: 0.1248 - accuracy: 0.7717 - 134s/epoch - 861ms/step
Epoch 28/60
Validation cm: [[151  67  35  31]
 [ 64  75  23  28]
 [ 11   4  24   4]
 [  5   4  15   9]]
Validation normalized_cm: [[0.532 0.236 0.123 0.109]
 [0.337 0.395 0.121 0.147]
 [0.256 0.093 0.558 0.093]
 [0.152 0.121 0.455 0.273]]
Validation acc: 0.4709090909090909
Validation class_accuracies: [0.5316901408450704, 0.39473684210526316, 0.5581395348837209, 0.2727272727272727]
Validation sensitivity: 0.40601503759398494
Validation specificity: 0.5316901408450704
Validation icbhi_score: 0.46885258921952766
Validation roc_auc: None
Validation avg_accuracy: 0.43932344764033177
Validation one_indexed_epoch: 28
156/156 - 134s - loss: 0.1086 - accuracy: 0.7873 - 134s/epoch - 859ms/step
Epoch 29/60
Validation cm: [[165  77  37   5]
 [ 96  76  11   7]
 [  6   4  22  11]
 [  5   5  15   8]]
Validation normalized_cm: [[0.581 0.271 0.13  0.018]
 [0.505 0.4   0.058 0.037]
 [0.14  0.093 0.512 0.256]
 [0.152 0.152 0.455 0.242]]
Validation acc: 0.49272727272727274
Validation class_accuracies: [0.5809859154929577, 0.4, 0.5116279069767442, 0.24242424242424243]
Validation sensitivity: 0.39849624060150374
Validation specificity: 0.5809859154929577
Validation icbhi_score: 0.48974107804723077
Validation roc_auc: None
Validation avg_accuracy: 0.43375951622348613
Validation one_indexed_epoch: 29
156/156 - 134s - loss: 0.0962 - accuracy: 0.7725 - 134s/epoch - 859ms/step
Epoch 30/60
New learning rate for frontend 
5e-05
New learning rate for backend 
0.0005
Validation cm: [[ 97 129  28  30]
 [ 39 125  11  15]
 [  6   6  14  17]
 [  1   3  14  15]]
Validation normalized_cm: [[0.342 0.454 0.099 0.106]
 [0.205 0.658 0.058 0.079]
 [0.14  0.14  0.326 0.395]
 [0.03  0.091 0.424 0.455]]
Validation acc: 0.45636363636363636
Validation class_accuracies: [0.3415492957746479, 0.6578947368421053, 0.32558139534883723, 0.45454545454545453]
Validation sensitivity: 0.5789473684210527
Validation specificity: 0.3415492957746479
Validation icbhi_score: 0.46024833209785027
Validation roc_auc: None
Validation avg_accuracy: 0.44489272062776125
Validation one_indexed_epoch: 30
156/156 - 132s - loss: 0.0928 - accuracy: 0.7528 - 132s/epoch - 844ms/step
Epoch 31/60
Validation cm: [[132  75  42  35]
 [ 63  83  18  26]
 [  4   3  19  17]
 [  1   3   9  20]]
Validation normalized_cm: [[0.465 0.264 0.148 0.123]
 [0.332 0.437 0.095 0.137]
 [0.093 0.07  0.442 0.395]
 [0.03  0.091 0.273 0.606]]
Validation acc: 0.4618181818181818
Validation class_accuracies: [0.4647887323943662, 0.4368421052631579, 0.4418604651162791, 0.6060606060606061]
Validation sensitivity: 0.45864661654135336
Validation specificity: 0.4647887323943662
Validation icbhi_score: 0.4617176744678598
Validation roc_auc: None
Validation avg_accuracy: 0.4873879772086023
Validation one_indexed_epoch: 31
156/156 - 133s - loss: 0.0779 - accuracy: 0.7733 - 133s/epoch - 850ms/step
Epoch 32/60
Validation cm: [[125 119  22  18]
 [ 81 101   3   5]
 [  7   8  16  12]
 [  0   7  15  11]]
Validation normalized_cm: [[0.44  0.419 0.077 0.063]
 [0.426 0.532 0.016 0.026]
 [0.163 0.186 0.372 0.279]
 [0.    0.212 0.455 0.333]]
Validation acc: 0.46
Validation class_accuracies: [0.44014084507042256, 0.531578947368421, 0.37209302325581395, 0.3333333333333333]
Validation sensitivity: 0.48120300751879697
Validation specificity: 0.44014084507042256
Validation icbhi_score: 0.46067192629460973
Validation roc_auc: None
Validation avg_accuracy: 0.4192865372569977
Validation one_indexed_epoch: 32
156/156 - 133s - loss: 0.0807 - accuracy: 0.7773 - 133s/epoch - 849ms/step
Epoch 33/60
Validation cm: [[182  22  67  13]
 [110  35  34  11]
 [ 12   1  28   2]
 [  5   1  26   1]]
Validation normalized_cm: [[0.641 0.077 0.236 0.046]
 [0.579 0.184 0.179 0.058]
 [0.279 0.023 0.651 0.047]
 [0.152 0.03  0.788 0.03 ]]
Validation acc: 0.44727272727272727
Validation class_accuracies: [0.6408450704225352, 0.18421052631578946, 0.6511627906976745, 0.030303030303030304]
Validation sensitivity: 0.24060150375939848
Validation specificity: 0.6408450704225352
Validation icbhi_score: 0.44072328709096686
Validation roc_auc: None
Validation avg_accuracy: 0.37663035443475734
Validation one_indexed_epoch: 33
156/156 - 134s - loss: 0.0730 - accuracy: 0.7717 - 134s/epoch - 860ms/step
Epoch 34/60
Validation cm: [[137  25 108  14]
 [104  36  41   9]
 [  4   2  31   6]
 [  0   2  29   2]]
Validation normalized_cm: [[0.482 0.088 0.38  0.049]
 [0.547 0.189 0.216 0.047]
 [0.093 0.047 0.721 0.14 ]
 [0.    0.061 0.879 0.061]]
Validation acc: 0.37454545454545457
Validation class_accuracies: [0.4823943661971831, 0.18947368421052632, 0.7209302325581395, 0.06060606060606061]
Validation sensitivity: 0.2593984962406015
Validation specificity: 0.4823943661971831
Validation icbhi_score: 0.3708964312188923
Validation roc_auc: None
Validation avg_accuracy: 0.3633510858929774
Validation one_indexed_epoch: 34
156/156 - 135s - loss: 0.0631 - accuracy: 0.7628 - 135s/epoch - 867ms/step
Epoch 35/60
Validation cm: [[133  66  66  19]
 [100  57  21  12]
 [  9   4  18  12]
 [  1   2  10  20]]
Validation normalized_cm: [[0.468 0.232 0.232 0.067]
 [0.526 0.3   0.111 0.063]
 [0.209 0.093 0.419 0.279]
 [0.03  0.061 0.303 0.606]]
Validation acc: 0.41454545454545455
Validation class_accuracies: [0.46830985915492956, 0.3, 0.4186046511627907, 0.6060606060606061]
Validation sensitivity: 0.35714285714285715
Validation specificity: 0.46830985915492956
Validation icbhi_score: 0.41272635814889336
Validation roc_auc: None
Validation avg_accuracy: 0.4482437790945816
Validation one_indexed_epoch: 35
156/156 - 136s - loss: 0.0574 - accuracy: 0.7396 - 136s/epoch - 875ms/step
Epoch 36/60
Validation cm: [[198  69   8   9]
 [118  69   0   3]
 [ 20   9   9   5]
 [ 14   5   9   5]]
Validation normalized_cm: [[0.697 0.243 0.028 0.032]
 [0.621 0.363 0.    0.016]
 [0.465 0.209 0.209 0.116]
 [0.424 0.152 0.273 0.152]]
Validation acc: 0.5109090909090909
Validation class_accuracies: [0.6971830985915493, 0.3631578947368421, 0.20930232558139536, 0.15151515151515152]
Validation sensitivity: 0.31203007518796994
Validation specificity: 0.6971830985915493
Validation icbhi_score: 0.5046065868897596
Validation roc_auc: None
Validation avg_accuracy: 0.35528961760623456
Validation one_indexed_epoch: 36
156/156 - 137s - loss: 0.0650 - accuracy: 0.7640 - 137s/epoch - 880ms/step
Epoch 37/60
Validation cm: [[147  69  24  44]
 [ 74  84  16  16]
 [ 10   5  15  13]
 [  1   5   9  18]]
Validation normalized_cm: [[0.518 0.243 0.085 0.155]
 [0.389 0.442 0.084 0.084]
 [0.233 0.116 0.349 0.302]
 [0.03  0.152 0.273 0.545]]
Validation acc: 0.48
Validation class_accuracies: [0.5176056338028169, 0.4421052631578947, 0.3488372093023256, 0.5454545454545454]
Validation sensitivity: 0.4398496240601504
Validation specificity: 0.5176056338028169
Validation icbhi_score: 0.47872762893148363
Validation roc_auc: None
Validation avg_accuracy: 0.4635006629293956
Validation one_indexed_epoch: 37
156/156 - 137s - loss: 0.0532 - accuracy: 0.7793 - 137s/epoch - 879ms/step
Epoch 38/60
Validation cm: [[110  95  40  39]
 [ 69  89  14  18]
 [  6   6  20  11]
 [  1   6   9  17]]
Validation normalized_cm: [[0.387 0.335 0.141 0.137]
 [0.363 0.468 0.074 0.095]
 [0.14  0.14  0.465 0.256]
 [0.03  0.182 0.273 0.515]]
Validation acc: 0.4290909090909091
Validation class_accuracies: [0.3873239436619718, 0.46842105263157896, 0.46511627906976744, 0.5151515151515151]
Validation sensitivity: 0.47368421052631576
Validation specificity: 0.3873239436619718
Validation icbhi_score: 0.4305040770941438
Validation roc_auc: None
Validation avg_accuracy: 0.45900319762870834
Validation one_indexed_epoch: 38
156/156 - 138s - loss: 0.0473 - accuracy: 0.7628 - 138s/epoch - 885ms/step
Epoch 39/60
Validation cm: [[160  81  27  16]
 [ 85  89   8   8]
 [  9   7  20   7]
 [  1   6  14  12]]
Validation normalized_cm: [[0.563 0.285 0.095 0.056]
 [0.447 0.468 0.042 0.042]
 [0.209 0.163 0.465 0.163]
 [0.03  0.182 0.424 0.364]]
Validation acc: 0.5109090909090909
Validation class_accuracies: [0.5633802816901409, 0.46842105263157896, 0.46511627906976744, 0.36363636363636365]
Validation sensitivity: 0.4548872180451128
Validation specificity: 0.5633802816901409
Validation icbhi_score: 0.5091337498676268
Validation roc_auc: None
Validation avg_accuracy: 0.46513849425696274
Validation one_indexed_epoch: 39
156/156 - 137s - loss: 0.0566 - accuracy: 0.7572 - 137s/epoch - 880ms/step
Epoch 40/60
Validation cm: [[134  65  55  30]
 [ 85  68  24  13]
 [  6   6  21  10]
 [  1   5  17  10]]
Validation normalized_cm: [[0.472 0.229 0.194 0.106]
 [0.447 0.358 0.126 0.068]
 [0.14  0.14  0.488 0.233]
 [0.03  0.152 0.515 0.303]]
Validation acc: 0.42363636363636364
Validation class_accuracies: [0.47183098591549294, 0.35789473684210527, 0.4883720930232558, 0.30303030303030304]
Validation sensitivity: 0.37218045112781956
Validation specificity: 0.47183098591549294
Validation icbhi_score: 0.42200571852165625
Validation roc_auc: None
Validation avg_accuracy: 0.40528202970278926
Validation one_indexed_epoch: 40
156/156 - 130s - loss: 0.0415 - accuracy: 0.7721 - 130s/epoch - 833ms/step
Epoch 41/60
Validation cm: [[94 45 81 64]
 [55 67 38 30]
 [ 5  2 27  9]
 [ 2  2 15 14]]
Validation normalized_cm: [[0.331 0.158 0.285 0.225]
 [0.289 0.353 0.2   0.158]
 [0.116 0.047 0.628 0.209]
 [0.061 0.061 0.455 0.424]]
Validation acc: 0.36727272727272725
Validation class_accuracies: [0.33098591549295775, 0.3526315789473684, 0.627906976744186, 0.42424242424242425]
Validation sensitivity: 0.40601503759398494
Validation specificity: 0.33098591549295775
Validation icbhi_score: 0.36850047654347134
Validation roc_auc: None
Validation avg_accuracy: 0.43394172385673413
Validation one_indexed_epoch: 41
156/156 - 119s - loss: 0.0434 - accuracy: 0.7532 - 119s/epoch - 760ms/step
Epoch 42/60
Validation cm: [[198  68  12   6]
 [117  66   3   4]
 [ 18   3  18   4]
 [  7   3  17   6]]
Validation normalized_cm: [[0.697 0.239 0.042 0.021]
 [0.616 0.347 0.016 0.021]
 [0.419 0.07  0.419 0.093]
 [0.212 0.091 0.515 0.182]]
Validation acc: 0.5236363636363637
Validation class_accuracies: [0.6971830985915493, 0.3473684210526316, 0.4186046511627907, 0.18181818181818182]
Validation sensitivity: 0.3383458646616541
Validation specificity: 0.6971830985915493
Validation icbhi_score: 0.5177644816266017
Validation roc_auc: None
Validation avg_accuracy: 0.41124358815628836
Validation one_indexed_epoch: 42
156/156 - 119s - loss: 0.0457 - accuracy: 0.7825 - 119s/epoch - 761ms/step
Epoch 43/60
Validation cm: [[117 127  15  25]
 [ 65 114   4   7]
 [  8  10  15  10]
 [  2   7   7  17]]
Validation normalized_cm: [[0.412 0.447 0.053 0.088]
 [0.342 0.6   0.021 0.037]
 [0.186 0.233 0.349 0.233]
 [0.061 0.212 0.212 0.515]]
Validation acc: 0.4781818181818182
Validation class_accuracies: [0.4119718309859155, 0.6, 0.3488372093023256, 0.5151515151515151]
Validation sensitivity: 0.5488721804511278
Validation specificity: 0.4119718309859155
Validation icbhi_score: 0.48042200571852167
Validation roc_auc: None
Validation avg_accuracy: 0.46899013885993907
Validation one_indexed_epoch: 43
156/156 - 119s - loss: 0.0401 - accuracy: 0.7624 - 119s/epoch - 762ms/step
Epoch 44/60
Validation cm: [[171  52  42  19]
 [104  62  16   8]
 [ 11   2  23   7]
 [  2   3  20   8]]
Validation normalized_cm: [[0.602 0.183 0.148 0.067]
 [0.547 0.326 0.084 0.042]
 [0.256 0.047 0.535 0.163]
 [0.061 0.091 0.606 0.242]]
Validation acc: 0.48
Validation class_accuracies: [0.602112676056338, 0.3263157894736842, 0.5348837209302325, 0.24242424242424243]
Validation sensitivity: 0.34962406015037595
Validation specificity: 0.602112676056338
Validation icbhi_score: 0.475868368103357
Validation roc_auc: None
Validation avg_accuracy: 0.4264341072211243
Validation one_indexed_epoch: 44
156/156 - 123s - loss: 0.0490 - accuracy: 0.7508 - 123s/epoch - 788ms/step
Epoch 45/60
Validation cm: [[188  68  16  12]
 [107  77   2   4]
 [ 15   5  16   7]
 [  5   4  18   6]]
Validation normalized_cm: [[0.662 0.239 0.056 0.042]
 [0.563 0.405 0.011 0.021]
 [0.349 0.116 0.372 0.163]
 [0.152 0.121 0.545 0.182]]
Validation acc: 0.5218181818181818
Validation class_accuracies: [0.6619718309859155, 0.4052631578947368, 0.37209302325581395, 0.18181818181818182]
Validation sensitivity: 0.37218045112781956
Validation specificity: 0.6619718309859155
Validation icbhi_score: 0.5170761410568675
Validation roc_auc: None
Validation avg_accuracy: 0.405286548488662
Validation one_indexed_epoch: 45
156/156 - 123s - loss: 0.0335 - accuracy: 0.7673 - 123s/epoch - 791ms/step
Epoch 46/60
Validation cm: [[198  59  20   7]
 [118  64   4   4]
 [ 17   5  19   2]
 [  6   3  19   5]]
Validation normalized_cm: [[0.697 0.208 0.07  0.025]
 [0.621 0.337 0.021 0.021]
 [0.395 0.116 0.442 0.047]
 [0.182 0.091 0.576 0.152]]
Validation acc: 0.52
Validation class_accuracies: [0.6971830985915493, 0.3368421052631579, 0.4418604651162791, 0.15151515151515152]
Validation sensitivity: 0.3308270676691729
Validation specificity: 0.6971830985915493
Validation icbhi_score: 0.5140050831303611
Validation roc_auc: None
Validation avg_accuracy: 0.4068502051215344
Validation one_indexed_epoch: 46
156/156 - 122s - loss: 0.0278 - accuracy: 0.7556 - 122s/epoch - 780ms/step
Epoch 47/60
Validation cm: [[148 110  12  14]
 [ 76 109   3   2]
 [ 12  11  11   9]
 [  6   8  10   9]]
Validation normalized_cm: [[0.521 0.387 0.042 0.049]
 [0.4   0.574 0.016 0.011]
 [0.279 0.256 0.256 0.209]
 [0.182 0.242 0.303 0.273]]
Validation acc: 0.5036363636363637
Validation class_accuracies: [0.5211267605633803, 0.5736842105263158, 0.2558139534883721, 0.2727272727272727]
Validation sensitivity: 0.4849624060150376
Validation specificity: 0.5211267605633803
Validation icbhi_score: 0.503044583289209
Validation roc_auc: None
Validation avg_accuracy: 0.4058380493263352
Validation one_indexed_epoch: 47
156/156 - 117s - loss: 0.0259 - accuracy: 0.7476 - 117s/epoch - 752ms/step
Epoch 48/60
Validation cm: [[208  49  19   8]
 [124  53   9   4]
 [ 15   1  21   6]
 [  6   3  20   4]]
Validation normalized_cm: [[0.732 0.173 0.067 0.028]
 [0.653 0.279 0.047 0.021]
 [0.349 0.023 0.488 0.14 ]
 [0.182 0.091 0.606 0.121]]
Validation acc: 0.52
Validation class_accuracies: [0.7323943661971831, 0.2789473684210526, 0.4883720930232558, 0.12121212121212122]
Validation sensitivity: 0.2932330827067669
Validation specificity: 0.7323943661971831
Validation icbhi_score: 0.512813724451975
Validation roc_auc: None
Validation avg_accuracy: 0.4052314872134032
Validation one_indexed_epoch: 48
156/156 - 122s - loss: 0.0323 - accuracy: 0.7644 - 122s/epoch - 785ms/step
Epoch 49/60
Validation cm: [[176  55  42  11]
 [111  62  12   5]
 [ 14   1  23   5]
 [  6   0  20   7]]
Validation normalized_cm: [[0.62  0.194 0.148 0.039]
 [0.584 0.326 0.063 0.026]
 [0.326 0.023 0.535 0.116]
 [0.182 0.    0.606 0.212]]
Validation acc: 0.48727272727272725
Validation class_accuracies: [0.6197183098591549, 0.3263157894736842, 0.5348837209302325, 0.21212121212121213]
Validation sensitivity: 0.3458646616541353
Validation specificity: 0.6197183098591549
Validation icbhi_score: 0.4827914857566451
Validation roc_auc: None
Validation avg_accuracy: 0.4232597580960709
Validation one_indexed_epoch: 49
156/156 - 117s - loss: 0.0241 - accuracy: 0.7576 - 117s/epoch - 750ms/step
Epoch 50/60
Validation cm: [[211  51  16   6]
 [118  62   4   6]
 [ 15   4  17   7]
 [  7   1  19   6]]
Validation normalized_cm: [[0.743 0.18  0.056 0.021]
 [0.621 0.326 0.021 0.032]
 [0.349 0.093 0.395 0.163]
 [0.212 0.03  0.576 0.182]]
Validation acc: 0.5381818181818182
Validation class_accuracies: [0.7429577464788732, 0.3263157894736842, 0.3953488372093023, 0.18181818181818182]
Validation sensitivity: 0.31954887218045114
Validation specificity: 0.7429577464788732
Validation icbhi_score: 0.5312533093296622
Validation roc_auc: None
Validation avg_accuracy: 0.4116101387450104
Validation one_indexed_epoch: 50
156/156 - 122s - loss: 0.0255 - accuracy: 0.7460 - 122s/epoch - 779ms/step
Epoch 51/60
Validation cm: [[133  68  53  30]
 [ 73  75  20  22]
 [  8   5  21   9]
 [  3   3  17  10]]
Validation normalized_cm: [[0.468 0.239 0.187 0.106]
 [0.384 0.395 0.105 0.116]
 [0.186 0.116 0.488 0.209]
 [0.091 0.091 0.515 0.303]]
Validation acc: 0.43454545454545457
Validation class_accuracies: [0.46830985915492956, 0.39473684210526316, 0.4883720930232558, 0.30303030303030304]
Validation sensitivity: 0.39849624060150374
Validation specificity: 0.46830985915492956
Validation icbhi_score: 0.43340304987821665
Validation roc_auc: None
Validation avg_accuracy: 0.4136122743284379
Validation one_indexed_epoch: 51
156/156 - 118s - loss: 0.0234 - accuracy: 0.7572 - 118s/epoch - 754ms/step
Epoch 52/60
Validation cm: [[105  91  39  49]
 [ 34 114  16  26]
 [  5   5  17  16]
 [  3   3  14  13]]
Validation normalized_cm: [[0.37  0.32  0.137 0.173]
 [0.179 0.6   0.084 0.137]
 [0.116 0.116 0.395 0.372]
 [0.091 0.091 0.424 0.394]]
Validation acc: 0.4527272727272727
Validation class_accuracies: [0.36971830985915494, 0.6, 0.3953488372093023, 0.3939393939393939]
Validation sensitivity: 0.5413533834586466
Validation specificity: 0.36971830985915494
Validation icbhi_score: 0.4555358466589008
Validation roc_auc: None
Validation avg_accuracy: 0.4397516352519628
Validation one_indexed_epoch: 52
156/156 - 117s - loss: 0.0254 - accuracy: 0.7460 - 117s/epoch - 753ms/step
Epoch 53/60
Validation cm: [[156  58  60  10]
 [108  52  20  10]
 [  8   5  26   4]
 [  3   1  24   5]]
Validation normalized_cm: [[0.549 0.204 0.211 0.035]
 [0.568 0.274 0.105 0.053]
 [0.186 0.116 0.605 0.093]
 [0.091 0.03  0.727 0.152]]
Validation acc: 0.43454545454545457
Validation class_accuracies: [0.5492957746478874, 0.2736842105263158, 0.6046511627906976, 0.15151515151515152]
Validation sensitivity: 0.31203007518796994
Validation specificity: 0.5492957746478874
Validation icbhi_score: 0.4306629249179287
Validation roc_auc: None
Validation avg_accuracy: 0.3947865748700131
Validation one_indexed_epoch: 53
156/156 - 125s - loss: 0.0173 - accuracy: 0.7215 - 125s/epoch - 802ms/step
Epoch 54/60
Validation cm: [[123  59  60  42]
 [ 70  72  20  28]
 [  6   3  23  11]
 [  3   1  18  11]]
Validation normalized_cm: [[0.433 0.208 0.211 0.148]
 [0.368 0.379 0.105 0.147]
 [0.14  0.07  0.535 0.256]
 [0.091 0.03  0.545 0.333]]
Validation acc: 0.4163636363636364
Validation class_accuracies: [0.43309859154929575, 0.37894736842105264, 0.5348837209302325, 0.3333333333333333]
