Tensorflow Version: 2.8.0
Num GPUs Available:  1
Collecting Variables...
All variables have been collected.
../cache/
cw
train101
Description: bidrectional
-----------------------
Job id is 1.
- Loading Icbhi.
725 Icbhi audios have been loaded.
- Preparing Icbhi.
112 Icbhi groups of audio chunks (by filename or patients) have been prepared.
--- Samples are being split into training/val groups and de-grouped by patient ---
--- Icbhi training dataset went from 0 to 2492 elements, with 954 none's, 810 crakles, 344 wheezes and 340 both ---
--- Icbhi Validation dataset contains 550 elements, with 282 none, 189 crackles, 43 wheezes and 33 both ---
0
0
0
0
-----------------------
--- Final training dataset went from 0 to 2492 elements, with 954 none's, 810 crakles, 344 wheezes and 340 both ---
--- Final Validation dataset contains 550 elements, with 282 none, 189 crackles, 43 wheezes and 33 both ---
Model: "leaf_model9_model_101"
______________________________________________________________________________________________________________
 Layer (type)                                    Output Shape                                Param #          
==============================================================================================================
 leaf (Leaf)                                     multiple                                    560              
                                                                                                              
 mel_filterbanks (MelFilterbanks)                multiple                                    0 (unused)       
                                                                                                              
 sincnet (SincNet)                               multiple                                    0 (unused)       
                                                                                                              
 sequential (Sequential)                         (None, 80, 250, 1)                          4                
                                                                                                              
 sequential_1 (Sequential)                       (None, 80, 250, 16)                         2352             
                                                                                                              
 sequential_2 (Sequential)                       (None, 80, 250, 16)                         6448             
                                                                                                              
 sequential_3 (Sequential)                       (None, 80, 250, 16)                         32               
                                                                                                              
 concatenate (Concatenate)                       multiple                                    0                
                                                                                                              
 sequential_4 (Sequential)                       (None, 7, 1024)                             6191296          
                                                                                                              
 sequential_5 (Sequential)                       (None, 700)                                 570468           
                                                                                                              
 dense_1 (Dense)                                 multiple                                    1402             
                                                                                                              
==============================================================================================================
Total params: 6,772,722
Trainable params: 6,731,216
Non-trainable params: 41,506
______________________________________________________________________________________________________________
Target metric is icbhi_score
Epoch 1/100
Validation cm: [[284   0   0   0]
 [190   0   0   0]
 [ 43   0   0   0]
 [ 33   0   0   0]]
Validation normalized_cm: [[1. 0. 0. 0.]
 [1. 0. 0. 0.]
 [1. 0. 0. 0.]
 [1. 0. 0. 0.]]
Validation acc: 0.5163636363636364
Validation class_accuracies: [1.0, 0.0, 0.0, 0.0]
Validation sensitivity: 0.0
Validation specificity: 1.0
Validation icbhi_score: 0.5
Validation roc_auc: None
Validation avg_accuracy: 0.25
Validation one_indexed_epoch: 1
-- New best results were achieved. --
78/78 - 179s - loss: 0.6669 - accuracy: 0.7556 - 179s/epoch - 2s/step
Epoch 2/100
Validation cm: [[284   0   0   0]
 [190   0   0   0]
 [ 43   0   0   0]
 [ 33   0   0   0]]
Validation normalized_cm: [[1. 0. 0. 0.]
 [1. 0. 0. 0.]
 [1. 0. 0. 0.]
 [1. 0. 0. 0.]]
Validation acc: 0.5163636363636364
Validation class_accuracies: [1.0, 0.0, 0.0, 0.0]
Validation sensitivity: 0.0
Validation specificity: 1.0
Validation icbhi_score: 0.5
Validation roc_auc: None
Validation avg_accuracy: 0.25
Validation one_indexed_epoch: 2
78/78 - 157s - loss: 0.6162 - accuracy: 0.8090 - 157s/epoch - 2s/step
Epoch 3/100
Validation cm: [[284   0   0   0]
 [190   0   0   0]
 [ 43   0   0   0]
 [ 33   0   0   0]]
Validation normalized_cm: [[1. 0. 0. 0.]
 [1. 0. 0. 0.]
 [1. 0. 0. 0.]
 [1. 0. 0. 0.]]
Validation acc: 0.5163636363636364
Validation class_accuracies: [1.0, 0.0, 0.0, 0.0]
Validation sensitivity: 0.0
Validation specificity: 1.0
Validation icbhi_score: 0.5
Validation roc_auc: None
Validation avg_accuracy: 0.25
Validation one_indexed_epoch: 3
78/78 - 154s - loss: 0.6021 - accuracy: 0.8130 - 154s/epoch - 2s/step
Epoch 4/100
Validation cm: [[284   0   0   0]
 [190   0   0   0]
 [ 43   0   0   0]
 [ 33   0   0   0]]
Validation normalized_cm: [[1. 0. 0. 0.]
 [1. 0. 0. 0.]
 [1. 0. 0. 0.]
 [1. 0. 0. 0.]]
Validation acc: 0.5163636363636364
Validation class_accuracies: [1.0, 0.0, 0.0, 0.0]
Validation sensitivity: 0.0
Validation specificity: 1.0
Validation icbhi_score: 0.5
Validation roc_auc: None
Validation avg_accuracy: 0.25
Validation one_indexed_epoch: 4
78/78 - 153s - loss: 0.5865 - accuracy: 0.8198 - 153s/epoch - 2s/step
Epoch 5/100
Validation cm: [[284   0   0   0]
 [190   0   0   0]
 [ 43   0   0   0]
 [ 33   0   0   0]]
Validation normalized_cm: [[1. 0. 0. 0.]
 [1. 0. 0. 0.]
 [1. 0. 0. 0.]
 [1. 0. 0. 0.]]
Validation acc: 0.5163636363636364
Validation class_accuracies: [1.0, 0.0, 0.0, 0.0]
Validation sensitivity: 0.0
Validation specificity: 1.0
Validation icbhi_score: 0.5
Validation roc_auc: None
Validation avg_accuracy: 0.25
Validation one_indexed_epoch: 5
78/78 - 153s - loss: 0.5650 - accuracy: 0.8258 - 153s/epoch - 2s/step
Epoch 6/100
Validation cm: [[284   0   0   0]
 [190   0   0   0]
 [ 43   0   0   0]
 [ 33   0   0   0]]
Validation normalized_cm: [[1. 0. 0. 0.]
 [1. 0. 0. 0.]
 [1. 0. 0. 0.]
 [1. 0. 0. 0.]]
Validation acc: 0.5163636363636364
Validation class_accuracies: [1.0, 0.0, 0.0, 0.0]
Validation sensitivity: 0.0
Validation specificity: 1.0
Validation icbhi_score: 0.5
Validation roc_auc: None
Validation avg_accuracy: 0.25
Validation one_indexed_epoch: 6
78/78 - 155s - loss: 0.5572 - accuracy: 0.8270 - 155s/epoch - 2s/step
Epoch 7/100
Validation cm: [[284   0   0   0]
 [190   0   0   0]
 [ 43   0   0   0]
 [ 33   0   0   0]]
Validation normalized_cm: [[1. 0. 0. 0.]
 [1. 0. 0. 0.]
 [1. 0. 0. 0.]
 [1. 0. 0. 0.]]
Validation acc: 0.5163636363636364
Validation class_accuracies: [1.0, 0.0, 0.0, 0.0]
Validation sensitivity: 0.0
Validation specificity: 1.0
Validation icbhi_score: 0.5
Validation roc_auc: None
Validation avg_accuracy: 0.25
Validation one_indexed_epoch: 7
78/78 - 155s - loss: 0.5452 - accuracy: 0.8307 - 155s/epoch - 2s/step
Epoch 8/100
Validation cm: [[281   1   2   0]
 [189   1   0   0]
 [ 36   6   0   1]
 [ 17  16   0   0]]
Validation normalized_cm: [[0.989 0.004 0.007 0.   ]
 [0.995 0.005 0.    0.   ]
 [0.837 0.14  0.    0.023]
 [0.515 0.485 0.    0.   ]]
Validation acc: 0.5127272727272727
Validation class_accuracies: [0.9894366197183099, 0.005263157894736842, 0.0, 0.0]
Validation sensitivity: 0.0037593984962406013
Validation specificity: 0.9894366197183099
Validation icbhi_score: 0.49659800910727525
Validation roc_auc: None
Validation avg_accuracy: 0.24867494440326168
Validation one_indexed_epoch: 8
78/78 - 156s - loss: 0.5358 - accuracy: 0.8234 - 156s/epoch - 2s/step
Epoch 9/100
Validation cm: [[274   7   2   1]
 [188   2   0   0]
 [ 25  13   1   4]
 [ 16   8   2   7]]
Validation normalized_cm: [[0.965 0.025 0.007 0.004]
 [0.989 0.011 0.    0.   ]
 [0.581 0.302 0.023 0.093]
 [0.485 0.242 0.061 0.212]]
Validation acc: 0.5163636363636364
Validation class_accuracies: [0.9647887323943662, 0.010526315789473684, 0.023255813953488372, 0.21212121212121213]
Validation sensitivity: 0.03759398496240601
Validation specificity: 0.9647887323943662
Validation icbhi_score: 0.5011913586783862
Validation roc_auc: None
Validation avg_accuracy: 0.30267301856463513
Validation one_indexed_epoch: 9
-- New best results were achieved. --
78/78 - 157s - loss: 0.5274 - accuracy: 0.8274 - 157s/epoch - 2s/step
Epoch 10/100
Validation cm: [[ 90 161  14  19]
 [ 26 151   1  12]
 [  3  13  18   9]
 [  0   7  22   4]]
Validation normalized_cm: [[0.317 0.567 0.049 0.067]
 [0.137 0.795 0.005 0.063]
 [0.07  0.302 0.419 0.209]
 [0.    0.212 0.667 0.121]]
Validation acc: 0.4781818181818182
Validation class_accuracies: [0.31690140845070425, 0.7947368421052632, 0.4186046511627907, 0.12121212121212122]
Validation sensitivity: 0.650375939849624
Validation specificity: 0.31690140845070425
Validation icbhi_score: 0.48363867415016415
Validation roc_auc: None
Validation avg_accuracy: 0.41286375573271983
Validation one_indexed_epoch: 10
78/78 - 155s - loss: 0.5131 - accuracy: 0.8327 - 155s/epoch - 2s/step
Epoch 11/100
Validation cm: [[140 129  14   1]
 [ 72 117   1   0]
 [  7  16  16   4]
 [  3   9  17   4]]
Validation normalized_cm: [[0.493 0.454 0.049 0.004]
 [0.379 0.616 0.005 0.   ]
 [0.163 0.372 0.372 0.093]
 [0.091 0.273 0.515 0.121]]
Validation acc: 0.5036363636363637
Validation class_accuracies: [0.49295774647887325, 0.6157894736842106, 0.37209302325581395, 0.12121212121212122]
Validation sensitivity: 0.5150375939849624
Validation specificity: 0.49295774647887325
Validation icbhi_score: 0.5039976702319178
Validation roc_auc: None
Validation avg_accuracy: 0.4005130911577548
Validation one_indexed_epoch: 11
-- New best results were achieved. --
78/78 - 152s - loss: 0.5028 - accuracy: 0.8303 - 152s/epoch - 2s/step
Epoch 12/100
Validation cm: [[159 109   8   8]
 [ 53 131   4   2]
 [ 10  13  12   8]
 [  8   1  19   5]]
Validation normalized_cm: [[0.56  0.384 0.028 0.028]
 [0.279 0.689 0.021 0.011]
 [0.233 0.302 0.279 0.186]
 [0.242 0.03  0.576 0.152]]
Validation acc: 0.5581818181818182
Validation class_accuracies: [0.5598591549295775, 0.6894736842105263, 0.27906976744186046, 0.15151515151515152]
Validation sensitivity: 0.556390977443609
Validation specificity: 0.5598591549295775
Validation icbhi_score: 0.5581250661865933
Validation roc_auc: None
Validation avg_accuracy: 0.419979439524279
Validation one_indexed_epoch: 12
-- New best results were achieved. --
78/78 - 155s - loss: 0.4828 - accuracy: 0.8343 - 155s/epoch - 2s/step
Epoch 13/100
Validation cm: [[199  77   7   1]
 [ 93  95   1   1]
 [ 16   7  14   6]
 [  4   8  19   2]]
Validation normalized_cm: [[0.701 0.271 0.025 0.004]
 [0.489 0.5   0.005 0.005]
 [0.372 0.163 0.326 0.14 ]
 [0.121 0.242 0.576 0.061]]
Validation acc: 0.5636363636363636
Validation class_accuracies: [0.7007042253521126, 0.5, 0.32558139534883723, 0.06060606060606061]
Validation sensitivity: 0.41729323308270677
Validation specificity: 0.7007042253521126
Validation icbhi_score: 0.5589987292174097
Validation roc_auc: None
Validation avg_accuracy: 0.3967229203267526
Validation one_indexed_epoch: 13
-- New best results were achieved. --
78/78 - 157s - loss: 0.4606 - accuracy: 0.8367 - 157s/epoch - 2s/step
Epoch 14/100
Validation cm: [[175  34  45  30]
 [ 91  75  10  14]
 [ 14   0  28   1]
 [  3   0  28   2]]
Validation normalized_cm: [[0.616 0.12  0.158 0.106]
 [0.479 0.395 0.053 0.074]
 [0.326 0.    0.651 0.023]
 [0.091 0.    0.848 0.061]]
Validation acc: 0.509090909090909
Validation class_accuracies: [0.6161971830985915, 0.39473684210526316, 0.6511627906976745, 0.06060606060606061]
Validation sensitivity: 0.39473684210526316
Validation specificity: 0.6161971830985915
Validation icbhi_score: 0.5054670126019274
Validation roc_auc: None
Validation avg_accuracy: 0.43067571912689745
Validation one_indexed_epoch: 14
78/78 - 156s - loss: 0.4492 - accuracy: 0.8423 - 156s/epoch - 2s/step
Epoch 15/100
Validation cm: [[ 70 206   3   5]
 [ 22 167   0   1]
 [  3  22   9   9]
 [  1  12  14   6]]
Validation normalized_cm: [[0.246 0.725 0.011 0.018]
 [0.116 0.879 0.    0.005]
 [0.07  0.512 0.209 0.209]
 [0.03  0.364 0.424 0.182]]
Validation acc: 0.4581818181818182
Validation class_accuracies: [0.24647887323943662, 0.8789473684210526, 0.20930232558139536, 0.18181818181818182]
Validation sensitivity: 0.6842105263157895
Validation specificity: 0.24647887323943662
Validation icbhi_score: 0.46534469977761306
Validation roc_auc: None
Validation avg_accuracy: 0.3791366872650166
Validation one_indexed_epoch: 15
78/78 - 156s - loss: 0.4454 - accuracy: 0.8319 - 156s/epoch - 2s/step
Epoch 16/100
Validation cm: [[249  30   4   1]
 [148  42   0   0]
 [ 23   2  16   2]
 [ 11   1  21   0]]
Validation normalized_cm: [[0.877 0.106 0.014 0.004]
 [0.779 0.221 0.    0.   ]
 [0.535 0.047 0.372 0.047]
 [0.333 0.03  0.636 0.   ]]
Validation acc: 0.5581818181818182
Validation class_accuracies: [0.8767605633802817, 0.22105263157894736, 0.37209302325581395, 0.0]
Validation sensitivity: 0.21804511278195488
Validation specificity: 0.8767605633802817
Validation icbhi_score: 0.5474028380811183
Validation roc_auc: None
Validation avg_accuracy: 0.36747655455376077
Validation one_indexed_epoch: 16
78/78 - 153s - loss: 0.4232 - accuracy: 0.8339 - 153s/epoch - 2s/step
Epoch 17/100
Validation cm: [[210  47   9  18]
 [105  74   4   7]
 [ 22   1  17   3]
 [  9   0  21   3]]
Validation normalized_cm: [[0.739 0.165 0.032 0.063]
 [0.553 0.389 0.021 0.037]
 [0.512 0.023 0.395 0.07 ]
 [0.273 0.    0.636 0.091]]
Validation acc: 0.5527272727272727
Validation class_accuracies: [0.7394366197183099, 0.3894736842105263, 0.3953488372093023, 0.09090909090909091]
Validation sensitivity: 0.3533834586466165
Validation specificity: 0.7394366197183099
Validation icbhi_score: 0.5464100391824632
Validation roc_auc: None
Validation avg_accuracy: 0.40379205801180734
Validation one_indexed_epoch: 17
78/78 - 154s - loss: 0.4117 - accuracy: 0.8323 - 154s/epoch - 2s/step
Epoch 18/100
Validation cm: [[247  33   3   1]
 [142  48   0   0]
 [ 25   3  12   3]
 [ 14   4  13   2]]
Validation normalized_cm: [[0.87  0.116 0.011 0.004]
 [0.747 0.253 0.    0.   ]
 [0.581 0.07  0.279 0.07 ]
 [0.424 0.121 0.394 0.061]]
Validation acc: 0.5618181818181818
Validation class_accuracies: [0.8697183098591549, 0.25263157894736843, 0.27906976744186046, 0.06060606060606061]
Validation sensitivity: 0.23308270676691728
Validation specificity: 0.8697183098591549
Validation icbhi_score: 0.5514005083130361
Validation roc_auc: None
Validation avg_accuracy: 0.3655064292136111
Validation one_indexed_epoch: 18
78/78 - 154s - loss: 0.3979 - accuracy: 0.8351 - 154s/epoch - 2s/step
Epoch 19/100
Validation cm: [[131 147   3   3]
 [ 78 110   0   2]
 [ 12  13  11   7]
 [  3  11  15   4]]
Validation normalized_cm: [[0.461 0.518 0.011 0.011]
 [0.411 0.579 0.    0.011]
 [0.279 0.302 0.256 0.163]
 [0.091 0.333 0.455 0.121]]
Validation acc: 0.46545454545454545
Validation class_accuracies: [0.4612676056338028, 0.5789473684210527, 0.2558139534883721, 0.12121212121212122]
Validation sensitivity: 0.4699248120300752
Validation specificity: 0.4612676056338028
Validation icbhi_score: 0.465596208831939
Validation roc_auc: None
Validation avg_accuracy: 0.3543102621888372
Validation one_indexed_epoch: 19
78/78 - 156s - loss: 0.3897 - accuracy: 0.8339 - 156s/epoch - 2s/step
Epoch 20/100
Validation cm: [[183  95   3   3]
 [ 87 103   0   0]
 [ 13  16  11   3]
 [  3  14  11   5]]
Validation normalized_cm: [[0.644 0.335 0.011 0.011]
 [0.458 0.542 0.    0.   ]
 [0.302 0.372 0.256 0.07 ]
 [0.091 0.424 0.333 0.152]]
Validation acc: 0.5490909090909091
Validation class_accuracies: [0.6443661971830986, 0.5421052631578948, 0.2558139534883721, 0.15151515151515152]
Validation sensitivity: 0.4473684210526316
Validation specificity: 0.6443661971830986
Validation icbhi_score: 0.5458673091178651
Validation roc_auc: None
Validation avg_accuracy: 0.39845014133612927
Validation one_indexed_epoch: 20
78/78 - 155s - loss: 0.3603 - accuracy: 0.8423 - 155s/epoch - 2s/step
Epoch 21/100
Validation cm: [[156 103  16   9]
 [ 72 108   1   9]
 [ 10   7  21   5]
 [  1   3  25   4]]
Validation normalized_cm: [[0.549 0.363 0.056 0.032]
 [0.379 0.568 0.005 0.047]
 [0.233 0.163 0.488 0.116]
 [0.03  0.091 0.758 0.121]]
Validation acc: 0.5254545454545455
Validation class_accuracies: [0.5492957746478874, 0.5684210526315789, 0.4883720930232558, 0.12121212121212122]
Validation sensitivity: 0.5
Validation specificity: 0.5492957746478874
Validation icbhi_score: 0.5246478873239437
Validation roc_auc: None
Validation avg_accuracy: 0.43182526037871083
Validation one_indexed_epoch: 21
78/78 - 157s - loss: 0.3536 - accuracy: 0.8427 - 157s/epoch - 2s/step
Epoch 22/100
Validation cm: [[155 117   6   6]
 [ 87 101   0   2]
 [ 12  12  15   4]
 [  1   8  20   4]]
Validation normalized_cm: [[0.546 0.412 0.021 0.021]
 [0.458 0.532 0.    0.011]
 [0.279 0.279 0.349 0.093]
 [0.03  0.242 0.606 0.121]]
Validation acc: 0.5
Validation class_accuracies: [0.545774647887324, 0.531578947368421, 0.3488372093023256, 0.12121212121212122]
Validation sensitivity: 0.45112781954887216
Validation specificity: 0.545774647887324
Validation icbhi_score: 0.4984512337180981
Validation roc_auc: None
Validation avg_accuracy: 0.386850731442548
Validation one_indexed_epoch: 22
78/78 - 154s - loss: 0.3460 - accuracy: 0.8375 - 154s/epoch - 2s/step
Epoch 23/100
Validation cm: [[181  96   6   1]
 [ 90 100   0   0]
 [ 18  11  11   3]
 [ 13   8  10   2]]
Validation normalized_cm: [[0.637 0.338 0.021 0.004]
 [0.474 0.526 0.    0.   ]
 [0.419 0.256 0.256 0.07 ]
 [0.394 0.242 0.303 0.061]]
Validation acc: 0.5345454545454545
Validation class_accuracies: [0.6373239436619719, 0.5263157894736842, 0.2558139534883721, 0.06060606060606061]
Validation sensitivity: 0.424812030075188
Validation specificity: 0.6373239436619719
Validation icbhi_score: 0.5310679868685799
Validation roc_auc: None
Validation avg_accuracy: 0.3700149368075222
Validation one_indexed_epoch: 23
78/78 - 155s - loss: 0.3356 - accuracy: 0.8387 - 155s/epoch - 2s/step
Epoch 24/100
Validation cm: [[230  47   6   1]
 [120  70   0   0]
 [ 22   5  16   0]
 [ 11   2  20   0]]
Validation normalized_cm: [[0.81  0.165 0.021 0.004]
 [0.632 0.368 0.    0.   ]
 [0.512 0.116 0.372 0.   ]
 [0.333 0.061 0.606 0.   ]]
Validation acc: 0.5745454545454546
Validation class_accuracies: [0.8098591549295775, 0.3684210526315789, 0.37209302325581395, 0.0]
Validation sensitivity: 0.3233082706766917
Validation specificity: 0.8098591549295775
Validation icbhi_score: 0.5665837128031346
Validation roc_auc: None
Validation avg_accuracy: 0.3875933077042426
Validation one_indexed_epoch: 24
-- New best results were achieved. --
78/78 - 152s - loss: 0.3166 - accuracy: 0.8439 - 152s/epoch - 2s/step
Epoch 25/100
Validation cm: [[185  86   8   5]
 [ 91  99   0   0]
 [ 17  11  11   4]
 [  1   8  19   5]]
Validation normalized_cm: [[0.651 0.303 0.028 0.018]
 [0.479 0.521 0.    0.   ]
 [0.395 0.256 0.256 0.093]
 [0.03  0.242 0.576 0.152]]
Validation acc: 0.5454545454545454
Validation class_accuracies: [0.6514084507042254, 0.5210526315789473, 0.2558139534883721, 0.15151515151515152]
Validation sensitivity: 0.4323308270676692
Validation specificity: 0.6514084507042254
Validation icbhi_score: 0.5418696388859473
Validation roc_auc: None
Validation avg_accuracy: 0.3949475468216741
Validation one_indexed_epoch: 25
78/78 - 158s - loss: 0.3000 - accuracy: 0.8447 - 158s/epoch - 2s/step
Epoch 26/100
Validation cm: [[219  55   7   3]
 [122  68   0   0]
 [ 23   7  10   3]
 [ 10   6  12   5]]
Validation normalized_cm: [[0.771 0.194 0.025 0.011]
 [0.642 0.358 0.    0.   ]
 [0.535 0.163 0.233 0.07 ]
 [0.303 0.182 0.364 0.152]]
Validation acc: 0.5490909090909091
Validation class_accuracies: [0.7711267605633803, 0.35789473684210527, 0.23255813953488372, 0.15151515151515152]
Validation sensitivity: 0.31203007518796994
Validation specificity: 0.7711267605633803
Validation icbhi_score: 0.5415784178756751
Validation roc_auc: None
Validation avg_accuracy: 0.3782736971138802
Validation one_indexed_epoch: 26
78/78 - 158s - loss: 0.2838 - accuracy: 0.8379 - 158s/epoch - 2s/step
Epoch 27/100
Validation cm: [[242  16  19   7]
 [152  30   3   5]
 [ 24   2  14   3]
 [ 11   0  17   5]]
Validation normalized_cm: [[0.852 0.056 0.067 0.025]
 [0.8   0.158 0.016 0.026]
 [0.558 0.047 0.326 0.07 ]
 [0.333 0.    0.515 0.152]]
Validation acc: 0.5290909090909091
Validation class_accuracies: [0.852112676056338, 0.15789473684210525, 0.32558139534883723, 0.15151515151515152]
Validation sensitivity: 0.18421052631578946
Validation specificity: 0.852112676056338
Validation icbhi_score: 0.5181616011860637
Validation roc_auc: None
Validation avg_accuracy: 0.37177598994060806
Validation one_indexed_epoch: 27
78/78 - 159s - loss: 0.3003 - accuracy: 0.8339 - 159s/epoch - 2s/step
Epoch 28/100
Validation cm: [[213  45  14  12]
 [120  60   2   8]
 [ 14   9  13   7]
 [  9   2  13   9]]
Validation normalized_cm: [[0.75  0.158 0.049 0.042]
 [0.632 0.316 0.011 0.042]
 [0.326 0.209 0.302 0.163]
 [0.273 0.061 0.394 0.273]]
Validation acc: 0.5363636363636364
Validation class_accuracies: [0.75, 0.3157894736842105, 0.3023255813953488, 0.2727272727272727]
Validation sensitivity: 0.3082706766917293
Validation specificity: 0.75
Validation icbhi_score: 0.5291353383458647
Validation roc_auc: None
Validation avg_accuracy: 0.41021058195170806
Validation one_indexed_epoch: 28
78/78 - 155s - loss: 0.2615 - accuracy: 0.8447 - 155s/epoch - 2s/step
Epoch 29/100
Validation cm: [[171 103   6   4]
 [ 94  95   0   1]
 [ 11  15   9   8]
 [  4   8  14   7]]
Validation normalized_cm: [[0.602 0.363 0.021 0.014]
 [0.495 0.5   0.    0.005]
 [0.256 0.349 0.209 0.186]
 [0.121 0.242 0.424 0.212]]
Validation acc: 0.5127272727272727
Validation class_accuracies: [0.602112676056338, 0.5, 0.20930232558139536, 0.21212121212121213]
Validation sensitivity: 0.41729323308270677
Validation specificity: 0.602112676056338
Validation icbhi_score: 0.5097029545695224
Validation roc_auc: None
Validation avg_accuracy: 0.38088405343973636
Validation one_indexed_epoch: 29
78/78 - 153s - loss: 0.2449 - accuracy: 0.8451 - 153s/epoch - 2s/step
Epoch 30/100
Validation cm: [[174 103   6   1]
 [ 96  93   0   1]
 [ 11  19  10   3]
 [  2  11  11   9]]
Validation normalized_cm: [[0.613 0.363 0.021 0.004]
 [0.505 0.489 0.    0.005]
 [0.256 0.442 0.233 0.07 ]
 [0.061 0.333 0.333 0.273]]
Validation acc: 0.52
Validation class_accuracies: [0.6126760563380281, 0.48947368421052634, 0.23255813953488372, 0.2727272727272727]
Validation sensitivity: 0.42105263157894735
Validation specificity: 0.6126760563380281
Validation icbhi_score: 0.5168643439584877
Validation roc_auc: None
Validation avg_accuracy: 0.40185878820267773
Validation one_indexed_epoch: 30
78/78 - 153s - loss: 0.2453 - accuracy: 0.8479 - 153s/epoch - 2s/step
Epoch 31/100
Validation cm: [[207  63   9   5]
 [119  66   0   5]
 [ 21   7  14   1]
 [  7   7  14   5]]
Validation normalized_cm: [[0.729 0.222 0.032 0.018]
 [0.626 0.347 0.    0.026]
 [0.488 0.163 0.326 0.023]
 [0.212 0.212 0.424 0.152]]
Validation acc: 0.5309090909090909
Validation class_accuracies: [0.7288732394366197, 0.3473684210526316, 0.32558139534883723, 0.15151515151515152]
Validation sensitivity: 0.31954887218045114
Validation specificity: 0.7288732394366197
Validation icbhi_score: 0.5242110558085354
Validation roc_auc: None
Validation avg_accuracy: 0.38833455183831006
Validation one_indexed_epoch: 31
78/78 - 155s - loss: 0.2303 - accuracy: 0.8483 - 155s/epoch - 2s/step
Epoch 32/100
Validation cm: [[196  74   6   8]
 [108  73   4   5]
 [ 24   2  14   3]
 [ 13   1  16   3]]
Validation normalized_cm: [[0.69  0.261 0.021 0.028]
 [0.568 0.384 0.021 0.026]
 [0.558 0.047 0.326 0.07 ]
 [0.394 0.03  0.485 0.091]]
Validation acc: 0.52
Validation class_accuracies: [0.6901408450704225, 0.38421052631578945, 0.32558139534883723, 0.09090909090909091]
Validation sensitivity: 0.3383458646616541
Validation specificity: 0.6901408450704225
Validation icbhi_score: 0.5142433548660383
Validation roc_auc: None
Validation avg_accuracy: 0.37271046441103506
Validation one_indexed_epoch: 32
78/78 - 155s - loss: 0.2317 - accuracy: 0.8495 - 155s/epoch - 2s/step
Epoch 33/100
Validation cm: [[225  34  17   8]
 [138  40   7   5]
 [ 17   2  23   1]
 [  5   1  24   3]]
Validation normalized_cm: [[0.792 0.12  0.06  0.028]
 [0.726 0.211 0.037 0.026]
 [0.395 0.047 0.535 0.023]
 [0.152 0.03  0.727 0.091]]
Validation acc: 0.5290909090909091
Validation class_accuracies: [0.7922535211267606, 0.21052631578947367, 0.5348837209302325, 0.09090909090909091]
Validation sensitivity: 0.24812030075187969
Validation specificity: 0.7922535211267606
Validation icbhi_score: 0.5201869109393201
Validation roc_auc: None
Validation avg_accuracy: 0.40714316218888946
Validation one_indexed_epoch: 33
78/78 - 154s - loss: 0.2222 - accuracy: 0.8447 - 154s/epoch - 2s/step
Epoch 34/100
Validation cm: [[220  55   8   1]
 [134  54   1   1]
 [ 21   8  11   3]
 [ 14   1  14   4]]
Validation normalized_cm: [[0.775 0.194 0.028 0.004]
 [0.705 0.284 0.005 0.005]
 [0.488 0.186 0.256 0.07 ]
 [0.424 0.03  0.424 0.121]]
Validation acc: 0.5254545454545455
Validation class_accuracies: [0.7746478873239436, 0.28421052631578947, 0.2558139534883721, 0.12121212121212122]
Validation sensitivity: 0.2593984962406015
Validation specificity: 0.7746478873239436
Validation icbhi_score: 0.5170231917822725
Validation roc_auc: None
Validation avg_accuracy: 0.35897112208505655
Validation one_indexed_epoch: 34
78/78 - 154s - loss: 0.2036 - accuracy: 0.8467 - 154s/epoch - 2s/step
Epoch 35/100
Validation cm: [[204  70   7   3]
 [119  68   1   2]
 [ 20   9  10   4]
 [  9   4  13   7]]
Validation normalized_cm: [[0.718 0.246 0.025 0.011]
 [0.626 0.358 0.005 0.011]
 [0.465 0.209 0.233 0.093]
 [0.273 0.121 0.394 0.212]]
Validation acc: 0.5254545454545455
Validation class_accuracies: [0.7183098591549296, 0.35789473684210527, 0.23255813953488372, 0.21212121212121213]
Validation sensitivity: 0.31954887218045114
Validation specificity: 0.7183098591549296
Validation icbhi_score: 0.5189293656676903
Validation roc_auc: None
Validation avg_accuracy: 0.3802209869132827
Validation one_indexed_epoch: 35
78/78 - 153s - loss: 0.1974 - accuracy: 0.8467 - 153s/epoch - 2s/step
Epoch 36/100
Validation cm: [[201  75   6   2]
 [114  73   0   3]
 [ 20   6  14   3]
 [ 11   3  15   4]]
Validation normalized_cm: [[0.708 0.264 0.021 0.007]
 [0.6   0.384 0.    0.016]
 [0.465 0.14  0.326 0.07 ]
 [0.333 0.091 0.455 0.121]]
Validation acc: 0.5309090909090909
Validation class_accuracies: [0.7077464788732394, 0.38421052631578945, 0.32558139534883723, 0.12121212121212122]
Validation sensitivity: 0.34210526315789475
Validation specificity: 0.7077464788732394
Validation icbhi_score: 0.5249258710155671
Validation roc_auc: None
Validation avg_accuracy: 0.38468763043749676
Validation one_indexed_epoch: 36
78/78 - 152s - loss: 0.2059 - accuracy: 0.8455 - 152s/epoch - 2s/step
Epoch 37/100
Validation cm: [[193  83   6   2]
 [115  73   0   2]
 [ 18  10  10   5]
 [ 10   5  12   6]]
Validation normalized_cm: [[0.68  0.292 0.021 0.007]
 [0.605 0.384 0.    0.011]
 [0.419 0.233 0.233 0.116]
 [0.303 0.152 0.364 0.182]]
Validation acc: 0.5127272727272727
Validation class_accuracies: [0.6795774647887324, 0.38421052631578945, 0.23255813953488372, 0.18181818181818182]
Validation sensitivity: 0.33458646616541354
Validation specificity: 0.6795774647887324
Validation icbhi_score: 0.507081965477073
Validation roc_auc: None
Validation avg_accuracy: 0.36954107811439685
Validation one_indexed_epoch: 37
78/78 - 160s - loss: 0.1908 - accuracy: 0.8511 - 160s/epoch - 2s/step
Epoch 38/100
Validation cm: [[219  59   5   1]
 [130  54   2   4]
 [ 24   5  12   2]
 [ 14   1  17   1]]
Validation normalized_cm: [[0.771 0.208 0.018 0.004]
 [0.684 0.284 0.011 0.021]
 [0.558 0.116 0.279 0.047]
 [0.424 0.03  0.515 0.03 ]]
Validation acc: 0.52
Validation class_accuracies: [0.7711267605633803, 0.28421052631578947, 0.27906976744186046, 0.030303030303030304]
Validation sensitivity: 0.2518796992481203
Validation specificity: 0.7711267605633803
Validation icbhi_score: 0.5115032299057503
Validation roc_auc: None
Validation avg_accuracy: 0.34117752115601513
Validation one_indexed_epoch: 38
78/78 - 154s - loss: 0.1800 - accuracy: 0.8439 - 154s/epoch - 2s/step
Epoch 39/100
Validation cm: [[212  64   6   2]
 [125  62   0   3]
 [ 24   6  12   1]
 [ 15   1  14   3]]
Validation normalized_cm: [[0.746 0.225 0.021 0.007]
 [0.658 0.326 0.    0.016]
 [0.558 0.14  0.279 0.023]
 [0.455 0.03  0.424 0.091]]
Validation acc: 0.5254545454545455
Validation class_accuracies: [0.7464788732394366, 0.3263157894736842, 0.27906976744186046, 0.09090909090909091]
Validation sensitivity: 0.2894736842105263
Validation specificity: 0.7464788732394366
Validation icbhi_score: 0.5179762787249815
Validation roc_auc: None
Validation avg_accuracy: 0.36069338026601805
Validation one_indexed_epoch: 39
78/78 - 158s - loss: 0.1817 - accuracy: 0.8455 - 158s/epoch - 2s/step
Epoch 40/100
Validation cm: [[200  75   8   1]
 [119  68   1   2]
 [ 18  10  12   3]
 [ 10   5  12   6]]
Validation normalized_cm: [[0.704 0.264 0.028 0.004]
 [0.626 0.358 0.005 0.011]
 [0.419 0.233 0.279 0.07 ]
 [0.303 0.152 0.364 0.182]]
Validation acc: 0.52
Validation class_accuracies: [0.704225352112676, 0.35789473684210527, 0.27906976744186046, 0.18181818181818182]
Validation sensitivity: 0.3233082706766917
Validation specificity: 0.704225352112676
Validation icbhi_score: 0.5137668113946838
Validation roc_auc: None
Validation avg_accuracy: 0.3807520095537059
Validation one_indexed_epoch: 40
78/78 - 155s - loss: 0.1892 - accuracy: 0.8363 - 155s/epoch - 2s/step
Epoch 41/100
Validation cm: [[221  50   9   4]
 [142  42   2   4]
 [ 23   3  14   3]
 [ 11   2  15   5]]
Validation normalized_cm: [[0.778 0.176 0.032 0.014]
 [0.747 0.221 0.011 0.021]
 [0.535 0.07  0.326 0.07 ]
 [0.333 0.061 0.455 0.152]]
Validation acc: 0.5127272727272727
Validation class_accuracies: [0.778169014084507, 0.22105263157894736, 0.32558139534883723, 0.15151515151515152]
Validation sensitivity: 0.22932330827067668
Validation specificity: 0.778169014084507
Validation icbhi_score: 0.5037461611775919
Validation roc_auc: None
Validation avg_accuracy: 0.3690795481318608
Validation one_indexed_epoch: 41
78/78 - 154s - loss: 0.1715 - accuracy: 0.8371 - 154s/epoch - 2s/step
Epoch 42/100
Validation cm: [[195  77   9   3]
 [112  69   3   6]
 [ 21   6  13   3]
 [ 11   3  16   3]]
Validation normalized_cm: [[0.687 0.271 0.032 0.011]
 [0.589 0.363 0.016 0.032]
 [0.488 0.14  0.302 0.07 ]
 [0.333 0.091 0.485 0.091]]
Validation acc: 0.509090909090909
Validation class_accuracies: [0.6866197183098591, 0.3631578947368421, 0.3023255813953488, 0.09090909090909091]
Validation sensitivity: 0.31954887218045114
Validation specificity: 0.6866197183098591
Validation icbhi_score: 0.5030842952451551
Validation roc_auc: None
Validation avg_accuracy: 0.3607530713377852
Validation one_indexed_epoch: 42
78/78 - 153s - loss: 0.1717 - accuracy: 0.8519 - 153s/epoch - 2s/step
Epoch 43/100
Validation cm: [[205  72   5   2]
 [118  69   0   3]
 [ 20   9  11   3]
 [ 13   2  13   5]]
Validation normalized_cm: [[0.722 0.254 0.018 0.007]
 [0.621 0.363 0.    0.016]
 [0.465 0.209 0.256 0.07 ]
 [0.394 0.061 0.394 0.152]]
Validation acc: 0.5272727272727272
Validation class_accuracies: [0.721830985915493, 0.3631578947368421, 0.2558139534883721, 0.15151515151515152]
Validation sensitivity: 0.31954887218045114
Validation specificity: 0.721830985915493
Validation icbhi_score: 0.5206899290479721
Validation roc_auc: None
Validation avg_accuracy: 0.3730794964139647
Validation one_indexed_epoch: 43
78/78 - 155s - loss: 0.1614 - accuracy: 0.8527 - 155s/epoch - 2s/step
Epoch 44/100
Validation cm: [[176  95  11   2]
 [101  84   0   5]
 [ 14  12  13   4]
 [  7   5  12   9]]
Validation normalized_cm: [[0.62  0.335 0.039 0.007]
 [0.532 0.442 0.    0.026]
 [0.326 0.279 0.302 0.093]
 [0.212 0.152 0.364 0.273]]
Validation acc: 0.5127272727272727
Validation class_accuracies: [0.6197183098591549, 0.4421052631578947, 0.3023255813953488, 0.2727272727272727]
Validation sensitivity: 0.39849624060150374
Validation specificity: 0.6197183098591549
Validation icbhi_score: 0.5091072752303293
Validation roc_auc: None
Validation avg_accuracy: 0.40921910678491774
Validation one_indexed_epoch: 44
78/78 - 158s - loss: 0.1623 - accuracy: 0.8351 - 158s/epoch - 2s/step
Epoch 45/100
Validation cm: [[200  78   5   1]
 [109  78   0   3]
 [ 20   9  10   4]
 [ 13   2  13   5]]
Validation normalized_cm: [[0.704 0.275 0.018 0.004]
 [0.574 0.411 0.    0.016]
 [0.465 0.209 0.233 0.093]
 [0.394 0.061 0.394 0.152]]
Validation acc: 0.5327272727272727
Validation class_accuracies: [0.704225352112676, 0.4105263157894737, 0.23255813953488372, 0.15151515151515152]
Validation sensitivity: 0.34962406015037595
Validation specificity: 0.704225352112676
Validation icbhi_score: 0.526924706131526
Validation roc_auc: None
Validation avg_accuracy: 0.37470623973804623
Validation one_indexed_epoch: 45
78/78 - 157s - loss: 0.1628 - accuracy: 0.8431 - 157s/epoch - 2s/step
Epoch 46/100
Validation cm: [[181  89   9   5]
 [ 99  83   2   6]
 [ 16  13   9   5]
 [ 10   6  12   5]]
Validation normalized_cm: [[0.637 0.313 0.032 0.018]
 [0.521 0.437 0.011 0.032]
 [0.372 0.302 0.209 0.116]
 [0.303 0.182 0.364 0.152]]
Validation acc: 0.5054545454545455
Validation class_accuracies: [0.6373239436619719, 0.4368421052631579, 0.20930232558139536, 0.15151515151515152]
Validation sensitivity: 0.36466165413533835
Validation specificity: 0.6373239436619719
Validation icbhi_score: 0.5009927988986551
Validation roc_auc: None
Validation avg_accuracy: 0.35874588150541914
Validation one_indexed_epoch: 46
78/78 - 156s - loss: 0.1555 - accuracy: 0.8483 - 156s/epoch - 2s/step
Epoch 47/100
Validation cm: [[189  84   8   3]
 [104  81   1   4]
 [ 18  10   9   6]
 [  9   4  13   7]]
Validation normalized_cm: [[0.665 0.296 0.028 0.011]
 [0.547 0.426 0.005 0.021]
 [0.419 0.233 0.209 0.14 ]
 [0.273 0.121 0.394 0.212]]
Validation acc: 0.52
Validation class_accuracies: [0.6654929577464789, 0.4263157894736842, 0.20930232558139536, 0.21212121212121213]
Validation sensitivity: 0.36466165413533835
Validation specificity: 0.6654929577464789
Validation icbhi_score: 0.5150773059409086
Validation roc_auc: None
Validation avg_accuracy: 0.3783080712306926
Validation one_indexed_epoch: 47
78/78 - 152s - loss: 0.1373 - accuracy: 0.8463 - 152s/epoch - 2s/step
Epoch 48/100
Validation cm: [[183  84  12   5]
 [101  78   2   9]
 [ 16  11  11   5]
 [ 10   3  15   5]]
Validation normalized_cm: [[0.644 0.296 0.042 0.018]
 [0.532 0.411 0.011 0.047]
 [0.372 0.256 0.256 0.116]
 [0.303 0.091 0.455 0.152]]
Validation acc: 0.5036363636363637
Validation class_accuracies: [0.6443661971830986, 0.4105263157894737, 0.2558139534883721, 0.15151515151515152]
Validation sensitivity: 0.3533834586466165
Validation specificity: 0.6443661971830986
Validation icbhi_score: 0.4988748279148576
Validation roc_auc: None
Validation avg_accuracy: 0.365555404494024
Validation one_indexed_epoch: 48
78/78 - 151s - loss: 0.1386 - accuracy: 0.8507 - 151s/epoch - 2s/step
Epoch 49/100
Validation cm: [[180  89  12   3]
 [104  80   2   4]
 [ 16  11  11   5]
 [ 11   3  16   3]]
Validation normalized_cm: [[0.634 0.313 0.042 0.011]
 [0.547 0.421 0.011 0.021]
 [0.372 0.256 0.256 0.116]
 [0.333 0.091 0.485 0.091]]
Validation acc: 0.49818181818181817
Validation class_accuracies: [0.6338028169014085, 0.42105263157894735, 0.2558139534883721, 0.09090909090909091]
Validation sensitivity: 0.3533834586466165
Validation specificity: 0.6338028169014085
Validation icbhi_score: 0.4935931377740125
Validation roc_auc: None
Validation avg_accuracy: 0.3503946232194547
Validation one_indexed_epoch: 49
78/78 - 153s - loss: 0.1352 - accuracy: 0.8447 - 153s/epoch - 2s/step
Epoch 50/100
Validation cm: [[169 100   8   7]
 [ 96  85   1   8]
 [ 12  14   8   9]
 [  9   4  12   8]]
Validation normalized_cm: [[0.595 0.352 0.028 0.025]
 [0.505 0.447 0.005 0.042]
 [0.279 0.326 0.186 0.209]
 [0.273 0.121 0.364 0.242]]
Validation acc: 0.4909090909090909
Validation class_accuracies: [0.5950704225352113, 0.4473684210526316, 0.18604651162790697, 0.24242424242424243]
Validation sensitivity: 0.37969924812030076
Validation specificity: 0.5950704225352113
Validation icbhi_score: 0.487384835327756
Validation roc_auc: None
Validation avg_accuracy: 0.36772739940999805
Validation one_indexed_epoch: 50
78/78 - 155s - loss: 0.1499 - accuracy: 0.8483 - 155s/epoch - 2s/step
Epoch 51/100
Validation cm: [[187  85  11   1]
 [109  76   2   3]
 [ 17  10  11   5]
 [ 12   3  14   4]]
Validation normalized_cm: [[0.658 0.299 0.039 0.004]
 [0.574 0.4   0.011 0.016]
 [0.395 0.233 0.256 0.116]
 [0.364 0.091 0.424 0.121]]
Validation acc: 0.5054545454545455
Validation class_accuracies: [0.6584507042253521, 0.4, 0.2558139534883721, 0.12121212121212122]
Validation sensitivity: 0.34210526315789475
Validation specificity: 0.6584507042253521
Validation icbhi_score: 0.5002779836916235
Validation roc_auc: None
Validation avg_accuracy: 0.3588691947314614
Validation one_indexed_epoch: 51
78/78 - 157s - loss: 0.1318 - accuracy: 0.8519 - 157s/epoch - 2s/step
Epoch 52/100
Validation cm: [[181  87  14   2]
 [110  73   1   6]
 [ 17   9  11   6]
 [ 10   3  15   5]]
Validation normalized_cm: [[0.637 0.306 0.049 0.007]
 [0.579 0.384 0.005 0.032]
 [0.395 0.209 0.256 0.14 ]
 [0.303 0.091 0.455 0.152]]
Validation acc: 0.4909090909090909
Validation class_accuracies: [0.6373239436619719, 0.38421052631578945, 0.2558139534883721, 0.15151515151515152]
Validation sensitivity: 0.33458646616541354
Validation specificity: 0.6373239436619719
Validation icbhi_score: 0.4859552049136927
Validation roc_auc: None
Validation avg_accuracy: 0.35721589374532126
Validation one_indexed_epoch: 52
78/78 - 157s - loss: 0.1353 - accuracy: 0.8459 - 157s/epoch - 2s/step
Epoch 53/100
Validation cm: [[173  97  11   3]
 [ 94  91   0   5]
 [ 14  12  11   6]
 [  9   4  13   7]]
Validation normalized_cm: [[0.609 0.342 0.039 0.011]
 [0.495 0.479 0.    0.026]
 [0.326 0.279 0.256 0.14 ]
 [0.273 0.121 0.394 0.212]]
Validation acc: 0.5127272727272727
Validation class_accuracies: [0.6091549295774648, 0.4789473684210526, 0.2558139534883721, 0.21212121212121213]
Validation sensitivity: 0.40977443609022557
Validation specificity: 0.6091549295774648
Validation icbhi_score: 0.5094646828338452
Validation roc_auc: None
Validation avg_accuracy: 0.3890093659020254
Validation one_indexed_epoch: 53
78/78 - 153s - loss: 0.1246 - accuracy: 0.8547 - 153s/epoch - 2s/step
Epoch 54/100
Validation cm: [[159 107  13   5]
 [ 90  92   1   7]
 [ 13  12  11   7]
 [  8   5  13   7]]
Validation normalized_cm: [[0.56  0.377 0.046 0.018]
 [0.474 0.484 0.005 0.037]
 [0.302 0.279 0.256 0.163]
 [0.242 0.152 0.394 0.212]]
Validation acc: 0.4890909090909091
Validation class_accuracies: [0.5598591549295775, 0.4842105263157895, 0.2558139534883721, 0.21212121212121213]
Validation sensitivity: 0.41353383458646614
Validation specificity: 0.5598591549295775
Validation icbhi_score: 0.4866964947580218
Validation roc_auc: None
Validation avg_accuracy: 0.3780012117137378
Validation one_indexed_epoch: 54
