Tensorflow Version: 2.8.0
Num GPUs Available:  1
Collecting Variables...
All variables have been collected.
../cache/
cw
train107
Description: new model 106 (X) 4 classes cw with weights, chaging wdecay 1e-4 plotting history, bsize=32 1 epochs  64 lstm 5sec with learning coefficients
-----------------------
Job id is 1.
Job dir: ../cache/cw/train107/1
- Loading Icbhi.
725 Icbhi audios have been loaded.
- Preparing Icbhi.
112 Icbhi groups of audio chunks (by filename or patients) have been prepared.
--- Samples are being split into training/val groups and de-grouped by patient ---
--- Icbhi training dataset went from 0 to 2696 elements, with 1010 none's, 946 crakles, 374 wheezes and 356 both ---
--- Icbhi Validation dataset contains 338 elements, with 212 none, 64 crackles, 14 wheezes and 48 both ---
0
0
0
0
-----------------------
--- Final training dataset went from 0 to 2696 elements, with 1010 none's, 946 crakles, 374 wheezes and 356 both ---
--- Final Validation dataset contains 338 elements, with 212 none, 64 crackles, 14 wheezes and 48 both ---
Initializing weights...
weights = {0: 0.6620825147347741, 1: 0.7124735729386892, 2: 1.7973333333333332, 3: 1.887955182072829}
Model: "leaf_model9_model_106"
______________________________________________________________________________________________________________
 Layer (type)                                    Output Shape                                Param #          
==============================================================================================================
 leaf (Leaf)                                     multiple                                    560              
                                                                                                              
 mel_filterbanks (MelFilterbanks)                multiple                                    0 (unused)       
                                                                                                              
 sincnet (SincNet)                               multiple                                    0 (unused)       
                                                                                                              
 sequential (Sequential)                         (None, 80, 350, 1)                          4                
                                                                                                              
 sequential_1 (Sequential)                       (None, 80, 350, 16)                         2352             
                                                                                                              
 sequential_2 (Sequential)                       (None, 80, 350, 16)                         6448             
                                                                                                              
 sequential_3 (Sequential)                       (None, 80, 350, 16)                         32               
                                                                                                              
 concatenate (Concatenate)                       multiple                                    0                
                                                                                                              
 sequential_4 (Sequential)                       (None, 10, 1024)                            6191296          
                                                                                                              
 sequential_5 (Sequential)                       (None, 500)                                 575518           
                                                                                                              
 dense_2 (Dense)                                 multiple                                    1002             
                                                                                                              
==============================================================================================================
Total params: 6,777,374
Trainable params: 6,735,868
Non-trainable params: 41,506
______________________________________________________________________________________________________________
Target metric is icbhi_score
Epoch 1/100
Validation cm: [[  0 212   0   0]
 [  0  64   0   0]
 [  0  14   0   0]
 [  0  48   0   0]]
Validation normalized_cm: [[0. 1. 0. 0.]
 [0. 1. 0. 0.]
 [0. 1. 0. 0.]
 [0. 1. 0. 0.]]
Validation acc: 0.1893491124260355
Validation class_accuracies: [0.0, 1.0, 0.0, 0.0]
Validation sensitivity: 0.5079365079365079
Validation specificity: 0.0
Validation icbhi_score: 0.25396825396825395
Validation roc_auc: None
Validation avg_accuracy: 0.25
Validation one_indexed_epoch: 1
-- New best results were achieved. --
85/85 - 189s - loss: 0.7191 - accuracy: 0.5159 - 189s/epoch - 2s/step
Epoch 2/100
Validation cm: [[  0 212   0   0]
 [  0  64   0   0]
 [  0  14   0   0]
 [  0  48   0   0]]
Validation normalized_cm: [[0. 1. 0. 0.]
 [0. 1. 0. 0.]
 [0. 1. 0. 0.]
 [0. 1. 0. 0.]]
Validation acc: 0.1893491124260355
Validation class_accuracies: [0.0, 1.0, 0.0, 0.0]
Validation sensitivity: 0.5079365079365079
Validation specificity: 0.0
Validation icbhi_score: 0.25396825396825395
Validation roc_auc: None
Validation avg_accuracy: 0.25
Validation one_indexed_epoch: 2
85/85 - 168s - loss: 0.6670 - accuracy: 0.6128 - 168s/epoch - 2s/step
Epoch 3/100
Validation cm: [[  0 212   0   0]
 [  0  64   0   0]
 [  0  14   0   0]
 [  0  48   0   0]]
Validation normalized_cm: [[0. 1. 0. 0.]
 [0. 1. 0. 0.]
 [0. 1. 0. 0.]
 [0. 1. 0. 0.]]
Validation acc: 0.1893491124260355
Validation class_accuracies: [0.0, 1.0, 0.0, 0.0]
Validation sensitivity: 0.5079365079365079
Validation specificity: 0.0
Validation icbhi_score: 0.25396825396825395
Validation roc_auc: None
Validation avg_accuracy: 0.25
Validation one_indexed_epoch: 3
85/85 - 168s - loss: 0.6200 - accuracy: 0.7563 - 168s/epoch - 2s/step
Epoch 4/100
Validation cm: [[  0 212   0   0]
 [  0  64   0   0]
 [  0  14   0   0]
 [  0  48   0   0]]
Validation normalized_cm: [[0. 1. 0. 0.]
 [0. 1. 0. 0.]
 [0. 1. 0. 0.]
 [0. 1. 0. 0.]]
Validation acc: 0.1893491124260355
Validation class_accuracies: [0.0, 1.0, 0.0, 0.0]
Validation sensitivity: 0.5079365079365079
Validation specificity: 0.0
Validation icbhi_score: 0.25396825396825395
Validation roc_auc: None
Validation avg_accuracy: 0.25
Validation one_indexed_epoch: 4
85/85 - 168s - loss: 0.6088 - accuracy: 0.7533 - 168s/epoch - 2s/step
Epoch 5/100
Validation cm: [[  0 212   0   0]
 [  0  64   0   0]
 [  0  14   0   0]
 [  0  48   0   0]]
Validation normalized_cm: [[0. 1. 0. 0.]
 [0. 1. 0. 0.]
 [0. 1. 0. 0.]
 [0. 1. 0. 0.]]
Validation acc: 0.1893491124260355
Validation class_accuracies: [0.0, 1.0, 0.0, 0.0]
Validation sensitivity: 0.5079365079365079
Validation specificity: 0.0
Validation icbhi_score: 0.25396825396825395
Validation roc_auc: None
Validation avg_accuracy: 0.25
Validation one_indexed_epoch: 5
85/85 - 168s - loss: 0.5893 - accuracy: 0.7730 - 168s/epoch - 2s/step
Epoch 6/100
Validation cm: [[  0 212   0   0]
 [  0  64   0   0]
 [  0  14   0   0]
 [  0  48   0   0]]
Validation normalized_cm: [[0. 1. 0. 0.]
 [0. 1. 0. 0.]
 [0. 1. 0. 0.]
 [0. 1. 0. 0.]]
Validation acc: 0.1893491124260355
Validation class_accuracies: [0.0, 1.0, 0.0, 0.0]
Validation sensitivity: 0.5079365079365079
Validation specificity: 0.0
Validation icbhi_score: 0.25396825396825395
Validation roc_auc: None
Validation avg_accuracy: 0.25
Validation one_indexed_epoch: 6
85/85 - 170s - loss: 0.5777 - accuracy: 0.7585 - 170s/epoch - 2s/step
Epoch 7/100
Validation cm: [[  3 209   0   0]
 [  0  64   0   0]
 [  0  14   0   0]
 [  0  48   0   0]]
Validation normalized_cm: [[0.014 0.986 0.    0.   ]
 [0.    1.    0.    0.   ]
 [0.    1.    0.    0.   ]
 [0.    1.    0.    0.   ]]
Validation acc: 0.19822485207100593
Validation class_accuracies: [0.014150943396226415, 1.0, 0.0, 0.0]
Validation sensitivity: 0.5079365079365079
Validation specificity: 0.014150943396226415
Validation icbhi_score: 0.2610437256663672
Validation roc_auc: None
Validation avg_accuracy: 0.2535377358490566
Validation one_indexed_epoch: 7
-- New best results were achieved. --
85/85 - 168s - loss: 0.5624 - accuracy: 0.7723 - 168s/epoch - 2s/step
Epoch 8/100
Validation cm: [[172  39   1   0]
 [ 48  16   0   0]
 [  5   7   1   1]
 [ 29  18   1   0]]
Validation normalized_cm: [[0.811 0.184 0.005 0.   ]
 [0.75  0.25  0.    0.   ]
 [0.357 0.5   0.071 0.071]
 [0.604 0.375 0.021 0.   ]]
Validation acc: 0.5591715976331361
Validation class_accuracies: [0.8113207547169812, 0.25, 0.07142857142857142, 0.0]
Validation sensitivity: 0.1349206349206349
Validation specificity: 0.8113207547169812
Validation icbhi_score: 0.47312069481880803
Validation roc_auc: None
Validation avg_accuracy: 0.28318733153638814
Validation one_indexed_epoch: 8
-- New best results were achieved. --
85/85 - 168s - loss: 0.5516 - accuracy: 0.7630 - 168s/epoch - 2s/step
Epoch 9/100
Validation cm: [[184  24   3   1]
 [ 49  15   0   0]
 [  5   5   1   3]
 [ 30  14   1   3]]
Validation normalized_cm: [[0.868 0.113 0.014 0.005]
 [0.766 0.234 0.    0.   ]
 [0.357 0.357 0.071 0.214]
 [0.625 0.292 0.021 0.062]]
Validation acc: 0.6005917159763313
Validation class_accuracies: [0.8679245283018868, 0.234375, 0.07142857142857142, 0.0625]
Validation sensitivity: 0.15079365079365079
Validation specificity: 0.8679245283018868
Validation icbhi_score: 0.5093590895477688
Validation roc_auc: None
Validation avg_accuracy: 0.30905702493261455
Validation one_indexed_epoch: 9
-- New best results were achieved. --
85/85 - 171s - loss: 0.5389 - accuracy: 0.7864 - 171s/epoch - 2s/step
Epoch 10/100
Validation cm: [[ 51 108  34  19]
 [ 13  36  12   3]
 [  1   3   3   7]
 [ 14  12   9  13]]
Validation normalized_cm: [[0.241 0.509 0.16  0.09 ]
 [0.203 0.562 0.188 0.047]
 [0.071 0.214 0.214 0.5  ]
 [0.292 0.25  0.188 0.271]]
Validation acc: 0.3047337278106509
Validation class_accuracies: [0.24056603773584906, 0.5625, 0.21428571428571427, 0.2708333333333333]
Validation sensitivity: 0.4126984126984127
Validation specificity: 0.24056603773584906
Validation icbhi_score: 0.32663222521713087
Validation roc_auc: None
Validation avg_accuracy: 0.32204627133872415
Validation one_indexed_epoch: 10
85/85 - 169s - loss: 0.5205 - accuracy: 0.7786 - 169s/epoch - 2s/step
Epoch 11/100
Validation cm: [[96 90 25  1]
 [26 33  5  0]
 [ 4  4  3  3]
 [20 16  9  3]]
Validation normalized_cm: [[0.453 0.425 0.118 0.005]
 [0.406 0.516 0.078 0.   ]
 [0.286 0.286 0.214 0.214]
 [0.417 0.333 0.188 0.062]]
Validation acc: 0.3994082840236686
Validation class_accuracies: [0.4528301886792453, 0.515625, 0.21428571428571427, 0.0625]
Validation sensitivity: 0.30952380952380953
Validation specificity: 0.4528301886792453
Validation icbhi_score: 0.3811769991015274
Validation roc_auc: None
Validation avg_accuracy: 0.3113102257412399
Validation one_indexed_epoch: 11
85/85 - 169s - loss: 0.5116 - accuracy: 0.7749 - 169s/epoch - 2s/step
Epoch 12/100
Validation cm: [[134  56  20   2]
 [ 34  27   3   0]
 [  6   1   4   3]
 [ 23  15   6   4]]
Validation normalized_cm: [[0.632 0.264 0.094 0.009]
 [0.531 0.422 0.047 0.   ]
 [0.429 0.071 0.286 0.214]
 [0.479 0.312 0.125 0.083]]
Validation acc: 0.5
Validation class_accuracies: [0.6320754716981132, 0.421875, 0.2857142857142857, 0.08333333333333333]
Validation sensitivity: 0.2777777777777778
Validation specificity: 0.6320754716981132
Validation icbhi_score: 0.4549266247379455
Validation roc_auc: None
Validation avg_accuracy: 0.35574952268643306
Validation one_indexed_epoch: 12
85/85 - 170s - loss: 0.4973 - accuracy: 0.7908 - 170s/epoch - 2s/step
Epoch 13/100
Validation cm: [[148  19  39   6]
 [ 40  13   9   2]
 [  5   0   8   1]
 [ 25   7   9   7]]
Validation normalized_cm: [[0.698 0.09  0.184 0.028]
 [0.625 0.203 0.141 0.031]
 [0.357 0.    0.571 0.071]
 [0.521 0.146 0.188 0.146]]
Validation acc: 0.5207100591715976
Validation class_accuracies: [0.6981132075471698, 0.203125, 0.5714285714285714, 0.14583333333333334]
Validation sensitivity: 0.2222222222222222
Validation specificity: 0.6981132075471698
Validation icbhi_score: 0.460167714884696
Validation roc_auc: None
Validation avg_accuracy: 0.4046250280772686
Validation one_indexed_epoch: 13
85/85 - 168s - loss: 0.4923 - accuracy: 0.7804 - 168s/epoch - 2s/step
Epoch 14/100
Validation cm: [[ 28 120  32  32]
 [  6  38  10  10]
 [  0   4   7   3]
 [ 10   9  12  17]]
Validation normalized_cm: [[0.132 0.566 0.151 0.151]
 [0.094 0.594 0.156 0.156]
 [0.    0.286 0.5   0.214]
 [0.208 0.188 0.25  0.354]]
Validation acc: 0.26627218934911245
Validation class_accuracies: [0.1320754716981132, 0.59375, 0.5, 0.3541666666666667]
Validation sensitivity: 0.49206349206349204
Validation specificity: 0.1320754716981132
Validation icbhi_score: 0.31206948188080263
Validation roc_auc: None
Validation avg_accuracy: 0.394998034591195
Validation one_indexed_epoch: 14
85/85 - 171s - loss: 0.4797 - accuracy: 0.7927 - 171s/epoch - 2s/step
Epoch 15/100
Validation cm: [[ 72 127   9   4]
 [ 18  42   2   2]
 [  4   8   1   1]
 [ 17  25   3   3]]
Validation normalized_cm: [[0.34  0.599 0.042 0.019]
 [0.281 0.656 0.031 0.031]
 [0.286 0.571 0.071 0.071]
 [0.354 0.521 0.062 0.062]]
Validation acc: 0.34911242603550297
Validation class_accuracies: [0.33962264150943394, 0.65625, 0.07142857142857142, 0.0625]
Validation sensitivity: 0.36507936507936506
Validation specificity: 0.33962264150943394
Validation icbhi_score: 0.3523510032943995
Validation roc_auc: None
Validation avg_accuracy: 0.2824503032345013
Validation one_indexed_epoch: 15
85/85 - 171s - loss: 0.4705 - accuracy: 0.7771 - 171s/epoch - 2s/step
Epoch 16/100
Validation cm: [[ 63 105  23  21]
 [ 12  39   8   5]
 [  2   2   4   6]
 [ 16  11   7  14]]
Validation normalized_cm: [[0.297 0.495 0.108 0.099]
 [0.188 0.609 0.125 0.078]
 [0.143 0.143 0.286 0.429]
 [0.333 0.229 0.146 0.292]]
Validation acc: 0.35502958579881655
Validation class_accuracies: [0.2971698113207547, 0.609375, 0.2857142857142857, 0.2916666666666667]
Validation sensitivity: 0.4523809523809524
Validation specificity: 0.2971698113207547
Validation icbhi_score: 0.3747753818508536
Validation roc_auc: None
Validation avg_accuracy: 0.3709814409254268
Validation one_indexed_epoch: 16
85/85 - 170s - loss: 0.4706 - accuracy: 0.7774 - 170s/epoch - 2s/step
Epoch 17/100
Validation cm: [[41 95 34 42]
 [11 31 11 11]
 [ 3  4  3  4]
 [15 16  9  8]]
Validation normalized_cm: [[0.193 0.448 0.16  0.198]
 [0.172 0.484 0.172 0.172]
 [0.214 0.286 0.214 0.286]
 [0.312 0.333 0.188 0.167]]
Validation acc: 0.2455621301775148
Validation class_accuracies: [0.19339622641509435, 0.484375, 0.21428571428571427, 0.16666666666666666]
Validation sensitivity: 0.3333333333333333
Validation specificity: 0.19339622641509435
Validation icbhi_score: 0.2633647798742138
Validation roc_auc: None
Validation avg_accuracy: 0.2646809018418688
Validation one_indexed_epoch: 17
85/85 - 172s - loss: 0.4429 - accuracy: 0.7919 - 172s/epoch - 2s/step
Epoch 18/100
Validation cm: [[85 70 40 17]
 [20 28 11  5]
 [ 2  2  6  4]
 [19  9 11  9]]
Validation normalized_cm: [[0.401 0.33  0.189 0.08 ]
 [0.312 0.438 0.172 0.078]
 [0.143 0.143 0.429 0.286]
 [0.396 0.188 0.229 0.188]]
Validation acc: 0.378698224852071
Validation class_accuracies: [0.4009433962264151, 0.4375, 0.42857142857142855, 0.1875]
Validation sensitivity: 0.3412698412698413
Validation specificity: 0.4009433962264151
Validation icbhi_score: 0.3711066187481282
Validation roc_auc: None
Validation avg_accuracy: 0.3636287061994609
Validation one_indexed_epoch: 18
85/85 - 172s - loss: 0.4328 - accuracy: 0.7971 - 172s/epoch - 2s/step
Epoch 19/100
Validation cm: [[58 83 43 28]
 [10 34 11  9]
 [ 3  2  3  6]
 [15 13 10 10]]
Validation normalized_cm: [[0.274 0.392 0.203 0.132]
 [0.156 0.531 0.172 0.141]
 [0.214 0.143 0.214 0.429]
 [0.312 0.271 0.208 0.208]]
Validation acc: 0.3106508875739645
Validation class_accuracies: [0.27358490566037735, 0.53125, 0.21428571428571427, 0.20833333333333334]
Validation sensitivity: 0.373015873015873
Validation specificity: 0.27358490566037735
Validation icbhi_score: 0.3233003893381252
Validation roc_auc: None
Validation avg_accuracy: 0.3068634883198562
Validation one_indexed_epoch: 19
85/85 - 171s - loss: 0.4242 - accuracy: 0.7964 - 171s/epoch - 2s/step
Epoch 20/100
Validation cm: [[58 69 41 44]
 [15 26 13 10]
 [ 5  1  1  7]
 [10 17 13  8]]
Validation normalized_cm: [[0.274 0.325 0.193 0.208]
 [0.234 0.406 0.203 0.156]
 [0.357 0.071 0.071 0.5  ]
 [0.208 0.354 0.271 0.167]]
Validation acc: 0.27514792899408286
Validation class_accuracies: [0.27358490566037735, 0.40625, 0.07142857142857142, 0.16666666666666666]
Validation sensitivity: 0.2777777777777778
Validation specificity: 0.27358490566037735
Validation icbhi_score: 0.27568134171907754
Validation roc_auc: None
Validation avg_accuracy: 0.22948253593890386
Validation one_indexed_epoch: 20
85/85 - 171s - loss: 0.4108 - accuracy: 0.8056 - 171s/epoch - 2s/step
Epoch 21/100
Validation cm: [[ 31 112  14  55]
 [  6  36   2  20]
 [  1   2   2   9]
 [  7  18   6  17]]
Validation normalized_cm: [[0.146 0.528 0.066 0.259]
 [0.094 0.562 0.031 0.312]
 [0.071 0.143 0.143 0.643]
 [0.146 0.375 0.125 0.354]]
Validation acc: 0.25443786982248523
Validation class_accuracies: [0.14622641509433962, 0.5625, 0.14285714285714285, 0.3541666666666667]
Validation sensitivity: 0.4365079365079365
Validation specificity: 0.14622641509433962
Validation icbhi_score: 0.2913671758011381
Validation roc_auc: None
Validation avg_accuracy: 0.3014375561545373
Validation one_indexed_epoch: 21
85/85 - 171s - loss: 0.4076 - accuracy: 0.7956 - 171s/epoch - 2s/step
Epoch 22/100
Validation cm: [[ 30 111   9  62]
 [  6  38   2  18]
 [  3   5   1   5]
 [  6  25   3  14]]
Validation normalized_cm: [[0.142 0.524 0.042 0.292]
 [0.094 0.594 0.031 0.281]
 [0.214 0.357 0.071 0.357]
 [0.125 0.521 0.062 0.292]]
Validation acc: 0.2455621301775148
Validation class_accuracies: [0.14150943396226415, 0.59375, 0.07142857142857142, 0.2916666666666667]
Validation sensitivity: 0.42063492063492064
Validation specificity: 0.14150943396226415
Validation icbhi_score: 0.2810721772985924
Validation roc_auc: None
Validation avg_accuracy: 0.27458866801437554
Validation one_indexed_epoch: 22
85/85 - 179s - loss: 0.4021 - accuracy: 0.8090 - 179s/epoch - 2s/step
Epoch 23/100
Validation cm: [[  3 113  22  74]
 [  0  39   6  19]
 [  0   5   1   8]
 [  1  23   3  21]]
Validation normalized_cm: [[0.014 0.533 0.104 0.349]
 [0.    0.609 0.094 0.297]
 [0.    0.357 0.071 0.571]
 [0.021 0.479 0.062 0.438]]
Validation acc: 0.1893491124260355
Validation class_accuracies: [0.014150943396226415, 0.609375, 0.07142857142857142, 0.4375]
Validation sensitivity: 0.48412698412698413
Validation specificity: 0.014150943396226415
Validation icbhi_score: 0.24913896376160527
Validation roc_auc: None
Validation avg_accuracy: 0.2831136287061995
Validation one_indexed_epoch: 23
85/85 - 172s - loss: 0.3912 - accuracy: 0.8053 - 172s/epoch - 2s/step
Epoch 24/100
