Tensorflow Version: 2.8.0
Num GPUs Available:  1
Collecting Variables...
All variables have been collected.
../cache/
cw
train108
Description: KFold leaf
-----------------------
Job id is 1.
Job dir: ../cache/cw/train108/1
- Loading Icbhi.
725 Icbhi audios have been loaded.
- Preparing Icbhi.
112 Icbhi groups of audio chunks (by filename or patients) have been prepared.
--- Samples are being split into training/val groups and de-grouped by patient ---
Job id is 2.
lengths
2184
858
0
0
0
0
-----------------------
--- Final training dataset went from 0 to 2184 elements, with 819 none's, 702 crakles, 346 wheezes and 290 both ---
--- Final Validation dataset contains 858 elements, with 417 none, 297 crackles, 41 wheezes and 83 both ---
Initializing weights...
weights = {0: 0.6570397111913358, 1: 0.774468085106383, 2: 1.5423728813559323, 3: 1.8571428571428572}
Model: "leaf_model9_model_bis"
______________________________________________________________________________________________________________
 Layer (type)                                    Output Shape                                Param #          
==============================================================================================================
 leaf (Leaf)                                     multiple                                    560              
                                                                                                              
 mel_filterbanks (MelFilterbanks)                multiple                                    0 (unused)       
                                                                                                              
 sincnet (SincNet)                               multiple                                    0 (unused)       
                                                                                                              
 sequential (Sequential)                         (None, 80, 250, 1)                          4                
                                                                                                              
 sequential_1 (Sequential)                       (None, 80, 250, 16)                         2352             
                                                                                                              
 sequential_2 (Sequential)                       (None, 80, 250, 16)                         6448             
                                                                                                              
 sequential_3 (Sequential)                       (None, 80, 250, 16)                         32               
                                                                                                              
 concatenate (Concatenate)                       multiple                                    0                
                                                                                                              
 sequential_4 (Sequential)                       (None, 2)                                   6192322          
                                                                                                              
==============================================================================================================
Total params: 6,201,880
Trainable params: 6,160,374
Non-trainable params: 41,506
______________________________________________________________________________________________________________
Target metric is icbhi_score
Epoch 1/50
Validation cm: [[  0   0 435   0]
 [  0   0 298   0]
 [  0   0  41   0]
 [  0   0  84   0]]
Validation normalized_cm: [[0. 0. 1. 0.]
 [0. 0. 1. 0.]
 [0. 0. 1. 0.]
 [0. 0. 1. 0.]]
Validation acc: 0.047785547785547784
Validation class_accuracies: [0.0, 0.0, 1.0, 0.0]
Validation sensitivity: 0.09692671394799054
Validation specificity: 0.0
Validation icbhi_score: 0.04846335697399527
Validation roc_auc: None
Validation avg_accuracy: 0.25
Validation one_indexed_epoch: 1
-- New best results were achieved. --
69/69 - 165s - loss: 0.5411 - accuracy: 0.7047 - 165s/epoch - 2s/step
Epoch 2/50
Validation cm: [[  0   0 435   0]
 [  0   0 298   0]
 [  0   0  41   0]
 [  0   0  84   0]]
Validation normalized_cm: [[0. 0. 1. 0.]
 [0. 0. 1. 0.]
 [0. 0. 1. 0.]
 [0. 0. 1. 0.]]
Validation acc: 0.047785547785547784
Validation class_accuracies: [0.0, 0.0, 1.0, 0.0]
Validation sensitivity: 0.09692671394799054
Validation specificity: 0.0
Validation icbhi_score: 0.04846335697399527
Validation roc_auc: None
Validation avg_accuracy: 0.25
Validation one_indexed_epoch: 2
69/69 - 152s - loss: 0.3888 - accuracy: 0.7738 - 152s/epoch - 2s/step
Epoch 3/50
Validation cm: [[  0   0 435   0]
 [  0   0 298   0]
 [  0   0  41   0]
 [  0   0  84   0]]
Validation normalized_cm: [[0. 0. 1. 0.]
 [0. 0. 1. 0.]
 [0. 0. 1. 0.]
 [0. 0. 1. 0.]]
Validation acc: 0.047785547785547784
Validation class_accuracies: [0.0, 0.0, 1.0, 0.0]
Validation sensitivity: 0.09692671394799054
Validation specificity: 0.0
Validation icbhi_score: 0.04846335697399527
Validation roc_auc: None
Validation avg_accuracy: 0.25
Validation one_indexed_epoch: 3
69/69 - 154s - loss: 0.3616 - accuracy: 0.7729 - 154s/epoch - 2s/step
Epoch 4/50
Validation cm: [[  0   0 435   0]
 [  0   0 298   0]
 [  0   0  41   0]
 [  0   0  84   0]]
Validation normalized_cm: [[0. 0. 1. 0.]
 [0. 0. 1. 0.]
 [0. 0. 1. 0.]
 [0. 0. 1. 0.]]
Validation acc: 0.047785547785547784
Validation class_accuracies: [0.0, 0.0, 1.0, 0.0]
Validation sensitivity: 0.09692671394799054
Validation specificity: 0.0
Validation icbhi_score: 0.04846335697399527
Validation roc_auc: None
Validation avg_accuracy: 0.25
Validation one_indexed_epoch: 4
69/69 - 154s - loss: 0.3425 - accuracy: 0.7738 - 154s/epoch - 2s/step
Epoch 5/50
Validation cm: [[435   0   0   0]
 [298   0   0   0]
 [ 41   0   0   0]
 [ 84   0   0   0]]
Validation normalized_cm: [[1. 0. 0. 0.]
 [1. 0. 0. 0.]
 [1. 0. 0. 0.]
 [1. 0. 0. 0.]]
Validation acc: 0.506993006993007
Validation class_accuracies: [1.0, 0.0, 0.0, 0.0]
Validation sensitivity: 0.0
Validation specificity: 1.0
Validation icbhi_score: 0.5
Validation roc_auc: None
Validation avg_accuracy: 0.25
Validation one_indexed_epoch: 5
-- New best results were achieved. --
69/69 - 154s - loss: 0.3266 - accuracy: 0.7889 - 154s/epoch - 2s/step
Epoch 6/50
Validation cm: [[435   0   0   0]
 [298   0   0   0]
 [ 41   0   0   0]
 [ 84   0   0   0]]
Validation normalized_cm: [[1. 0. 0. 0.]
 [1. 0. 0. 0.]
 [1. 0. 0. 0.]
 [1. 0. 0. 0.]]
Validation acc: 0.506993006993007
Validation class_accuracies: [1.0, 0.0, 0.0, 0.0]
Validation sensitivity: 0.0
Validation specificity: 1.0
Validation icbhi_score: 0.5
Validation roc_auc: None
Validation avg_accuracy: 0.25
Validation one_indexed_epoch: 6
69/69 - 155s - loss: 0.3113 - accuracy: 0.7917 - 155s/epoch - 2s/step
Epoch 7/50
Validation cm: [[435   0   0   0]
 [298   0   0   0]
 [ 41   0   0   0]
 [ 84   0   0   0]]
Validation normalized_cm: [[1. 0. 0. 0.]
 [1. 0. 0. 0.]
 [1. 0. 0. 0.]
 [1. 0. 0. 0.]]
Validation acc: 0.506993006993007
Validation class_accuracies: [1.0, 0.0, 0.0, 0.0]
Validation sensitivity: 0.0
Validation specificity: 1.0
Validation icbhi_score: 0.5
Validation roc_auc: None
Validation avg_accuracy: 0.25
Validation one_indexed_epoch: 7
69/69 - 152s - loss: 0.3004 - accuracy: 0.7949 - 152s/epoch - 2s/step
Epoch 8/50
Validation cm: [[433   2   0   0]
 [298   0   0   0]
 [ 41   0   0   0]
 [ 84   0   0   0]]
Validation normalized_cm: [[0.995 0.005 0.    0.   ]
 [1.    0.    0.    0.   ]
 [1.    0.    0.    0.   ]
 [1.    0.    0.    0.   ]]
Validation acc: 0.5046620046620046
Validation class_accuracies: [0.9954022988505747, 0.0, 0.0, 0.0]
Validation sensitivity: 0.0
Validation specificity: 0.9954022988505747
Validation icbhi_score: 0.49770114942528737
Validation roc_auc: None
Validation avg_accuracy: 0.24885057471264369
Validation one_indexed_epoch: 8
69/69 - 154s - loss: 0.2864 - accuracy: 0.7793 - 154s/epoch - 2s/step
Epoch 9/50
Validation cm: [[433   2   0   0]
 [298   0   0   0]
 [ 41   0   0   0]
 [ 84   0   0   0]]
Validation normalized_cm: [[0.995 0.005 0.    0.   ]
 [1.    0.    0.    0.   ]
 [1.    0.    0.    0.   ]
 [1.    0.    0.    0.   ]]
Validation acc: 0.5046620046620046
Validation class_accuracies: [0.9954022988505747, 0.0, 0.0, 0.0]
Validation sensitivity: 0.0
Validation specificity: 0.9954022988505747
Validation icbhi_score: 0.49770114942528737
Validation roc_auc: None
Validation avg_accuracy: 0.24885057471264369
Validation one_indexed_epoch: 9
69/69 - 154s - loss: 0.2818 - accuracy: 0.7839 - 154s/epoch - 2s/step
Epoch 10/50
Validation cm: [[430   5   0   0]
 [297   1   0   0]
 [ 40   0   1   0]
 [ 84   0   0   0]]
Validation normalized_cm: [[0.989 0.011 0.    0.   ]
 [0.997 0.003 0.    0.   ]
 [0.976 0.    0.024 0.   ]
 [1.    0.    0.    0.   ]]
Validation acc: 0.5034965034965035
Validation class_accuracies: [0.9885057471264368, 0.003355704697986577, 0.024390243902439025, 0.0]
Validation sensitivity: 0.004728132387706856
Validation specificity: 0.9885057471264368
Validation icbhi_score: 0.49661693975707183
Validation roc_auc: None
Validation avg_accuracy: 0.2540629239317156
Validation one_indexed_epoch: 10
69/69 - 153s - loss: 0.2645 - accuracy: 0.7793 - 153s/epoch - 2s/step
Epoch 11/50
Validation cm: [[348  81   5   1]
 [239  58   1   0]
 [ 35   4   1   1]
 [ 66  14   4   0]]
Validation normalized_cm: [[0.8   0.186 0.011 0.002]
 [0.802 0.195 0.003 0.   ]
 [0.854 0.098 0.024 0.024]
 [0.786 0.167 0.048 0.   ]]
Validation acc: 0.47435897435897434
Validation class_accuracies: [0.8, 0.19463087248322147, 0.024390243902439025, 0.0]
Validation sensitivity: 0.13947990543735225
Validation specificity: 0.8
Validation icbhi_score: 0.46973995271867613
Validation roc_auc: None
Validation avg_accuracy: 0.25475527909641515
Validation one_indexed_epoch: 11
Mel loss: <tf.Variable 'Variable:0' shape=() dtype=float32, numpy=0.5>
sinc loss: <tf.Variable 'Variable:0' shape=() dtype=float32, numpy=0.5>
69/69 - 156s - loss: 0.2503 - accuracy: 0.7976 - 156s/epoch - 2s/step
Epoch 12/50
Validation cm: [[404  25   5   1]
 [284  13   1   0]
 [ 39   1   1   0]
 [ 74   6   4   0]]
Validation normalized_cm: [[0.929 0.057 0.011 0.002]
 [0.953 0.044 0.003 0.   ]
 [0.951 0.024 0.024 0.   ]
 [0.881 0.071 0.048 0.   ]]
Validation acc: 0.48717948717948717
Validation class_accuracies: [0.9287356321839081, 0.0436241610738255, 0.024390243902439025, 0.0]
Validation sensitivity: 0.03309692671394799
Validation specificity: 0.9287356321839081
Validation icbhi_score: 0.48091627944892806
Validation roc_auc: None
Validation avg_accuracy: 0.24918750929004316
Validation one_indexed_epoch: 12
69/69 - 154s - loss: 0.2403 - accuracy: 0.8068 - 154s/epoch - 2s/step
Epoch 13/50
Validation cm: [[302 124   6   3]
 [174 120   1   3]
 [ 27  11   2   1]
 [ 50  26   7   1]]
Validation normalized_cm: [[0.694 0.285 0.014 0.007]
 [0.584 0.403 0.003 0.01 ]
 [0.659 0.268 0.049 0.024]
 [0.595 0.31  0.083 0.012]]
Validation acc: 0.49533799533799533
Validation class_accuracies: [0.6942528735632184, 0.40268456375838924, 0.04878048780487805, 0.011904761904761904]
Validation sensitivity: 0.2907801418439716
Validation specificity: 0.6942528735632184
Validation icbhi_score: 0.492516507703595
Validation roc_auc: None
Validation avg_accuracy: 0.2894056717578119
Validation one_indexed_epoch: 13
69/69 - 153s - loss: 0.2305 - accuracy: 0.7871 - 153s/epoch - 2s/step
Epoch 14/50
Validation cm: [[314 113   6   2]
 [172 122   4   0]
 [ 30   9   1   1]
 [ 56  20   7   1]]
Validation normalized_cm: [[0.722 0.26  0.014 0.005]
 [0.577 0.409 0.013 0.   ]
 [0.732 0.22  0.024 0.024]
 [0.667 0.238 0.083 0.012]]
Validation acc: 0.5104895104895105
Validation class_accuracies: [0.7218390804597701, 0.40939597315436244, 0.024390243902439025, 0.011904761904761904]
Validation sensitivity: 0.29314420803782504
Validation specificity: 0.7218390804597701
Validation icbhi_score: 0.5074916442487976
Validation roc_auc: None
Validation avg_accuracy: 0.29188251485533334
Validation one_indexed_epoch: 14
-- New best results were achieved. --
69/69 - 154s - loss: 0.2116 - accuracy: 0.7972 - 154s/epoch - 2s/step
Epoch 15/50
Validation cm: [[210 221   3   1]
 [ 95 200   3   0]
 [ 24  15   2   0]
 [ 32  47   5   0]]
Validation normalized_cm: [[0.483 0.508 0.007 0.002]
 [0.319 0.671 0.01  0.   ]
 [0.585 0.366 0.049 0.   ]
 [0.381 0.56  0.06  0.   ]]
Validation acc: 0.4801864801864802
Validation class_accuracies: [0.4827586206896552, 0.6711409395973155, 0.04878048780487805, 0.0]
Validation sensitivity: 0.47754137115839246
Validation specificity: 0.4827586206896552
Validation icbhi_score: 0.48014999592402385
Validation roc_auc: None
Validation avg_accuracy: 0.3006700120229622
Validation one_indexed_epoch: 15
69/69 - 156s - loss: 0.2079 - accuracy: 0.7848 - 156s/epoch - 2s/step
Epoch 16/50
Validation cm: [[220 213   1   1]
 [105 193   0   0]
 [ 21  19   1   0]
 [ 38  42   4   0]]
Validation normalized_cm: [[0.506 0.49  0.002 0.002]
 [0.352 0.648 0.    0.   ]
 [0.512 0.463 0.024 0.   ]
 [0.452 0.5   0.048 0.   ]]
Validation acc: 0.4825174825174825
Validation class_accuracies: [0.5057471264367817, 0.6476510067114094, 0.024390243902439025, 0.0]
Validation sensitivity: 0.458628841607565
Validation specificity: 0.5057471264367817
Validation icbhi_score: 0.48218798402217333
Validation roc_auc: None
Validation avg_accuracy: 0.2944470942626575
Validation one_indexed_epoch: 16
69/69 - 156s - loss: 0.1875 - accuracy: 0.7949 - 156s/epoch - 2s/step
Epoch 17/50
Validation cm: [[292 135   8   0]
 [150 145   3   0]
 [ 31   8   2   0]
 [ 51  26   6   1]]
Validation normalized_cm: [[0.671 0.31  0.018 0.   ]
 [0.503 0.487 0.01  0.   ]
 [0.756 0.195 0.049 0.   ]
 [0.607 0.31  0.071 0.012]]
Validation acc: 0.5128205128205128
Validation class_accuracies: [0.671264367816092, 0.4865771812080537, 0.04878048780487805, 0.011904761904761904]
Validation sensitivity: 0.34988179669030733
Validation specificity: 0.671264367816092
Validation icbhi_score: 0.5105730822531996
Validation roc_auc: None
Validation avg_accuracy: 0.3046316996834464
Validation one_indexed_epoch: 17
-- New best results were achieved. --
69/69 - 155s - loss: 0.1795 - accuracy: 0.7990 - 155s/epoch - 2s/step
Epoch 18/50
Validation cm: [[219 205   8   3]
 [ 93 201   4   0]
 [ 29   9   1   2]
 [ 42  33   6   3]]
Validation normalized_cm: [[0.503 0.471 0.018 0.007]
 [0.312 0.674 0.013 0.   ]
 [0.707 0.22  0.024 0.049]
 [0.5   0.393 0.071 0.036]]
Validation acc: 0.49417249417249415
Validation class_accuracies: [0.503448275862069, 0.674496644295302, 0.024390243902439025, 0.03571428571428571]
Validation sensitivity: 0.4846335697399527
Validation specificity: 0.503448275862069
Validation icbhi_score: 0.49404092280101086
Validation roc_auc: None
Validation avg_accuracy: 0.3095123624435239
Validation one_indexed_epoch: 18
69/69 - 156s - loss: 0.1646 - accuracy: 0.8054 - 156s/epoch - 2s/step
Epoch 19/50
Validation cm: [[155 260  10  10]
 [ 44 249   2   3]
 [ 17  18   2   4]
 [ 19  55   7   3]]
Validation normalized_cm: [[0.356 0.598 0.023 0.023]
 [0.148 0.836 0.007 0.01 ]
 [0.415 0.439 0.049 0.098]
 [0.226 0.655 0.083 0.036]]
Validation acc: 0.4766899766899767
Validation class_accuracies: [0.3563218390804598, 0.8355704697986577, 0.04878048780487805, 0.03571428571428571]
Validation sensitivity: 0.6004728132387707
Validation specificity: 0.3563218390804598
Validation icbhi_score: 0.4783973261596152
Validation roc_auc: None
Validation avg_accuracy: 0.31909677059957037
Validation one_indexed_epoch: 19
69/69 - 155s - loss: 0.1458 - accuracy: 0.8036 - 155s/epoch - 2s/step
Epoch 20/50
Validation cm: [[301 123   6   5]
 [162 131   4   1]
 [ 30   8   2   1]
 [ 48  27   5   4]]
Validation normalized_cm: [[0.692 0.283 0.014 0.011]
 [0.544 0.44  0.013 0.003]
 [0.732 0.195 0.049 0.024]
 [0.571 0.321 0.06  0.048]]
Validation acc: 0.5104895104895105
Validation class_accuracies: [0.6919540229885057, 0.4395973154362416, 0.04878048780487805, 0.047619047619047616]
Validation sensitivity: 0.32387706855791965
Validation specificity: 0.6919540229885057
Validation icbhi_score: 0.5079155457732127
Validation roc_auc: None
Validation avg_accuracy: 0.30698771846216827
Validation one_indexed_epoch: 20
69/69 - 155s - loss: 0.1449 - accuracy: 0.7880 - 155s/epoch - 2s/step
Epoch 21/50
Validation cm: [[360  62  13   0]
 [205  88   4   1]
 [ 36   1   4   0]
 [ 60  15   7   2]]
Validation normalized_cm: [[0.828 0.143 0.03  0.   ]
 [0.688 0.295 0.013 0.003]
 [0.878 0.024 0.098 0.   ]
 [0.714 0.179 0.083 0.024]]
Validation acc: 0.5291375291375291
Validation class_accuracies: [0.8275862068965517, 0.2953020134228188, 0.0975609756097561, 0.023809523809523808]
Validation sensitivity: 0.2222222222222222
Validation specificity: 0.8275862068965517
Validation icbhi_score: 0.524904214559387
Validation roc_auc: None
Validation avg_accuracy: 0.3110646799346626
Validation one_indexed_epoch: 21
-- New best results were achieved. --
Mel loss: <tf.Variable 'Variable:0' shape=() dtype=float32, numpy=0.5>
sinc loss: <tf.Variable 'Variable:0' shape=() dtype=float32, numpy=0.5>
69/69 - 151s - loss: 0.1264 - accuracy: 0.7940 - 151s/epoch - 2s/step
Epoch 22/50
Validation cm: [[319  98  13   5]
 [158 123   8   9]
 [ 32   4   4   1]
 [ 47  22   9   6]]
Validation normalized_cm: [[0.733 0.225 0.03  0.011]
 [0.53  0.413 0.027 0.03 ]
 [0.78  0.098 0.098 0.024]
 [0.56  0.262 0.107 0.071]]
Validation acc: 0.5268065268065268
Validation class_accuracies: [0.7333333333333333, 0.412751677852349, 0.0975609756097561, 0.07142857142857142]
Validation sensitivity: 0.3144208037825059
Validation specificity: 0.7333333333333333
Validation icbhi_score: 0.5238770685579196
Validation roc_auc: None
Validation avg_accuracy: 0.3287686395560025
Validation one_indexed_epoch: 22
69/69 - 151s - loss: 0.1266 - accuracy: 0.7853 - 151s/epoch - 2s/step
Epoch 23/50
Validation cm: [[253 174   5   3]
 [ 90 203   3   2]
 [ 25  12   3   1]
 [ 32  43   5   4]]
Validation normalized_cm: [[0.582 0.4   0.011 0.007]
 [0.302 0.681 0.01  0.007]
 [0.61  0.293 0.073 0.024]
 [0.381 0.512 0.06  0.048]]
Validation acc: 0.5396270396270396
Validation class_accuracies: [0.5816091954022988, 0.6812080536912751, 0.07317073170731707, 0.047619047619047616]
Validation sensitivity: 0.49645390070921985
Validation specificity: 0.5816091954022988
Validation icbhi_score: 0.5390315480557594
Validation roc_auc: None
Validation avg_accuracy: 0.34590175710498466
Validation one_indexed_epoch: 23
-- New best results were achieved. --
69/69 - 149s - loss: 0.1248 - accuracy: 0.7866 - 149s/epoch - 2s/step
Epoch 24/50
Validation cm: [[330 100   5   0]
 [168 129   1   0]
 [ 34   5   1   1]
 [ 49  28   5   2]]
Validation normalized_cm: [[0.759 0.23  0.011 0.   ]
 [0.564 0.433 0.003 0.   ]
 [0.829 0.122 0.024 0.024]
 [0.583 0.333 0.06  0.024]]
Validation acc: 0.5384615384615384
Validation class_accuracies: [0.7586206896551724, 0.43288590604026844, 0.024390243902439025, 0.023809523809523808]
Validation sensitivity: 0.3120567375886525
Validation specificity: 0.7586206896551724
Validation icbhi_score: 0.5353387136219124
Validation roc_auc: None
Validation avg_accuracy: 0.3099265908518509
Validation one_indexed_epoch: 24
69/69 - 150s - loss: 0.1129 - accuracy: 0.7784 - 150s/epoch - 2s/step
Epoch 25/50
Validation cm: [[383  37  12   3]
 [231  60   6   1]
 [ 37   1   2   1]
 [ 65   9   6   4]]
Validation normalized_cm: [[0.88  0.085 0.028 0.007]
 [0.775 0.201 0.02  0.003]
 [0.902 0.024 0.049 0.024]
 [0.774 0.107 0.071 0.048]]
Validation acc: 0.5233100233100233
Validation class_accuracies: [0.8804597701149425, 0.20134228187919462, 0.04878048780487805, 0.047619047619047616]
Validation sensitivity: 0.15602836879432624
Validation specificity: 0.8804597701149425
Validation icbhi_score: 0.5182440694546344
Validation roc_auc: None
Validation avg_accuracy: 0.29455039685451573
Validation one_indexed_epoch: 25
69/69 - 149s - loss: 0.0908 - accuracy: 0.7711 - 149s/epoch - 2s/step
Epoch 26/50
Validation cm: [[377  53   5   0]
 [238  59   1   0]
 [ 37   1   3   0]
 [ 62  13   6   3]]
Validation normalized_cm: [[0.867 0.122 0.011 0.   ]
 [0.799 0.198 0.003 0.   ]
 [0.902 0.024 0.073 0.   ]
 [0.738 0.155 0.071 0.036]]
Validation acc: 0.5151515151515151
Validation class_accuracies: [0.8666666666666667, 0.19798657718120805, 0.07317073170731707, 0.03571428571428571]
Validation sensitivity: 0.1536643026004728
Validation specificity: 0.8666666666666667
Validation icbhi_score: 0.5101654846335697
Validation roc_auc: None
Validation avg_accuracy: 0.2933845653173694
Validation one_indexed_epoch: 26
69/69 - 150s - loss: 0.0960 - accuracy: 0.7706 - 150s/epoch - 2s/step
Epoch 27/50
Validation cm: [[251 170   8   6]
 [109 183   2   4]
 [ 23  14   1   3]
 [ 32  42   5   5]]
Validation normalized_cm: [[0.577 0.391 0.018 0.014]
 [0.366 0.614 0.007 0.013]
 [0.561 0.341 0.024 0.073]
 [0.381 0.5   0.06  0.06 ]]
Validation acc: 0.5128205128205128
Validation class_accuracies: [0.5770114942528736, 0.6140939597315436, 0.024390243902439025, 0.05952380952380952]
Validation sensitivity: 0.44680851063829785
Validation specificity: 0.5770114942528736
Validation icbhi_score: 0.5119100024455857
Validation roc_auc: None
Validation avg_accuracy: 0.3187548768526664
Validation one_indexed_epoch: 27
69/69 - 151s - loss: 0.0911 - accuracy: 0.7711 - 151s/epoch - 2s/step
Epoch 28/50
Validation cm: [[305 113  10   7]
 [161 123   7   7]
 [ 31   5   4   1]
 [ 46  29   6   3]]
Validation normalized_cm: [[0.701 0.26  0.023 0.016]
 [0.54  0.413 0.023 0.023]
 [0.756 0.122 0.098 0.024]
 [0.548 0.345 0.071 0.036]]
Validation acc: 0.506993006993007
Validation class_accuracies: [0.7011494252873564, 0.412751677852349, 0.0975609756097561, 0.03571428571428571]
Validation sensitivity: 0.3073286052009456
Validation specificity: 0.7011494252873564
Validation icbhi_score: 0.5042390152441509
Validation roc_auc: None
Validation avg_accuracy: 0.31179409111593687
Validation one_indexed_epoch: 28
69/69 - 151s - loss: 0.0866 - accuracy: 0.7752 - 151s/epoch - 2s/step
Epoch 29/50
Validation cm: [[335  87   9   4]
 [194  96   6   2]
 [ 33   5   2   1]
 [ 51  25   6   2]]
Validation normalized_cm: [[0.77  0.2   0.021 0.009]
 [0.651 0.322 0.02  0.007]
 [0.805 0.122 0.049 0.024]
 [0.607 0.298 0.071 0.024]]
Validation acc: 0.506993006993007
Validation class_accuracies: [0.7701149425287356, 0.3221476510067114, 0.04878048780487805, 0.023809523809523808]
Validation sensitivity: 0.2364066193853428
Validation specificity: 0.7701149425287356
Validation icbhi_score: 0.5032607809570392
Validation roc_auc: None
Validation avg_accuracy: 0.29121315128746217
Validation one_indexed_epoch: 29
69/69 - 151s - loss: 0.0818 - accuracy: 0.7651 - 151s/epoch - 2s/step
Epoch 30/50
Validation cm: [[258 158   9  10]
 [107 178   4   9]
 [ 27  10   1   3]
 [ 36  37   5   6]]
Validation normalized_cm: [[0.593 0.363 0.021 0.023]
 [0.359 0.597 0.013 0.03 ]
 [0.659 0.244 0.024 0.073]
 [0.429 0.44  0.06  0.071]]
Validation acc: 0.5163170163170163
Validation class_accuracies: [0.593103448275862, 0.5973154362416108, 0.024390243902439025, 0.07142857142857142]
Validation sensitivity: 0.4373522458628842
Validation specificity: 0.593103448275862
Validation icbhi_score: 0.5152278470693731
Validation roc_auc: None
Validation avg_accuracy: 0.3215594249621208
Validation one_indexed_epoch: 30
69/69 - 153s - loss: 0.0721 - accuracy: 0.7660 - 153s/epoch - 2s/step
Epoch 31/50
Validation cm: [[317 104   8   6]
 [173 118   2   5]
 [ 33   4   2   2]
 [ 50  24   6   4]]
Validation normalized_cm: [[0.729 0.239 0.018 0.014]
 [0.581 0.396 0.007 0.017]
 [0.805 0.098 0.049 0.049]
 [0.595 0.286 0.071 0.048]]
Validation acc: 0.513986013986014
Validation class_accuracies: [0.728735632183908, 0.3959731543624161, 0.04878048780487805, 0.047619047619047616]
Validation sensitivity: 0.29314420803782504
Validation specificity: 0.728735632183908
Validation icbhi_score: 0.5109399201108665
Validation roc_auc: None
Validation avg_accuracy: 0.30527708049256247
Validation one_indexed_epoch: 31
Mel loss: <tf.Variable 'Variable:0' shape=() dtype=float32, numpy=0.5>
sinc loss: <tf.Variable 'Variable:0' shape=() dtype=float32, numpy=0.5>
69/69 - 152s - loss: 0.0774 - accuracy: 0.7674 - 152s/epoch - 2s/step
Epoch 32/50
Validation cm: [[339  84   8   4]
 [181 110   5   2]
 [ 33   4   3   1]
 [ 56  18   9   1]]
Validation normalized_cm: [[0.779 0.193 0.018 0.009]
 [0.607 0.369 0.017 0.007]
 [0.805 0.098 0.073 0.024]
 [0.667 0.214 0.107 0.012]]
Validation acc: 0.527972027972028
Validation class_accuracies: [0.7793103448275862, 0.3691275167785235, 0.07317073170731707, 0.011904761904761904]
Validation sensitivity: 0.2695035460992908
Validation specificity: 0.7793103448275862
Validation icbhi_score: 0.5244069454634385
Validation roc_auc: None
Validation avg_accuracy: 0.3083783388045472
Validation one_indexed_epoch: 32
69/69 - 153s - loss: 0.0695 - accuracy: 0.7679 - 153s/epoch - 2s/step
Epoch 33/50
Validation cm: [[305 118   8   4]
 [135 157   3   3]
 [ 30   8   1   2]
 [ 48  29   6   1]]
Validation normalized_cm: [[0.701 0.271 0.018 0.009]
 [0.453 0.527 0.01  0.01 ]
 [0.732 0.195 0.024 0.049]
 [0.571 0.345 0.071 0.012]]
Validation acc: 0.5407925407925408
Validation class_accuracies: [0.7011494252873564, 0.5268456375838926, 0.024390243902439025, 0.011904761904761904]
Validation sensitivity: 0.375886524822695
Validation specificity: 0.7011494252873564
Validation icbhi_score: 0.5385179750550257
Validation roc_auc: None
Validation avg_accuracy: 0.3160725171696125
Validation one_indexed_epoch: 33
69/69 - 152s - loss: 0.0664 - accuracy: 0.7747 - 152s/epoch - 2s/step
Epoch 34/50
Validation cm: [[331  96   2   6]
 [164 130   1   3]
 [ 33   5   1   2]
 [ 52  25   6   1]]
Validation normalized_cm: [[0.761 0.221 0.005 0.014]
 [0.55  0.436 0.003 0.01 ]
 [0.805 0.122 0.024 0.049]
 [0.619 0.298 0.071 0.012]]
Validation acc: 0.5396270396270396
Validation class_accuracies: [0.7609195402298851, 0.436241610738255, 0.024390243902439025, 0.011904761904761904]
Validation sensitivity: 0.3120567375886525
Validation specificity: 0.7609195402298851
Validation icbhi_score: 0.5364881389092688
Validation roc_auc: None
Validation avg_accuracy: 0.30836403919383526
Validation one_indexed_epoch: 34
69/69 - 152s - loss: 0.0658 - accuracy: 0.7669 - 152s/epoch - 2s/step
Epoch 35/50
Validation cm: [[340  83   9   3]
 [183 109   4   2]
 [ 34   4   3   0]
 [ 54  21   6   3]]
Validation normalized_cm: [[0.782 0.191 0.021 0.007]
 [0.614 0.366 0.013 0.007]
 [0.829 0.098 0.073 0.   ]
 [0.643 0.25  0.071 0.036]]
Validation acc: 0.5303030303030303
Validation class_accuracies: [0.7816091954022989, 0.36577181208053694, 0.07317073170731707, 0.03571428571428571]
Validation sensitivity: 0.2718676122931442
Validation specificity: 0.7816091954022989
Validation icbhi_score: 0.5267384038477215
Validation roc_auc: None
Validation avg_accuracy: 0.3140665062261097
Validation one_indexed_epoch: 35
69/69 - 151s - loss: 0.0586 - accuracy: 0.7601 - 151s/epoch - 2s/step
Epoch 36/50
Validation cm: [[374  44  15   2]
 [224  67   5   2]
 [ 35   2   3   1]
 [ 61  14   7   2]]
Validation normalized_cm: [[0.86  0.101 0.034 0.005]
 [0.752 0.225 0.017 0.007]
 [0.854 0.049 0.073 0.024]
 [0.726 0.167 0.083 0.024]]
Validation acc: 0.5198135198135199
Validation class_accuracies: [0.8597701149425288, 0.22483221476510068, 0.07317073170731707, 0.023809523809523808]
Validation sensitivity: 0.1702127659574468
Validation specificity: 0.8597701149425288
Validation icbhi_score: 0.5149914404499878
Validation roc_auc: None
Validation avg_accuracy: 0.2953956463061176
Validation one_indexed_epoch: 36
69/69 - 151s - loss: 0.0545 - accuracy: 0.7624 - 151s/epoch - 2s/step
Epoch 37/50
Validation cm: [[361  63   9   2]
 [199  95   3   1]
 [ 35   3   3   0]
 [ 59  17   7   1]]
Validation normalized_cm: [[0.83  0.145 0.021 0.005]
 [0.668 0.319 0.01  0.003]
 [0.854 0.073 0.073 0.   ]
 [0.702 0.202 0.083 0.012]]
Validation acc: 0.5361305361305362
Validation class_accuracies: [0.8298850574712644, 0.3187919463087248, 0.07317073170731707, 0.011904761904761904]
Validation sensitivity: 0.23404255319148937
Validation specificity: 0.8298850574712644
Validation icbhi_score: 0.5319638053313769
Validation roc_auc: None
Validation avg_accuracy: 0.30843812434801704
Validation one_indexed_epoch: 37
69/69 - 152s - loss: 0.0553 - accuracy: 0.7573 - 152s/epoch - 2s/step
Epoch 38/50
Validation cm: [[388  36  11   0]
 [237  56   4   1]
 [ 38   1   2   0]
 [ 67  10   6   1]]
Validation normalized_cm: [[0.892 0.083 0.025 0.   ]
 [0.795 0.188 0.013 0.003]
 [0.927 0.024 0.049 0.   ]
 [0.798 0.119 0.071 0.012]]
Validation acc: 0.5209790209790209
Validation class_accuracies: [0.8919540229885058, 0.18791946308724833, 0.04878048780487805, 0.011904761904761904]
Validation sensitivity: 0.13947990543735225
Validation specificity: 0.8919540229885058
Validation icbhi_score: 0.515716964212929
Validation roc_auc: None
Validation avg_accuracy: 0.28513968394634853
Validation one_indexed_epoch: 38
69/69 - 152s - loss: 0.0522 - accuracy: 0.7505 - 152s/epoch - 2s/step
Epoch 39/50
Validation cm: [[317 102   9   7]
 [174 117   3   4]
 [ 32   4   3   2]
 [ 54  23   6   1]]
Validation normalized_cm: [[0.729 0.234 0.021 0.016]
 [0.584 0.393 0.01  0.013]
 [0.78  0.098 0.073 0.049]
 [0.643 0.274 0.071 0.012]]
Validation acc: 0.5104895104895105
Validation class_accuracies: [0.728735632183908, 0.3926174496644295, 0.07317073170731707, 0.011904761904761904]
Validation sensitivity: 0.2860520094562648
Validation specificity: 0.728735632183908
Validation icbhi_score: 0.5073938208200864
Validation roc_auc: None
Validation avg_accuracy: 0.3016071438651041
Validation one_indexed_epoch: 39
69/69 - 152s - loss: 0.0549 - accuracy: 0.7573 - 152s/epoch - 2s/step
Epoch 40/50
Validation cm: [[358  60  13   4]
 [197  91   8   2]
 [ 34   3   3   1]
 [ 61  15   6   2]]
Validation normalized_cm: [[0.823 0.138 0.03  0.009]
 [0.661 0.305 0.027 0.007]
 [0.829 0.073 0.073 0.024]
 [0.726 0.179 0.071 0.024]]
Validation acc: 0.5291375291375291
Validation class_accuracies: [0.8229885057471265, 0.3053691275167785, 0.07317073170731707, 0.023809523809523808]
Validation sensitivity: 0.22695035460992907
Validation specificity: 0.8229885057471265
Validation icbhi_score: 0.5249694301785277
Validation roc_auc: None
Validation avg_accuracy: 0.30633447219518645
Validation one_indexed_epoch: 40
69/69 - 151s - loss: 0.0602 - accuracy: 0.7573 - 151s/epoch - 2s/step
Epoch 41/50
Validation cm: [[302  90  29  14]
 [192  96   5   5]
 [ 26   6   8   1]
 [ 52  17  12   3]]
Validation normalized_cm: [[0.694 0.207 0.067 0.032]
 [0.644 0.322 0.017 0.017]
 [0.634 0.146 0.195 0.024]
 [0.619 0.202 0.143 0.036]]
Validation acc: 0.4766899766899767
Validation class_accuracies: [0.6942528735632184, 0.3221476510067114, 0.1951219512195122, 0.03571428571428571]
Validation sensitivity: 0.25295508274231676
Validation specificity: 0.6942528735632184
Validation icbhi_score: 0.47360397815276756
Validation roc_auc: None
Validation avg_accuracy: 0.3118091903759319
Validation one_indexed_epoch: 41
69/69 - 153s - loss: 0.0519 - accuracy: 0.7665 - 153s/epoch - 2s/step
Epoch 42/50
Validation cm: [[349  67  16   3]
 [212  80   5   1]
 [ 33   2   6   0]
 [ 61  14   7   2]]
Validation normalized_cm: [[0.802 0.154 0.037 0.007]
 [0.711 0.268 0.017 0.003]
 [0.805 0.049 0.146 0.   ]
 [0.726 0.167 0.083 0.024]]
Validation acc: 0.5093240093240093
Validation class_accuracies: [0.8022988505747126, 0.2684563758389262, 0.14634146341463414, 0.023809523809523808]
Validation sensitivity: 0.20803782505910165
Validation specificity: 0.8022988505747126
Validation icbhi_score: 0.5051683378169072
Validation roc_auc: None
Validation avg_accuracy: 0.31022655340944916
Validation one_indexed_epoch: 42
69/69 - 151s - loss: 0.0470 - accuracy: 0.7743 - 151s/epoch - 2s/step
Epoch 43/50
Validation cm: [[304 118   9   4]
 [144 149   3   2]
 [ 27  10   3   1]
 [ 47  28   7   2]]
Validation normalized_cm: [[0.699 0.271 0.021 0.009]
 [0.483 0.5   0.01  0.007]
 [0.659 0.244 0.073 0.024]
 [0.56  0.333 0.083 0.024]]
Validation acc: 0.5337995337995338
Validation class_accuracies: [0.6988505747126437, 0.5, 0.07317073170731707, 0.023809523809523808]
Validation sensitivity: 0.3640661938534279
Validation specificity: 0.6988505747126437
Validation icbhi_score: 0.5314583842830358
Validation roc_auc: None
Validation avg_accuracy: 0.32395770755737113
Validation one_indexed_epoch: 43
69/69 - 151s - loss: 0.0481 - accuracy: 0.7697 - 151s/epoch - 2s/step
Epoch 44/50
Validation cm: [[330  77  21   7]
 [207  82   7   2]
 [ 31   3   5   2]
 [ 56  16  10   2]]
Validation normalized_cm: [[0.759 0.177 0.048 0.016]
 [0.695 0.275 0.023 0.007]
 [0.756 0.073 0.122 0.049]
 [0.667 0.19  0.119 0.024]]
Validation acc: 0.48834498834498835
Validation class_accuracies: [0.7586206896551724, 0.2751677852348993, 0.12195121951219512, 0.023809523809523808]
Validation sensitivity: 0.21040189125295508
Validation specificity: 0.7586206896551724
Validation icbhi_score: 0.4845112904540637
Validation roc_auc: None
Validation avg_accuracy: 0.29488730455294765
Validation one_indexed_epoch: 44
69/69 - 150s - loss: 0.0444 - accuracy: 0.7495 - 150s/epoch - 2s/step
Epoch 45/50
Validation cm: [[356  61  13   5]
 [212  80   4   2]
 [ 33   4   3   1]
 [ 58  17   7   2]]
Validation normalized_cm: [[0.818 0.14  0.03  0.011]
 [0.711 0.268 0.013 0.007]
 [0.805 0.098 0.073 0.024]
 [0.69  0.202 0.083 0.024]]
Validation acc: 0.513986013986014
Validation class_accuracies: [0.8183908045977012, 0.2684563758389262, 0.07317073170731707, 0.023809523809523808]
Validation sensitivity: 0.20094562647754138
Validation specificity: 0.8183908045977012
Validation icbhi_score: 0.5096682155376213
Validation roc_auc: None
Validation avg_accuracy: 0.29595685898836704
Validation one_indexed_epoch: 45
69/69 - 153s - loss: 0.0472 - accuracy: 0.7500 - 153s/epoch - 2s/step
Epoch 46/50
Validation cm: [[370  57   8   0]
 [220  76   2   0]
 [ 35   3   3   0]
 [ 59  17   6   2]]
Validation normalized_cm: [[0.851 0.131 0.018 0.   ]
 [0.738 0.255 0.007 0.   ]
 [0.854 0.073 0.073 0.   ]
 [0.702 0.202 0.071 0.024]]
Validation acc: 0.5256410256410257
Validation class_accuracies: [0.8505747126436781, 0.2550335570469799, 0.07317073170731707, 0.023809523809523808]
Validation sensitivity: 0.19148936170212766
Validation specificity: 0.8505747126436781
Validation icbhi_score: 0.5210320371729029
Validation roc_auc: None
Validation avg_accuracy: 0.3006471313018747
Validation one_indexed_epoch: 46
69/69 - 151s - loss: 0.0370 - accuracy: 0.7550 - 151s/epoch - 2s/step
Epoch 47/50
Validation cm: [[320  89  15  11]
 [166 126   4   2]
 [ 29   6   4   2]
 [ 47  26   6   5]]
Validation normalized_cm: [[0.736 0.205 0.034 0.025]
 [0.557 0.423 0.013 0.007]
 [0.707 0.146 0.098 0.049]
 [0.56  0.31  0.071 0.06 ]]
Validation acc: 0.5303030303030303
Validation class_accuracies: [0.735632183908046, 0.4228187919463087, 0.0975609756097561, 0.05952380952380952]
Validation sensitivity: 0.3191489361702128
Validation specificity: 0.735632183908046
Validation icbhi_score: 0.5273905600391293
Validation roc_auc: None
Validation avg_accuracy: 0.3288839402469801
Validation one_indexed_epoch: 47
69/69 - 150s - loss: 0.0441 - accuracy: 0.7473 - 150s/epoch - 2s/step
Epoch 48/50
Validation cm: [[312 113   6   4]
 [143 152   2   1]
 [ 32   6   1   2]
 [ 48  29   6   1]]
Validation normalized_cm: [[0.717 0.26  0.014 0.009]
 [0.48  0.51  0.007 0.003]
 [0.78  0.146 0.024 0.049]
 [0.571 0.345 0.071 0.012]]
Validation acc: 0.5431235431235432
Validation class_accuracies: [0.7172413793103448, 0.5100671140939598, 0.024390243902439025, 0.011904761904761904]
Validation sensitivity: 0.3640661938534279
Validation specificity: 0.7172413793103448
Validation icbhi_score: 0.5406537865818863
Validation roc_auc: None
Validation avg_accuracy: 0.3159008748028764
Validation one_indexed_epoch: 48
-- New best results were achieved. --
69/69 - 150s - loss: 0.0427 - accuracy: 0.7546 - 150s/epoch - 2s/step
Epoch 49/50
Validation cm: [[277 141   8   9]
 [118 174   3   3]
 [ 28   9   1   3]
 [ 38  36   5   5]]
Validation normalized_cm: [[0.637 0.324 0.018 0.021]
 [0.396 0.584 0.01  0.01 ]
 [0.683 0.22  0.024 0.073]
 [0.452 0.429 0.06  0.06 ]]
Validation acc: 0.5326340326340326
Validation class_accuracies: [0.6367816091954023, 0.5838926174496645, 0.024390243902439025, 0.05952380952380952]
Validation sensitivity: 0.425531914893617
Validation specificity: 0.6367816091954023
Validation icbhi_score: 0.5311567620445097
Validation roc_auc: None
Validation avg_accuracy: 0.32614707001782883
Validation one_indexed_epoch: 49
69/69 - 153s - loss: 0.0336 - accuracy: 0.7491 - 153s/epoch - 2s/step
Epoch 50/50
Validation cm: [[262 159   8   6]
 [113 177   3   5]
 [ 25  12   1   3]
 [ 35  39   6   4]]
Validation normalized_cm: [[0.602 0.366 0.018 0.014]
 [0.379 0.594 0.01  0.017]
 [0.61  0.293 0.024 0.073]
 [0.417 0.464 0.071 0.048]]
Validation acc: 0.5174825174825175
Validation class_accuracies: [0.6022988505747127, 0.5939597315436241, 0.024390243902439025, 0.047619047619047616]
Validation sensitivity: 0.4302600472813239
Validation specificity: 0.6022988505747127
Validation icbhi_score: 0.5162794489280182
Validation roc_auc: None
Validation avg_accuracy: 0.3170669684099559
Validation one_indexed_epoch: 50
69/69 - 152s - loss: 0.0386 - accuracy: 0.7404 - 152s/epoch - 2s/step
----------------------------------
The best metrics for this job are: 

Best icbhi_score: 0.5406537865818863
Best cm: [[312 113   6   4]
 [143 152   2   1]
 [ 32   6   1   2]
 [ 48  29   6   1]]
Best normalized_cm: [[0.717 0.26  0.014 0.009]
 [0.48  0.51  0.007 0.003]
 [0.78  0.146 0.024 0.049]
 [0.571 0.345 0.071 0.012]]
Best acc: 0.5431235431235432
Best class_accuracies: [0.7172413793103448, 0.5100671140939598, 0.024390243902439025, 0.011904761904761904]
Best sensitivity: 0.3640661938534279
Best specificity: 0.7172413793103448
Best roc_auc: None
Best avg_accuracy: 0.3159008748028764
Best one_indexed_epoch: 48
icbhi_score
model
cm
normalized_cm
acc
class_accuracies
sensitivity
specificity
roc_auc
avg_accuracy
one_indexed_epoch
