Tensorflow Version: 2.8.0
Num GPUs Available:  1
Collecting Variables...
All variables have been collected.
../cache/
cw
train111
Description: KFold sincnet no spectral loss
-----------------------
Job id is 1.
Job dir: ../cache/cw/train111/1
- Loading Icbhi.
725 Icbhi audios have been loaded.
- Preparing Icbhi.
112 Icbhi groups of audio chunks (by filename or patients) have been prepared.
--- Samples are being split into training/val groups and de-grouped by patient ---
Job id is 2.
lengths
2184
858
0
0
0
0
-----------------------
--- Final training dataset went from 0 to 2184 elements, with 819 none's, 702 crakles, 346 wheezes and 290 both ---
--- Final Validation dataset contains 858 elements, with 417 none, 297 crackles, 41 wheezes and 83 both ---
Initializing weights...
weights = {0: 0.6570397111913358, 1: 0.774468085106383, 2: 1.5423728813559323, 3: 1.8571428571428572}
Model: "leaf_model9_model_bis"
______________________________________________________________________________________________________________
 Layer (type)                                    Output Shape                                Param #          
==============================================================================================================
 sincnet (SincNet)                               multiple                                    320              
                                                                                                              
 mel_filterbanks (MelFilterbanks)                multiple                                    0 (unused)       
                                                                                                              
 sincnet (SincNet)                               multiple                                    0 (unused)       
                                                                                                              
 sequential (Sequential)                         (None, 80, 250, 1)                          4                
                                                                                                              
 sequential_1 (Sequential)                       (None, 80, 250, 16)                         2352             
                                                                                                              
 sequential_2 (Sequential)                       (None, 80, 250, 16)                         6448             
                                                                                                              
 sequential_3 (Sequential)                       (None, 80, 250, 16)                         32               
                                                                                                              
 concatenate (Concatenate)                       multiple                                    0                
                                                                                                              
 sequential_4 (Sequential)                       (None, 2)                                   6192322          
                                                                                                              
==============================================================================================================
Total params: 6,201,640
Trainable params: 6,160,134
Non-trainable params: 41,506
______________________________________________________________________________________________________________
Target metric is icbhi_score
Epoch 1/50
WARNING:tensorflow:Gradients do not exist for variables ['kernel:0'] when minimizing the loss. If you're using `model.compile()`, did you forget to provide a `loss`argument?
WARNING:tensorflow:Gradients do not exist for variables ['kernel:0'] when minimizing the loss. If you're using `model.compile()`, did you forget to provide a `loss`argument?
WARNING:tensorflow:Gradients do not exist for variables ['kernel:0'] when minimizing the loss. If you're using `model.compile()`, did you forget to provide a `loss`argument?
WARNING:tensorflow:Gradients do not exist for variables ['kernel:0'] when minimizing the loss. If you're using `model.compile()`, did you forget to provide a `loss`argument?
WARNING:tensorflow:Gradients do not exist for variables ['kernel:0'] when minimizing the loss. If you're using `model.compile()`, did you forget to provide a `loss`argument?
WARNING:tensorflow:Gradients do not exist for variables ['kernel:0'] when minimizing the loss. If you're using `model.compile()`, did you forget to provide a `loss`argument?
WARNING:tensorflow:Gradients do not exist for variables ['kernel:0'] when minimizing the loss. If you're using `model.compile()`, did you forget to provide a `loss`argument?
WARNING:tensorflow:Gradients do not exist for variables ['kernel:0'] when minimizing the loss. If you're using `model.compile()`, did you forget to provide a `loss`argument?
Validation cm: [[435   0   0   0]
 [298   0   0   0]
 [ 41   0   0   0]
 [ 84   0   0   0]]
Validation normalized_cm: [[1. 0. 0. 0.]
 [1. 0. 0. 0.]
 [1. 0. 0. 0.]
 [1. 0. 0. 0.]]
Validation acc: 0.506993006993007
Validation class_accuracies: [1.0, 0.0, 0.0, 0.0]
Validation sensitivity: 0.0
Validation specificity: 1.0
Validation icbhi_score: 0.5
Validation roc_auc: None
Validation avg_accuracy: 0.25
Validation one_indexed_epoch: 1
-- New best results were achieved. --
69/69 - 67s - loss: 0.5670 - accuracy: 0.6406 - 67s/epoch - 977ms/step
Epoch 2/50
Validation cm: [[435   0   0   0]
 [298   0   0   0]
 [ 41   0   0   0]
 [ 84   0   0   0]]
Validation normalized_cm: [[1. 0. 0. 0.]
 [1. 0. 0. 0.]
 [1. 0. 0. 0.]
 [1. 0. 0. 0.]]
Validation acc: 0.506993006993007
Validation class_accuracies: [1.0, 0.0, 0.0, 0.0]
Validation sensitivity: 0.0
Validation specificity: 1.0
Validation icbhi_score: 0.5
Validation roc_auc: None
Validation avg_accuracy: 0.25
Validation one_indexed_epoch: 2
69/69 - 55s - loss: 0.4164 - accuracy: 0.7798 - 55s/epoch - 801ms/step
Epoch 3/50
Validation cm: [[435   0   0   0]
 [298   0   0   0]
 [ 41   0   0   0]
 [ 84   0   0   0]]
Validation normalized_cm: [[1. 0. 0. 0.]
 [1. 0. 0. 0.]
 [1. 0. 0. 0.]
 [1. 0. 0. 0.]]
Validation acc: 0.506993006993007
Validation class_accuracies: [1.0, 0.0, 0.0, 0.0]
Validation sensitivity: 0.0
Validation specificity: 1.0
Validation icbhi_score: 0.5
Validation roc_auc: None
Validation avg_accuracy: 0.25
Validation one_indexed_epoch: 3
69/69 - 54s - loss: 0.3830 - accuracy: 0.7775 - 54s/epoch - 790ms/step
Epoch 4/50
Validation cm: [[435   0   0   0]
 [298   0   0   0]
 [ 41   0   0   0]
 [ 84   0   0   0]]
Validation normalized_cm: [[1. 0. 0. 0.]
 [1. 0. 0. 0.]
 [1. 0. 0. 0.]
 [1. 0. 0. 0.]]
Validation acc: 0.506993006993007
Validation class_accuracies: [1.0, 0.0, 0.0, 0.0]
Validation sensitivity: 0.0
Validation specificity: 1.0
Validation icbhi_score: 0.5
Validation roc_auc: None
Validation avg_accuracy: 0.25
Validation one_indexed_epoch: 4
69/69 - 55s - loss: 0.3667 - accuracy: 0.8068 - 55s/epoch - 802ms/step
Epoch 5/50
Validation cm: [[435   0   0   0]
 [298   0   0   0]
 [ 41   0   0   0]
 [ 84   0   0   0]]
Validation normalized_cm: [[1. 0. 0. 0.]
 [1. 0. 0. 0.]
 [1. 0. 0. 0.]
 [1. 0. 0. 0.]]
Validation acc: 0.506993006993007
Validation class_accuracies: [1.0, 0.0, 0.0, 0.0]
Validation sensitivity: 0.0
Validation specificity: 1.0
Validation icbhi_score: 0.5
Validation roc_auc: None
Validation avg_accuracy: 0.25
Validation one_indexed_epoch: 5
69/69 - 56s - loss: 0.3558 - accuracy: 0.8022 - 56s/epoch - 818ms/step
Epoch 6/50
Validation cm: [[435   0   0   0]
 [298   0   0   0]
 [ 41   0   0   0]
 [ 84   0   0   0]]
Validation normalized_cm: [[1. 0. 0. 0.]
 [1. 0. 0. 0.]
 [1. 0. 0. 0.]
 [1. 0. 0. 0.]]
Validation acc: 0.506993006993007
Validation class_accuracies: [1.0, 0.0, 0.0, 0.0]
Validation sensitivity: 0.0
Validation specificity: 1.0
Validation icbhi_score: 0.5
Validation roc_auc: None
Validation avg_accuracy: 0.25
Validation one_indexed_epoch: 6
69/69 - 61s - loss: 0.3465 - accuracy: 0.8118 - 61s/epoch - 881ms/step
Epoch 7/50
Validation cm: [[435   0   0   0]
 [298   0   0   0]
 [ 41   0   0   0]
 [ 84   0   0   0]]
Validation normalized_cm: [[1. 0. 0. 0.]
 [1. 0. 0. 0.]
 [1. 0. 0. 0.]
 [1. 0. 0. 0.]]
Validation acc: 0.506993006993007
Validation class_accuracies: [1.0, 0.0, 0.0, 0.0]
Validation sensitivity: 0.0
Validation specificity: 1.0
Validation icbhi_score: 0.5
Validation roc_auc: None
Validation avg_accuracy: 0.25
Validation one_indexed_epoch: 7
69/69 - 61s - loss: 0.3447 - accuracy: 0.8008 - 61s/epoch - 882ms/step
Epoch 8/50
Validation cm: [[418  15   0   2]
 [290   8   0   0]
 [ 41   0   0   0]
 [ 83   1   0   0]]
Validation normalized_cm: [[0.961 0.034 0.    0.005]
 [0.973 0.027 0.    0.   ]
 [1.    0.    0.    0.   ]
 [0.988 0.012 0.    0.   ]]
Validation acc: 0.4965034965034965
Validation class_accuracies: [0.960919540229885, 0.026845637583892617, 0.0, 0.0]
Validation sensitivity: 0.018912529550827423
Validation specificity: 0.960919540229885
Validation icbhi_score: 0.48991603489035623
Validation roc_auc: None
Validation avg_accuracy: 0.2469412944534444
Validation one_indexed_epoch: 8
69/69 - 61s - loss: 0.3252 - accuracy: 0.8077 - 61s/epoch - 887ms/step
Epoch 9/50
Validation cm: [[402  31   0   2]
 [282  16   0   0]
 [ 38   3   0   0]
 [ 80   4   0   0]]
Validation normalized_cm: [[0.924 0.071 0.    0.005]
 [0.946 0.054 0.    0.   ]
 [0.927 0.073 0.    0.   ]
 [0.952 0.048 0.    0.   ]]
Validation acc: 0.48717948717948717
Validation class_accuracies: [0.9241379310344827, 0.053691275167785234, 0.0, 0.0]
Validation sensitivity: 0.037825059101654845
Validation specificity: 0.9241379310344827
Validation icbhi_score: 0.48098149506806875
Validation roc_auc: None
Validation avg_accuracy: 0.244457301550567
Validation one_indexed_epoch: 9
69/69 - 60s - loss: 0.3265 - accuracy: 0.8059 - 60s/epoch - 876ms/step
Epoch 10/50
Validation cm: [[396  37   0   2]
 [279  19   0   0]
 [ 38   3   0   0]
 [ 81   3   0   0]]
Validation normalized_cm: [[0.91  0.085 0.    0.005]
 [0.936 0.064 0.    0.   ]
 [0.927 0.073 0.    0.   ]
 [0.964 0.036 0.    0.   ]]
Validation acc: 0.4836829836829837
Validation class_accuracies: [0.9103448275862069, 0.06375838926174497, 0.0, 0.0]
Validation sensitivity: 0.04491725768321513
Validation specificity: 0.9103448275862069
Validation icbhi_score: 0.477631042634711
Validation roc_auc: None
Validation avg_accuracy: 0.24352580421198797
Validation one_indexed_epoch: 10
69/69 - 61s - loss: 0.3133 - accuracy: 0.7999 - 61s/epoch - 885ms/step
Epoch 11/50
Validation cm: [[378  28  26   3]
 [267  14  17   0]
 [ 35   5   1   0]
 [ 76   5   3   0]]
Validation normalized_cm: [[0.869 0.064 0.06  0.007]
 [0.896 0.047 0.057 0.   ]
 [0.854 0.122 0.024 0.   ]
 [0.905 0.06  0.036 0.   ]]
Validation acc: 0.458041958041958
Validation class_accuracies: [0.8689655172413793, 0.04697986577181208, 0.024390243902439025, 0.0]
Validation sensitivity: 0.03546099290780142
Validation specificity: 0.8689655172413793
Validation icbhi_score: 0.45221325507459037
Validation roc_auc: None
Validation avg_accuracy: 0.2350839067289076
Validation one_indexed_epoch: 11
Mel loss: <tf.Variable 'Variable:0' shape=() dtype=float32, numpy=0.5>
sinc loss: <tf.Variable 'Variable:0' shape=() dtype=float32, numpy=0.5>
69/69 - 61s - loss: 0.3026 - accuracy: 0.8054 - 61s/epoch - 889ms/step
Epoch 12/50
Validation cm: [[274 144  10   7]
 [178 116   3   1]
 [ 20  18   2   1]
 [ 43  37   3   1]]
Validation normalized_cm: [[0.63  0.331 0.023 0.016]
 [0.597 0.389 0.01  0.003]
 [0.488 0.439 0.049 0.024]
 [0.512 0.44  0.036 0.012]]
Validation acc: 0.458041958041958
Validation class_accuracies: [0.6298850574712643, 0.38926174496644295, 0.04878048780487805, 0.011904761904761904]
Validation sensitivity: 0.28132387706855794
Validation specificity: 0.6298850574712643
Validation icbhi_score: 0.4556044672699111
Validation roc_auc: None
Validation avg_accuracy: 0.2699580130368368
Validation one_indexed_epoch: 12
69/69 - 61s - loss: 0.2954 - accuracy: 0.8086 - 61s/epoch - 881ms/step
Epoch 13/50
Validation cm: [[354  20  19  42]
 [246  27   4  21]
 [ 30   4   3   4]
 [ 54  13  12   5]]
Validation normalized_cm: [[0.814 0.046 0.044 0.097]
 [0.826 0.091 0.013 0.07 ]
 [0.732 0.098 0.073 0.098]
 [0.643 0.155 0.143 0.06 ]]
Validation acc: 0.4533799533799534
Validation class_accuracies: [0.8137931034482758, 0.09060402684563758, 0.07317073170731707, 0.05952380952380952]
Validation sensitivity: 0.08274231678486997
Validation specificity: 0.8137931034482758
Validation icbhi_score: 0.4482677101165729
Validation roc_auc: None
Validation avg_accuracy: 0.25927291788126
Validation one_indexed_epoch: 13
69/69 - 60s - loss: 0.2851 - accuracy: 0.8173 - 60s/epoch - 873ms/step
Epoch 14/50
Validation cm: [[313  76  42   4]
 [231  59   7   1]
 [ 25   8   7   1]
 [ 47  19  13   5]]
Validation normalized_cm: [[0.72  0.175 0.097 0.009]
 [0.775 0.198 0.023 0.003]
 [0.61  0.195 0.171 0.024]
 [0.56  0.226 0.155 0.06 ]]
Validation acc: 0.44755244755244755
Validation class_accuracies: [0.7195402298850575, 0.19798657718120805, 0.17073170731707318, 0.05952380952380952]
Validation sensitivity: 0.16784869976359337
Validation specificity: 0.7195402298850575
Validation icbhi_score: 0.44369446482432545
Validation roc_auc: None
Validation avg_accuracy: 0.2869455809767871
Validation one_indexed_epoch: 14
69/69 - 60s - loss: 0.2783 - accuracy: 0.8173 - 60s/epoch - 873ms/step
Epoch 15/50
Validation cm: [[311  37  67  20]
 [240  29  21   8]
 [ 21   3  13   4]
 [ 54   9  19   2]]
Validation normalized_cm: [[0.715 0.085 0.154 0.046]
 [0.805 0.097 0.07  0.027]
 [0.512 0.073 0.317 0.098]
 [0.643 0.107 0.226 0.024]]
Validation acc: 0.41375291375291373
Validation class_accuracies: [0.7149425287356321, 0.09731543624161074, 0.3170731707317073, 0.023809523809523808]
Validation sensitivity: 0.10401891252955082
Validation specificity: 0.7149425287356321
Validation icbhi_score: 0.4094807206325915
Validation roc_auc: None
Validation avg_accuracy: 0.28828516487961847
Validation one_indexed_epoch: 15
69/69 - 61s - loss: 0.2618 - accuracy: 0.8049 - 61s/epoch - 878ms/step
Epoch 16/50
Validation cm: [[338  35  36  26]
 [235  40   8  15]
 [ 27   7   6   1]
 [ 55   4  21   4]]
Validation normalized_cm: [[0.777 0.08  0.083 0.06 ]
 [0.789 0.134 0.027 0.05 ]
 [0.659 0.171 0.146 0.024]
 [0.655 0.048 0.25  0.048]]
Validation acc: 0.4522144522144522
Validation class_accuracies: [0.7770114942528735, 0.1342281879194631, 0.14634146341463414, 0.047619047619047616]
Validation sensitivity: 0.1182033096926714
Validation specificity: 0.7770114942528735
Validation icbhi_score: 0.4476074019727725
Validation roc_auc: None
Validation avg_accuracy: 0.2763000483015046
Validation one_indexed_epoch: 16
69/69 - 61s - loss: 0.2537 - accuracy: 0.8077 - 61s/epoch - 881ms/step
Epoch 17/50
Validation cm: [[390   6  39   0]
 [282   8   8   0]
 [ 35   1   4   1]
 [ 67   3  14   0]]
Validation normalized_cm: [[0.897 0.014 0.09  0.   ]
 [0.946 0.027 0.027 0.   ]
 [0.854 0.024 0.098 0.024]
 [0.798 0.036 0.167 0.   ]]
Validation acc: 0.46853146853146854
Validation class_accuracies: [0.896551724137931, 0.026845637583892617, 0.0975609756097561, 0.0]
Validation sensitivity: 0.028368794326241134
Validation specificity: 0.896551724137931
Validation icbhi_score: 0.4624602592320861
Validation roc_auc: None
Validation avg_accuracy: 0.25523958433289495
Validation one_indexed_epoch: 17
69/69 - 61s - loss: 0.2386 - accuracy: 0.7995 - 61s/epoch - 884ms/step
Epoch 18/50
Validation cm: [[342   8  69  16]
 [257  16  23   2]
 [ 28   0  11   2]
 [ 59   4  20   1]]
Validation normalized_cm: [[0.786 0.018 0.159 0.037]
 [0.862 0.054 0.077 0.007]
 [0.683 0.    0.268 0.049]
 [0.702 0.048 0.238 0.012]]
Validation acc: 0.43123543123543123
Validation class_accuracies: [0.7862068965517242, 0.053691275167785234, 0.2682926829268293, 0.011904761904761904]
Validation sensitivity: 0.06619385342789598
Validation specificity: 0.7862068965517242
Validation icbhi_score: 0.42620037498981006
Validation roc_auc: None
Validation avg_accuracy: 0.2800239041377751
Validation one_indexed_epoch: 18
69/69 - 63s - loss: 0.2257 - accuracy: 0.8068 - 63s/epoch - 908ms/step
Epoch 19/50
Validation cm: [[261  72  45  57]
 [159 104  10  25]
 [ 22   7   5   7]
 [ 41  16  12  15]]
Validation normalized_cm: [[0.6   0.166 0.103 0.131]
 [0.534 0.349 0.034 0.084]
 [0.537 0.171 0.122 0.171]
 [0.488 0.19  0.143 0.179]]
Validation acc: 0.44871794871794873
Validation class_accuracies: [0.6, 0.348993288590604, 0.12195121951219512, 0.17857142857142858]
Validation sensitivity: 0.29314420803782504
Validation specificity: 0.6
Validation icbhi_score: 0.4465721040189125
Validation roc_auc: None
Validation avg_accuracy: 0.312378984168557
Validation one_indexed_epoch: 19
69/69 - 63s - loss: 0.2181 - accuracy: 0.7990 - 63s/epoch - 917ms/step
Epoch 20/50
Validation cm: [[358  10  37  30]
 [260  17   9  12]
 [ 33   0   6   2]
 [ 67   1  16   0]]
Validation normalized_cm: [[0.823 0.023 0.085 0.069]
 [0.872 0.057 0.03  0.04 ]
 [0.805 0.    0.146 0.049]
 [0.798 0.012 0.19  0.   ]]
Validation acc: 0.44405594405594406
Validation class_accuracies: [0.8229885057471265, 0.05704697986577181, 0.14634146341463414, 0.0]
Validation sensitivity: 0.054373522458628844
Validation specificity: 0.8229885057471265
Validation icbhi_score: 0.43868101410287763
Validation roc_auc: None
Validation avg_accuracy: 0.2565942372568831
Validation one_indexed_epoch: 20
69/69 - 63s - loss: 0.2002 - accuracy: 0.8109 - 63s/epoch - 913ms/step
Epoch 21/50
Validation cm: [[293   3  95  44]
 [237   8  26  27]
 [ 19   0  18   4]
 [ 46   0  32   6]]
Validation normalized_cm: [[0.674 0.007 0.218 0.101]
 [0.795 0.027 0.087 0.091]
 [0.463 0.    0.439 0.098]
 [0.548 0.    0.381 0.071]]
Validation acc: 0.3787878787878788
Validation class_accuracies: [0.6735632183908046, 0.026845637583892617, 0.43902439024390244, 0.07142857142857142]
Validation sensitivity: 0.07565011820330969
Validation specificity: 0.6735632183908046
Validation icbhi_score: 0.37460666829705713
Validation roc_auc: None
Validation avg_accuracy: 0.30271545441179276
Validation one_indexed_epoch: 21
Mel loss: <tf.Variable 'Variable:0' shape=() dtype=float32, numpy=0.5>
sinc loss: <tf.Variable 'Variable:0' shape=() dtype=float32, numpy=0.5>
69/69 - 63s - loss: 0.1866 - accuracy: 0.7949 - 63s/epoch - 909ms/step
Epoch 22/50
Validation cm: [[324  38  22  51]
 [233  38   8  19]
 [ 24   7   4   6]
 [ 55  11   9   9]]
Validation normalized_cm: [[0.745 0.087 0.051 0.117]
 [0.782 0.128 0.027 0.064]
 [0.585 0.171 0.098 0.146]
 [0.655 0.131 0.107 0.107]]
Validation acc: 0.4370629370629371
Validation class_accuracies: [0.7448275862068966, 0.12751677852348994, 0.0975609756097561, 0.10714285714285714]
Validation sensitivity: 0.12056737588652482
Validation specificity: 0.7448275862068966
Validation icbhi_score: 0.4326974810467107
Validation roc_auc: None
Validation avg_accuracy: 0.26926204937074993
Validation one_indexed_epoch: 22
69/69 - 63s - loss: 0.1738 - accuracy: 0.8013 - 63s/epoch - 911ms/step
Epoch 23/50
Validation cm: [[255 145  25  10]
 [158 134   4   2]
 [ 24  12   2   3]
 [ 32  39   7   6]]
Validation normalized_cm: [[0.586 0.333 0.057 0.023]
 [0.53  0.45  0.013 0.007]
 [0.585 0.293 0.049 0.073]
 [0.381 0.464 0.083 0.071]]
Validation acc: 0.4627039627039627
Validation class_accuracies: [0.5862068965517241, 0.44966442953020136, 0.04878048780487805, 0.07142857142857142]
Validation sensitivity: 0.33569739952718675
Validation specificity: 0.5862068965517241
Validation icbhi_score: 0.4609521480394554
Validation roc_auc: None
Validation avg_accuracy: 0.28902009632884373
Validation one_indexed_epoch: 23
69/69 - 63s - loss: 0.1697 - accuracy: 0.7921 - 63s/epoch - 913ms/step
Epoch 24/50
Validation cm: [[ 99 299  19  18]
 [ 36 251   8   3]
 [  7  26   4   4]
 [  7  62   1  14]]
Validation normalized_cm: [[0.228 0.687 0.044 0.041]
 [0.121 0.842 0.027 0.01 ]
 [0.171 0.634 0.098 0.098]
 [0.083 0.738 0.012 0.167]]
Validation acc: 0.4289044289044289
Validation class_accuracies: [0.22758620689655173, 0.8422818791946308, 0.0975609756097561, 0.16666666666666666]
Validation sensitivity: 0.6359338061465721
Validation specificity: 0.22758620689655173
Validation icbhi_score: 0.43176000652156193
Validation roc_auc: None
Validation avg_accuracy: 0.3335239320919014
Validation one_indexed_epoch: 24
69/69 - 62s - loss: 0.1433 - accuracy: 0.7917 - 62s/epoch - 892ms/step
Epoch 25/50
Validation cm: [[307  23  99   6]
 [194  66  33   5]
 [ 23   3  12   3]
 [ 44   8  25   7]]
Validation normalized_cm: [[0.706 0.053 0.228 0.014]
 [0.651 0.221 0.111 0.017]
 [0.561 0.073 0.293 0.073]
 [0.524 0.095 0.298 0.083]]
Validation acc: 0.4568764568764569
Validation class_accuracies: [0.7057471264367816, 0.2214765100671141, 0.2926829268292683, 0.08333333333333333]
Validation sensitivity: 0.20094562647754138
Validation specificity: 0.7057471264367816
Validation icbhi_score: 0.45334637645716147
Validation roc_auc: None
Validation avg_accuracy: 0.3258099741666243
Validation one_indexed_epoch: 25
69/69 - 63s - loss: 0.1363 - accuracy: 0.7940 - 63s/epoch - 908ms/step
Epoch 26/50
Validation cm: [[276 111  37  11]
 [175 114   7   2]
 [ 24  12   2   3]
 [ 39  30   8   7]]
Validation normalized_cm: [[0.634 0.255 0.085 0.025]
 [0.587 0.383 0.023 0.007]
 [0.585 0.293 0.049 0.073]
 [0.464 0.357 0.095 0.083]]
Validation acc: 0.46503496503496505
Validation class_accuracies: [0.6344827586206897, 0.3825503355704698, 0.04878048780487805, 0.08333333333333333]
Validation sensitivity: 0.2907801418439716
Validation specificity: 0.6344827586206897
Validation icbhi_score: 0.46263145023233065
Validation roc_auc: None
Validation avg_accuracy: 0.2872867288323427
Validation one_indexed_epoch: 26
69/69 - 63s - loss: 0.1245 - accuracy: 0.7784 - 63s/epoch - 916ms/step
Epoch 27/50
Validation cm: [[306  68  52   9]
 [204  85   7   2]
 [ 25   5   9   2]
 [ 43  18  15   8]]
Validation normalized_cm: [[0.703 0.156 0.12  0.021]
 [0.685 0.285 0.023 0.007]
 [0.61  0.122 0.22  0.049]
 [0.512 0.214 0.179 0.095]]
Validation acc: 0.4755244755244755
Validation class_accuracies: [0.7034482758620689, 0.28523489932885904, 0.21951219512195122, 0.09523809523809523]
Validation sensitivity: 0.24113475177304963
Validation specificity: 0.7034482758620689
Validation icbhi_score: 0.4722915138175593
Validation roc_auc: None
Validation avg_accuracy: 0.32585836638774357
Validation one_indexed_epoch: 27
69/69 - 63s - loss: 0.1050 - accuracy: 0.7784 - 63s/epoch - 914ms/step
Epoch 28/50
Validation cm: [[245 100  64  26]
 [148 121  17  12]
 [ 20   6  12   3]
 [ 39  20  17   8]]
Validation normalized_cm: [[0.563 0.23  0.147 0.06 ]
 [0.497 0.406 0.057 0.04 ]
 [0.488 0.146 0.293 0.073]
 [0.464 0.238 0.202 0.095]]
Validation acc: 0.44988344988344986
Validation class_accuracies: [0.5632183908045977, 0.40604026845637586, 0.2926829268292683, 0.09523809523809523]
Validation sensitivity: 0.3333333333333333
Validation specificity: 0.5632183908045977
Validation icbhi_score: 0.4482758620689655
Validation roc_auc: None
Validation avg_accuracy: 0.3392949203320843
Validation one_indexed_epoch: 28
69/69 - 63s - loss: 0.1083 - accuracy: 0.7875 - 63s/epoch - 918ms/step
Epoch 29/50
Validation cm: [[262  83  47  43]
 [158 110  13  17]
 [ 22   6   9   4]
 [ 36  24  15   9]]
Validation normalized_cm: [[0.602 0.191 0.108 0.099]
 [0.53  0.369 0.044 0.057]
 [0.537 0.146 0.22  0.098]
 [0.429 0.286 0.179 0.107]]
Validation acc: 0.45454545454545453
Validation class_accuracies: [0.6022988505747127, 0.3691275167785235, 0.21951219512195122, 0.10714285714285714]
Validation sensitivity: 0.30260047281323876
Validation specificity: 0.6022988505747127
Validation icbhi_score: 0.4524496616939757
Validation roc_auc: None
Validation avg_accuracy: 0.32452035490451114
Validation one_indexed_epoch: 29
69/69 - 62s - loss: 0.0964 - accuracy: 0.7692 - 62s/epoch - 901ms/step
Epoch 30/50
Validation cm: [[168 183  29  55]
 [ 65 205   4  24]
 [ 21  11   2   7]
 [ 16  48   9  11]]
Validation normalized_cm: [[0.386 0.421 0.067 0.126]
 [0.218 0.688 0.013 0.081]
 [0.512 0.268 0.049 0.171]
 [0.19  0.571 0.107 0.131]]
Validation acc: 0.44988344988344986
Validation class_accuracies: [0.38620689655172413, 0.6879194630872483, 0.04878048780487805, 0.13095238095238096]
Validation sensitivity: 0.5153664302600472
Validation specificity: 0.38620689655172413
Validation icbhi_score: 0.4507866634058857
Validation roc_auc: None
Validation avg_accuracy: 0.3134648070990579
Validation one_indexed_epoch: 30
69/69 - 64s - loss: 0.0927 - accuracy: 0.7866 - 64s/epoch - 922ms/step
Epoch 31/50
Validation cm: [[268  81  71  15]
 [151 121  19   7]
 [ 23   6  10   2]
 [ 36  24  16   8]]
Validation normalized_cm: [[0.616 0.186 0.163 0.034]
 [0.507 0.406 0.064 0.023]
 [0.561 0.146 0.244 0.049]
 [0.429 0.286 0.19  0.095]]
Validation acc: 0.47435897435897434
Validation class_accuracies: [0.6160919540229886, 0.40604026845637586, 0.24390243902439024, 0.09523809523809523]
Validation sensitivity: 0.32860520094562645
Validation specificity: 0.6160919540229886
Validation icbhi_score: 0.4723485774843075
Validation roc_auc: None
Validation avg_accuracy: 0.3403181891854624
Validation one_indexed_epoch: 31
Mel loss: <tf.Variable 'Variable:0' shape=() dtype=float32, numpy=0.5>
sinc loss: <tf.Variable 'Variable:0' shape=() dtype=float32, numpy=0.5>
69/69 - 63s - loss: 0.0928 - accuracy: 0.7729 - 63s/epoch - 913ms/step
Epoch 32/50
Validation cm: [[245 113  39  38]
 [124 145   9  20]
 [ 23  10   5   3]
 [ 31  31  15   7]]
Validation normalized_cm: [[0.563 0.26  0.09  0.087]
 [0.416 0.487 0.03  0.067]
 [0.561 0.244 0.122 0.073]
 [0.369 0.369 0.179 0.083]]
Validation acc: 0.46853146853146854
Validation class_accuracies: [0.5632183908045977, 0.4865771812080537, 0.12195121951219512, 0.08333333333333333]
Validation sensitivity: 0.37115839243498816
Validation specificity: 0.5632183908045977
Validation icbhi_score: 0.4671883916197929
Validation roc_auc: None
Validation avg_accuracy: 0.313770031214545
Validation one_indexed_epoch: 32
69/69 - 64s - loss: 0.0751 - accuracy: 0.7518 - 64s/epoch - 922ms/step
Epoch 33/50
Validation cm: [[276 126  20  13]
 [164 126   5   3]
 [ 26  10   3   2]
 [ 37  31   9   7]]
Validation normalized_cm: [[0.634 0.29  0.046 0.03 ]
 [0.55  0.423 0.017 0.01 ]
 [0.634 0.244 0.073 0.049]
 [0.44  0.369 0.107 0.083]]
Validation acc: 0.4801864801864802
Validation class_accuracies: [0.6344827586206897, 0.4228187919463087, 0.07317073170731707, 0.08333333333333333]
Validation sensitivity: 0.3215130023640662
Validation specificity: 0.6344827586206897
Validation icbhi_score: 0.47799788049237796
Validation roc_auc: None
Validation avg_accuracy: 0.3034514039019122
Validation one_indexed_epoch: 33
69/69 - 63s - loss: 0.0685 - accuracy: 0.7518 - 63s/epoch - 913ms/step
Epoch 34/50
Validation cm: [[291  78  54  12]
 [182 100  13   3]
 [ 21   7  11   2]
 [ 48  12  18   6]]
Validation normalized_cm: [[0.669 0.179 0.124 0.028]
 [0.611 0.336 0.044 0.01 ]
 [0.512 0.171 0.268 0.049]
 [0.571 0.143 0.214 0.071]]
Validation acc: 0.4755244755244755
Validation class_accuracies: [0.6689655172413793, 0.33557046979865773, 0.2682926829268293, 0.07142857142857142]
Validation sensitivity: 0.2765957446808511
Validation specificity: 0.6689655172413793
Validation icbhi_score: 0.4727806309611152
Validation roc_auc: None
Validation avg_accuracy: 0.3360643103488594
Validation one_indexed_epoch: 34
69/69 - 63s - loss: 0.0773 - accuracy: 0.7624 - 63s/epoch - 907ms/step
Epoch 35/50
Validation cm: [[253  65  98  19]
 [155 102  24  17]
 [ 18   6  12   5]
 [ 35  11  24  14]]
Validation normalized_cm: [[0.582 0.149 0.225 0.044]
 [0.52  0.342 0.081 0.057]
 [0.439 0.146 0.293 0.122]
 [0.417 0.131 0.286 0.167]]
Validation acc: 0.44405594405594406
Validation class_accuracies: [0.5816091954022988, 0.3422818791946309, 0.2926829268292683, 0.16666666666666666]
Validation sensitivity: 0.30260047281323876
Validation specificity: 0.5816091954022988
Validation icbhi_score: 0.4421048341077688
Validation roc_auc: None
Validation avg_accuracy: 0.3458101670232162
Validation one_indexed_epoch: 35
69/69 - 62s - loss: 0.0661 - accuracy: 0.7697 - 62s/epoch - 897ms/step
Epoch 36/50
Validation cm: [[219 160  32  24]
 [130 157   6   5]
 [ 22  10   5   4]
 [ 30  37   8   9]]
Validation normalized_cm: [[0.503 0.368 0.074 0.055]
 [0.436 0.527 0.02  0.017]
 [0.537 0.244 0.122 0.098]
 [0.357 0.44  0.095 0.107]]
Validation acc: 0.45454545454545453
Validation class_accuracies: [0.503448275862069, 0.5268456375838926, 0.12195121951219512, 0.10714285714285714]
Validation sensitivity: 0.40425531914893614
Validation specificity: 0.503448275862069
Validation icbhi_score: 0.45385179750550253
Validation roc_auc: None
Validation avg_accuracy: 0.31484699752525347
Validation one_indexed_epoch: 36
69/69 - 62s - loss: 0.0596 - accuracy: 0.7656 - 62s/epoch - 905ms/step
Epoch 37/50
Validation cm: [[266 118  35  16]
 [158 131   4   5]
 [ 24  10   4   3]
 [ 30  33  10  11]]
Validation normalized_cm: [[0.611 0.271 0.08  0.037]
 [0.53  0.44  0.013 0.017]
 [0.585 0.244 0.098 0.073]
 [0.357 0.393 0.119 0.131]]
Validation acc: 0.4801864801864802
Validation class_accuracies: [0.6114942528735632, 0.4395973154362416, 0.0975609756097561, 0.13095238095238096]
Validation sensitivity: 0.34515366430260047
Validation specificity: 0.6114942528735632
Validation icbhi_score: 0.47832395858808185
Validation roc_auc: None
Validation avg_accuracy: 0.31990123121798547
Validation one_indexed_epoch: 37
69/69 - 62s - loss: 0.0516 - accuracy: 0.7569 - 62s/epoch - 897ms/step
Epoch 38/50
Validation cm: [[273 108  45   9]
 [147 141   6   4]
 [ 22  11   5   3]
 [ 42  21  15   6]]
Validation normalized_cm: [[0.628 0.248 0.103 0.021]
 [0.493 0.473 0.02  0.013]
 [0.537 0.268 0.122 0.073]
 [0.5   0.25  0.179 0.071]]
Validation acc: 0.49533799533799533
Validation class_accuracies: [0.6275862068965518, 0.47315436241610737, 0.12195121951219512, 0.07142857142857142]
Validation sensitivity: 0.35933806146572106
Validation specificity: 0.6275862068965518
Validation icbhi_score: 0.4934621341811364
Validation roc_auc: None
Validation avg_accuracy: 0.32353009006335637
Validation one_indexed_epoch: 38
69/69 - 63s - loss: 0.0481 - accuracy: 0.7459 - 63s/epoch - 908ms/step
Epoch 39/50
Validation cm: [[298  46  69  22]
 [183  91  16   8]
 [ 23   5  10   3]
 [ 43  12  20   9]]
Validation normalized_cm: [[0.685 0.106 0.159 0.051]
 [0.614 0.305 0.054 0.027]
 [0.561 0.122 0.244 0.073]
 [0.512 0.143 0.238 0.107]]
Validation acc: 0.4755244755244755
Validation class_accuracies: [0.6850574712643678, 0.3053691275167785, 0.24390243902439024, 0.10714285714285714]
Validation sensitivity: 0.26004728132387706
Validation specificity: 0.6850574712643678
Validation icbhi_score: 0.4725523762941224
Validation roc_auc: None
Validation avg_accuracy: 0.3353679737370984
Validation one_indexed_epoch: 39
69/69 - 62s - loss: 0.0511 - accuracy: 0.7285 - 62s/epoch - 905ms/step
Epoch 40/50
Validation cm: [[293  27 105  10]
 [188  74  33   3]
 [ 21   5  14   1]
 [ 46   6  27   5]]
Validation normalized_cm: [[0.674 0.062 0.241 0.023]
 [0.631 0.248 0.111 0.01 ]
 [0.512 0.122 0.341 0.024]
 [0.548 0.071 0.321 0.06 ]]
Validation acc: 0.44988344988344986
Validation class_accuracies: [0.6735632183908046, 0.2483221476510067, 0.34146341463414637, 0.05952380952380952]
Validation sensitivity: 0.2198581560283688
Validation specificity: 0.6735632183908046
Validation icbhi_score: 0.4467106872095867
Validation roc_auc: None
Validation avg_accuracy: 0.3307181475499418
Validation one_indexed_epoch: 40
69/69 - 63s - loss: 0.0471 - accuracy: 0.7285 - 63s/epoch - 911ms/step
Epoch 41/50
Validation cm: [[243  94  55  43]
 [137 128  15  18]
 [ 21  10   5   5]
 [ 35  29  13   7]]
Validation normalized_cm: [[0.559 0.216 0.126 0.099]
 [0.46  0.43  0.05  0.06 ]
 [0.512 0.244 0.122 0.122]
 [0.417 0.345 0.155 0.083]]
Validation acc: 0.44638694638694637
Validation class_accuracies: [0.5586206896551724, 0.42953020134228187, 0.12195121951219512, 0.08333333333333333]
Validation sensitivity: 0.3309692671394799
Validation specificity: 0.5586206896551724
Validation icbhi_score: 0.4447949783973262
Validation roc_auc: None
Validation avg_accuracy: 0.29835886096074565
Validation one_indexed_epoch: 41
69/69 - 64s - loss: 0.0445 - accuracy: 0.7234 - 64s/epoch - 930ms/step
Epoch 42/50
Validation cm: [[ 63 292  12  68]
 [ 22 249   3  24]
 [  7  26   2   6]
 [  5  63   2  14]]
Validation normalized_cm: [[0.145 0.671 0.028 0.156]
 [0.074 0.836 0.01  0.081]
 [0.171 0.634 0.049 0.146]
 [0.06  0.75  0.024 0.167]]
Validation acc: 0.3822843822843823
Validation class_accuracies: [0.14482758620689656, 0.8355704697986577, 0.04878048780487805, 0.16666666666666666]
Validation sensitivity: 0.6264775413711584
Validation specificity: 0.14482758620689656
Validation icbhi_score: 0.38565256378902746
Validation roc_auc: None
Validation avg_accuracy: 0.2989613026192748
Validation one_indexed_epoch: 42
69/69 - 64s - loss: 0.0441 - accuracy: 0.7271 - 64s/epoch - 927ms/step
Epoch 43/50
Validation cm: [[125 224  40  46]
 [ 52 216  12  18]
 [ 13  19   4   5]
 [ 13  52   4  15]]
Validation normalized_cm: [[0.287 0.515 0.092 0.106]
 [0.174 0.725 0.04  0.06 ]
 [0.317 0.463 0.098 0.122]
 [0.155 0.619 0.048 0.179]]
Validation acc: 0.4195804195804196
Validation class_accuracies: [0.28735632183908044, 0.7248322147651006, 0.0975609756097561, 0.17857142857142858]
Validation sensitivity: 0.5555555555555556
Validation specificity: 0.28735632183908044
Validation icbhi_score: 0.421455938697318
Validation roc_auc: None
Validation avg_accuracy: 0.3220802351963415
Validation one_indexed_epoch: 43
69/69 - 64s - loss: 0.0499 - accuracy: 0.7564 - 64s/epoch - 924ms/step
Epoch 44/50
Validation cm: [[119 263  19  34]
 [ 42 239   6  11]
 [ 12  23   2   4]
 [ 13  54   4  13]]
Validation normalized_cm: [[0.274 0.605 0.044 0.078]
 [0.141 0.802 0.02  0.037]
 [0.293 0.561 0.049 0.098]
 [0.155 0.643 0.048 0.155]]
Validation acc: 0.4347319347319347
Validation class_accuracies: [0.2735632183908046, 0.802013422818792, 0.04878048780487805, 0.15476190476190477]
Validation sensitivity: 0.6004728132387707
Validation specificity: 0.2735632183908046
Validation icbhi_score: 0.4370180158147876
Validation roc_auc: None
Validation avg_accuracy: 0.3197797584440949
Validation one_indexed_epoch: 44
69/69 - 63s - loss: 0.0463 - accuracy: 0.7477 - 63s/epoch - 909ms/step
Epoch 45/50
Validation cm: [[251 147  29   8]
 [140 148   6   4]
 [ 28   8   2   3]
 [ 34  33  12   5]]
Validation normalized_cm: [[0.577 0.338 0.067 0.018]
 [0.47  0.497 0.02  0.013]
 [0.683 0.195 0.049 0.073]
 [0.405 0.393 0.143 0.06 ]]
Validation acc: 0.4731934731934732
Validation class_accuracies: [0.5770114942528736, 0.4966442953020134, 0.04878048780487805, 0.05952380952380952]
Validation sensitivity: 0.3664302600472813
Validation specificity: 0.5770114942528736
Validation icbhi_score: 0.47172087715007743
Validation roc_auc: None
Validation avg_accuracy: 0.29549002172089367
Validation one_indexed_epoch: 45
69/69 - 63s - loss: 0.0485 - accuracy: 0.7335 - 63s/epoch - 916ms/step
Epoch 46/50
Validation cm: [[290  90  40  15]
 [174 111  10   3]
 [ 28   6   5   2]
 [ 42  20  15   7]]
Validation normalized_cm: [[0.667 0.207 0.092 0.034]
 [0.584 0.372 0.034 0.01 ]
 [0.683 0.146 0.122 0.049]
 [0.5   0.238 0.179 0.083]]
Validation acc: 0.4813519813519814
Validation class_accuracies: [0.6666666666666666, 0.3724832214765101, 0.12195121951219512, 0.08333333333333333]
Validation sensitivity: 0.2907801418439716
Validation specificity: 0.6666666666666666
Validation icbhi_score: 0.4787234042553191
Validation roc_auc: None
Validation avg_accuracy: 0.31110861024717623
Validation one_indexed_epoch: 46
69/69 - 64s - loss: 0.0268 - accuracy: 0.7092 - 64s/epoch - 921ms/step
Epoch 47/50
Validation cm: [[280 106  35  14]
 [154 130   9   5]
 [ 22   9   6   4]
 [ 37  29  14   4]]
Validation normalized_cm: [[0.644 0.244 0.08  0.032]
 [0.517 0.436 0.03  0.017]
 [0.537 0.22  0.146 0.098]
 [0.44  0.345 0.167 0.048]]
Validation acc: 0.48951048951048953
Validation class_accuracies: [0.6436781609195402, 0.436241610738255, 0.14634146341463414, 0.047619047619047616]
Validation sensitivity: 0.3309692671394799
Validation specificity: 0.6436781609195402
Validation icbhi_score: 0.48732371402951
Validation roc_auc: None
Validation avg_accuracy: 0.31847007067286925
Validation one_indexed_epoch: 47
69/69 - 64s - loss: 0.0296 - accuracy: 0.7212 - 64s/epoch - 929ms/step
Epoch 48/50
Validation cm: [[191 174  42  28]
 [ 86 194  11   7]
 [ 16  11   8   6]
 [ 17  44  10  13]]
Validation normalized_cm: [[0.439 0.4   0.097 0.064]
 [0.289 0.651 0.037 0.023]
 [0.39  0.268 0.195 0.146]
 [0.202 0.524 0.119 0.155]]
Validation acc: 0.4731934731934732
Validation class_accuracies: [0.43908045977011495, 0.6510067114093959, 0.1951219512195122, 0.15476190476190477]
Validation sensitivity: 0.508274231678487
Validation specificity: 0.43908045977011495
Validation icbhi_score: 0.473677345724301
Validation roc_auc: None
Validation avg_accuracy: 0.3599927567902319
Validation one_indexed_epoch: 48
69/69 - 64s - loss: 0.0285 - accuracy: 0.7120 - 64s/epoch - 926ms/step
Epoch 49/50
Validation cm: [[228 140  49  18]
 [123 157  12   6]
 [ 18  10   7   6]
 [ 34  28  14   8]]
Validation normalized_cm: [[0.524 0.322 0.113 0.041]
 [0.413 0.527 0.04  0.02 ]
 [0.439 0.244 0.171 0.146]
 [0.405 0.333 0.167 0.095]]
Validation acc: 0.4662004662004662
Validation class_accuracies: [0.5241379310344828, 0.5268456375838926, 0.17073170731707318, 0.09523809523809523]
Validation sensitivity: 0.4066193853427896
Validation specificity: 0.5241379310344828
Validation icbhi_score: 0.4653786581886362
Validation roc_auc: None
Validation avg_accuracy: 0.32923834279338593
Validation one_indexed_epoch: 49
69/69 - 64s - loss: 0.0294 - accuracy: 0.7079 - 64s/epoch - 925ms/step
Epoch 50/50
Validation cm: [[184 193  38  20]
 [ 86 196  12   4]
 [ 14  16   6   5]
 [ 26  39   7  12]]
Validation normalized_cm: [[0.423 0.444 0.087 0.046]
 [0.289 0.658 0.04  0.013]
 [0.341 0.39  0.146 0.122]
 [0.31  0.464 0.083 0.143]]
Validation acc: 0.46386946386946387
Validation class_accuracies: [0.42298850574712643, 0.6577181208053692, 0.14634146341463414, 0.14285714285714285]
Validation sensitivity: 0.5059101654846335
Validation specificity: 0.42298850574712643
Validation icbhi_score: 0.46444933561588
Validation roc_auc: None
Validation avg_accuracy: 0.3424763082060681
Validation one_indexed_epoch: 50
69/69 - 62s - loss: 0.0318 - accuracy: 0.7175 - 62s/epoch - 906ms/step
----------------------------------
The best metrics for this job are: 

Best icbhi_score: 0.5
Best cm: [[435   0   0   0]
 [298   0   0   0]
 [ 41   0   0   0]
 [ 84   0   0   0]]
Best normalized_cm: [[1. 0. 0. 0.]
 [1. 0. 0. 0.]
 [1. 0. 0. 0.]
 [1. 0. 0. 0.]]
Best acc: 0.506993006993007
Best class_accuracies: [1.0, 0.0, 0.0, 0.0]
Best sensitivity: 0.0
Best specificity: 1.0
Best roc_auc: None
Best avg_accuracy: 0.25
Best one_indexed_epoch: 1
icbhi_score
model
cm
normalized_cm
acc
class_accuracies
sensitivity
specificity
roc_auc
avg_accuracy
one_indexed_epoch
