Tensorflow Version: 2.8.0
Num GPUs Available:  1
Collecting Variables...
All variables have been collected.
../cache/
cw
train112
Description:  leaf experiment with no spectral loss
-----------------------
Job id is 1.
Job dir: ../cache/cw/train112/1
- Loading Icbhi.
725 Icbhi audios have been loaded.
- Preparing Icbhi.
112 Icbhi groups of audio chunks (by filename or patients) have been prepared.
--- Samples are being split into training/val groups and de-grouped by patient ---
Job id is 2.
lengths
2184
858
0
0
0
0
-----------------------
--- Final training dataset went from 0 to 2184 elements, with 819 none's, 702 crakles, 346 wheezes and 290 both ---
--- Final Validation dataset contains 858 elements, with 417 none, 297 crackles, 41 wheezes and 83 both ---
Initializing weights...
weights = {0: 0.6570397111913358, 1: 0.774468085106383, 2: 1.5423728813559323, 3: 1.8571428571428572}
Model: "leaf_model9_model_bis"
______________________________________________________________________________________________________________
 Layer (type)                                    Output Shape                                Param #          
==============================================================================================================
 leaf (Leaf)                                     multiple                                    560              
                                                                                                              
 mel_filterbanks (MelFilterbanks)                multiple                                    0 (unused)       
                                                                                                              
 sincnet (SincNet)                               multiple                                    0 (unused)       
                                                                                                              
 sequential (Sequential)                         (None, 80, 250, 1)                          4                
                                                                                                              
 sequential_1 (Sequential)                       (None, 80, 250, 16)                         2352             
                                                                                                              
 sequential_2 (Sequential)                       (None, 80, 250, 16)                         6448             
                                                                                                              
 sequential_3 (Sequential)                       (None, 80, 250, 16)                         32               
                                                                                                              
 concatenate (Concatenate)                       multiple                                    0                
                                                                                                              
 sequential_4 (Sequential)                       (None, 2)                                   6192322          
                                                                                                              
==============================================================================================================
Total params: 6,201,880
Trainable params: 6,160,374
Non-trainable params: 41,506
______________________________________________________________________________________________________________
Target metric is icbhi_score
Epoch 1/50
WARNING:tensorflow:Gradients do not exist for variables ['kernel:0'] when minimizing the loss. If you're using `model.compile()`, did you forget to provide a `loss`argument?
WARNING:tensorflow:Gradients do not exist for variables ['kernel:0'] when minimizing the loss. If you're using `model.compile()`, did you forget to provide a `loss`argument?
WARNING:tensorflow:Gradients do not exist for variables ['kernel:0'] when minimizing the loss. If you're using `model.compile()`, did you forget to provide a `loss`argument?
WARNING:tensorflow:Gradients do not exist for variables ['kernel:0'] when minimizing the loss. If you're using `model.compile()`, did you forget to provide a `loss`argument?
WARNING:tensorflow:Gradients do not exist for variables ['kernel:0'] when minimizing the loss. If you're using `model.compile()`, did you forget to provide a `loss`argument?
WARNING:tensorflow:Gradients do not exist for variables ['kernel:0'] when minimizing the loss. If you're using `model.compile()`, did you forget to provide a `loss`argument?
WARNING:tensorflow:Gradients do not exist for variables ['kernel:0'] when minimizing the loss. If you're using `model.compile()`, did you forget to provide a `loss`argument?
WARNING:tensorflow:Gradients do not exist for variables ['kernel:0'] when minimizing the loss. If you're using `model.compile()`, did you forget to provide a `loss`argument?
Validation cm: [[  0   0 435   0]
 [  0   0 298   0]
 [  0   0  41   0]
 [  0   0  84   0]]
Validation normalized_cm: [[0. 0. 1. 0.]
 [0. 0. 1. 0.]
 [0. 0. 1. 0.]
 [0. 0. 1. 0.]]
Validation acc: 0.047785547785547784
Validation class_accuracies: [0.0, 0.0, 1.0, 0.0]
Validation sensitivity: 0.09692671394799054
Validation specificity: 0.0
Validation icbhi_score: 0.04846335697399527
Validation roc_auc: None
Validation avg_accuracy: 0.25
Validation one_indexed_epoch: 1
-- New best results were achieved. --
69/69 - 148s - loss: 0.5457 - accuracy: 0.7038 - 148s/epoch - 2s/step
Epoch 2/50
Validation cm: [[  0   0 435   0]
 [  0   0 298   0]
 [  0   0  41   0]
 [  0   0  84   0]]
Validation normalized_cm: [[0. 0. 1. 0.]
 [0. 0. 1. 0.]
 [0. 0. 1. 0.]
 [0. 0. 1. 0.]]
Validation acc: 0.047785547785547784
Validation class_accuracies: [0.0, 0.0, 1.0, 0.0]
Validation sensitivity: 0.09692671394799054
Validation specificity: 0.0
Validation icbhi_score: 0.04846335697399527
Validation roc_auc: None
Validation avg_accuracy: 0.25
Validation one_indexed_epoch: 2
69/69 - 136s - loss: 0.3878 - accuracy: 0.7633 - 136s/epoch - 2s/step
Epoch 3/50
Validation cm: [[  0   0 435   0]
 [  0   0 298   0]
 [  0   0  41   0]
 [  0   0  84   0]]
Validation normalized_cm: [[0. 0. 1. 0.]
 [0. 0. 1. 0.]
 [0. 0. 1. 0.]
 [0. 0. 1. 0.]]
Validation acc: 0.047785547785547784
Validation class_accuracies: [0.0, 0.0, 1.0, 0.0]
Validation sensitivity: 0.09692671394799054
Validation specificity: 0.0
Validation icbhi_score: 0.04846335697399527
Validation roc_auc: None
Validation avg_accuracy: 0.25
Validation one_indexed_epoch: 3
69/69 - 135s - loss: 0.3735 - accuracy: 0.7669 - 135s/epoch - 2s/step
Epoch 4/50
Validation cm: [[  0   0 435   0]
 [  0   0 298   0]
 [  0   0  41   0]
 [  0   0  84   0]]
Validation normalized_cm: [[0. 0. 1. 0.]
 [0. 0. 1. 0.]
 [0. 0. 1. 0.]
 [0. 0. 1. 0.]]
Validation acc: 0.047785547785547784
Validation class_accuracies: [0.0, 0.0, 1.0, 0.0]
Validation sensitivity: 0.09692671394799054
Validation specificity: 0.0
Validation icbhi_score: 0.04846335697399527
Validation roc_auc: None
Validation avg_accuracy: 0.25
Validation one_indexed_epoch: 4
69/69 - 135s - loss: 0.3587 - accuracy: 0.7779 - 135s/epoch - 2s/step
Epoch 5/50
Validation cm: [[435   0   0   0]
 [298   0   0   0]
 [ 41   0   0   0]
 [ 84   0   0   0]]
Validation normalized_cm: [[1. 0. 0. 0.]
 [1. 0. 0. 0.]
 [1. 0. 0. 0.]
 [1. 0. 0. 0.]]
Validation acc: 0.506993006993007
Validation class_accuracies: [1.0, 0.0, 0.0, 0.0]
Validation sensitivity: 0.0
Validation specificity: 1.0
Validation icbhi_score: 0.5
Validation roc_auc: None
Validation avg_accuracy: 0.25
Validation one_indexed_epoch: 5
-- New best results were achieved. --
69/69 - 136s - loss: 0.3462 - accuracy: 0.7995 - 136s/epoch - 2s/step
Epoch 6/50
Validation cm: [[435   0   0   0]
 [298   0   0   0]
 [ 41   0   0   0]
 [ 84   0   0   0]]
Validation normalized_cm: [[1. 0. 0. 0.]
 [1. 0. 0. 0.]
 [1. 0. 0. 0.]
 [1. 0. 0. 0.]]
Validation acc: 0.506993006993007
Validation class_accuracies: [1.0, 0.0, 0.0, 0.0]
Validation sensitivity: 0.0
Validation specificity: 1.0
Validation icbhi_score: 0.5
Validation roc_auc: None
Validation avg_accuracy: 0.25
Validation one_indexed_epoch: 6
69/69 - 135s - loss: 0.3340 - accuracy: 0.7839 - 135s/epoch - 2s/step
Epoch 7/50
Validation cm: [[435   0   0   0]
 [298   0   0   0]
 [ 41   0   0   0]
 [ 84   0   0   0]]
Validation normalized_cm: [[1. 0. 0. 0.]
 [1. 0. 0. 0.]
 [1. 0. 0. 0.]
 [1. 0. 0. 0.]]
Validation acc: 0.506993006993007
Validation class_accuracies: [1.0, 0.0, 0.0, 0.0]
Validation sensitivity: 0.0
Validation specificity: 1.0
Validation icbhi_score: 0.5
Validation roc_auc: None
Validation avg_accuracy: 0.25
Validation one_indexed_epoch: 7
69/69 - 135s - loss: 0.3272 - accuracy: 0.8086 - 135s/epoch - 2s/step
Epoch 8/50
Validation cm: [[417  18   0   0]
 [285  13   0   0]
 [ 38   2   0   1]
 [ 81   3   0   0]]
Validation normalized_cm: [[0.959 0.041 0.    0.   ]
 [0.956 0.044 0.    0.   ]
 [0.927 0.049 0.    0.024]
 [0.964 0.036 0.    0.   ]]
Validation acc: 0.5011655011655012
Validation class_accuracies: [0.9586206896551724, 0.0436241610738255, 0.0, 0.0]
Validation sensitivity: 0.030732860520094562
Validation specificity: 0.9586206896551724
Validation icbhi_score: 0.4946767750876335
Validation roc_auc: None
Validation avg_accuracy: 0.2505612126822495
Validation one_indexed_epoch: 8
69/69 - 135s - loss: 0.3200 - accuracy: 0.7853 - 135s/epoch - 2s/step
Epoch 9/50
Validation cm: [[403  22  10   0]
 [269  26   3   0]
 [ 35   4   1   1]
 [ 75   3   5   1]]
Validation normalized_cm: [[0.926 0.051 0.023 0.   ]
 [0.903 0.087 0.01  0.   ]
 [0.854 0.098 0.024 0.024]
 [0.893 0.036 0.06  0.012]]
Validation acc: 0.5023310023310024
Validation class_accuracies: [0.9264367816091954, 0.087248322147651, 0.024390243902439025, 0.011904761904761904]
Validation sensitivity: 0.06619385342789598
Validation specificity: 0.9264367816091954
Validation icbhi_score: 0.4963153175185457
Validation roc_auc: None
Validation avg_accuracy: 0.2624950273910118
Validation one_indexed_epoch: 9
69/69 - 136s - loss: 0.3170 - accuracy: 0.7930 - 136s/epoch - 2s/step
Epoch 10/50
Validation cm: [[ 33 391   0  11]
 [  6 288   0   4]
 [  0  40   0   1]
 [  0  79   0   5]]
Validation normalized_cm: [[0.076 0.899 0.    0.025]
 [0.02  0.966 0.    0.013]
 [0.    0.976 0.    0.024]
 [0.    0.94  0.    0.06 ]]
Validation acc: 0.37995337995337997
Validation class_accuracies: [0.07586206896551724, 0.9664429530201343, 0.0, 0.05952380952380952]
Validation sensitivity: 0.6926713947990544
Validation specificity: 0.07586206896551724
Validation icbhi_score: 0.38426673188228583
Validation roc_auc: None
Validation avg_accuracy: 0.2754572078773653
Validation one_indexed_epoch: 10
69/69 - 137s - loss: 0.3098 - accuracy: 0.7903 - 137s/epoch - 2s/step
Epoch 11/50
Validation cm: [[  5  30 117 283]
 [  2  72  37 187]
 [  0   1  18  22]
 [  0   6  31  47]]
Validation normalized_cm: [[0.011 0.069 0.269 0.651]
 [0.007 0.242 0.124 0.628]
 [0.    0.024 0.439 0.537]
 [0.    0.071 0.369 0.56 ]]
Validation acc: 0.1655011655011655
Validation class_accuracies: [0.011494252873563218, 0.24161073825503357, 0.43902439024390244, 0.5595238095238095]
Validation sensitivity: 0.32387706855791965
Validation specificity: 0.011494252873563218
Validation icbhi_score: 0.16768566071574142
Validation roc_auc: None
Validation avg_accuracy: 0.31291329772407717
Validation one_indexed_epoch: 11
Mel loss: <tf.Variable 'Variable:0' shape=() dtype=float32, numpy=0.5>
sinc loss: <tf.Variable 'Variable:0' shape=() dtype=float32, numpy=0.5>
69/69 - 135s - loss: 0.2910 - accuracy: 0.8013 - 135s/epoch - 2s/step
Epoch 12/50
Validation cm: [[ 12  32 237 154]
 [  3  31 150 114]
 [  0   1  27  13]
 [  0   7  51  26]]
Validation normalized_cm: [[0.028 0.074 0.545 0.354]
 [0.01  0.104 0.503 0.383]
 [0.    0.024 0.659 0.317]
 [0.    0.083 0.607 0.31 ]]
Validation acc: 0.11188811188811189
Validation class_accuracies: [0.027586206896551724, 0.1040268456375839, 0.6585365853658537, 0.30952380952380953]
Validation sensitivity: 0.19858156028368795
Validation specificity: 0.027586206896551724
Validation icbhi_score: 0.11308388359011984
Validation roc_auc: None
Validation avg_accuracy: 0.2749183618559497
Validation one_indexed_epoch: 12
69/69 - 133s - loss: 0.2887 - accuracy: 0.7981 - 133s/epoch - 2s/step
Epoch 13/50
Validation cm: [[140 128  88  79]
 [ 43 126  35  94]
 [  5   9  12  15]
 [ 18  16  21  29]]
Validation normalized_cm: [[0.322 0.294 0.202 0.182]
 [0.144 0.423 0.117 0.315]
 [0.122 0.22  0.293 0.366]
 [0.214 0.19  0.25  0.345]]
Validation acc: 0.3578088578088578
Validation class_accuracies: [0.3218390804597701, 0.4228187919463087, 0.2926829268292683, 0.34523809523809523]
Validation sensitivity: 0.3947990543735225
Validation specificity: 0.3218390804597701
Validation icbhi_score: 0.3583190674166463
Validation roc_auc: None
Validation avg_accuracy: 0.3456447236183606
Validation one_indexed_epoch: 13
69/69 - 127s - loss: 0.2744 - accuracy: 0.7930 - 127s/epoch - 2s/step
Epoch 14/50
Validation cm: [[ 87 325   4  19]
 [ 23 269   0   6]
 [  6  26   0   9]
 [ 10  54   6  14]]
Validation normalized_cm: [[0.2   0.747 0.009 0.044]
 [0.077 0.903 0.    0.02 ]
 [0.146 0.634 0.    0.22 ]
 [0.119 0.643 0.071 0.167]]
Validation acc: 0.43123543123543123
Validation class_accuracies: [0.2, 0.9026845637583892, 0.0, 0.16666666666666666]
Validation sensitivity: 0.6690307328605201
Validation specificity: 0.2
Validation icbhi_score: 0.43451536643026
Validation roc_auc: None
Validation avg_accuracy: 0.317337807606264
Validation one_indexed_epoch: 14
69/69 - 129s - loss: 0.2771 - accuracy: 0.8017 - 129s/epoch - 2s/step
Epoch 15/50
Validation cm: [[ 13  22 157 243]
 [  3  75  77 143]
 [  1   0  21  19]
 [  1   5  34  44]]
Validation normalized_cm: [[0.03  0.051 0.361 0.559]
 [0.01  0.252 0.258 0.48 ]
 [0.024 0.    0.512 0.463]
 [0.012 0.06  0.405 0.524]]
Validation acc: 0.17832167832167833
Validation class_accuracies: [0.029885057471264367, 0.2516778523489933, 0.5121951219512195, 0.5238095238095238]
Validation sensitivity: 0.3309692671394799
Validation specificity: 0.029885057471264367
Validation icbhi_score: 0.18042716230537212
Validation roc_auc: None
Validation avg_accuracy: 0.3293918888952503
Validation one_indexed_epoch: 15
69/69 - 129s - loss: 0.2635 - accuracy: 0.7958 - 129s/epoch - 2s/step
Epoch 16/50
Validation cm: [[341  79  10   5]
 [202  92   1   3]
 [ 27   7   5   2]
 [ 50  18  13   3]]
Validation normalized_cm: [[0.784 0.182 0.023 0.011]
 [0.678 0.309 0.003 0.01 ]
 [0.659 0.171 0.122 0.049]
 [0.595 0.214 0.155 0.036]]
Validation acc: 0.513986013986014
Validation class_accuracies: [0.7839080459770115, 0.3087248322147651, 0.12195121951219512, 0.03571428571428571]
Validation sensitivity: 0.2364066193853428
Validation specificity: 0.7839080459770115
Validation icbhi_score: 0.5101573326811771
Validation roc_auc: None
Validation avg_accuracy: 0.31257459585456443
Validation one_indexed_epoch: 16
-- New best results were achieved. --
69/69 - 127s - loss: 0.2481 - accuracy: 0.7985 - 127s/epoch - 2s/step
Epoch 17/50
Validation cm: [[ 15  68 211 141]
 [  9  87 110  92]
 [  2   1  23  15]
 [  0   7  49  28]]
Validation normalized_cm: [[0.034 0.156 0.485 0.324]
 [0.03  0.292 0.369 0.309]
 [0.049 0.024 0.561 0.366]
 [0.    0.083 0.583 0.333]]
Validation acc: 0.17832167832167833
Validation class_accuracies: [0.034482758620689655, 0.29194630872483224, 0.5609756097560976, 0.3333333333333333]
Validation sensitivity: 0.3262411347517731
Validation specificity: 0.034482758620689655
Validation icbhi_score: 0.18036194668623137
Validation roc_auc: None
Validation avg_accuracy: 0.3051845026087382
Validation one_indexed_epoch: 17
69/69 - 127s - loss: 0.2450 - accuracy: 0.7958 - 127s/epoch - 2s/step
Epoch 18/50
Validation cm: [[ 10  87  59 279]
 [  3 121  22 152]
 [  1   5   8  27]
 [  1  12  20  51]]
Validation normalized_cm: [[0.023 0.2   0.136 0.641]
 [0.01  0.406 0.074 0.51 ]
 [0.024 0.122 0.195 0.659]
 [0.012 0.143 0.238 0.607]]
Validation acc: 0.22144522144522144
Validation class_accuracies: [0.022988505747126436, 0.40604026845637586, 0.1951219512195122, 0.6071428571428571]
Validation sensitivity: 0.425531914893617
Validation specificity: 0.022988505747126436
Validation icbhi_score: 0.22426021032037174
Validation roc_auc: None
Validation avg_accuracy: 0.3078233956414679
Validation one_indexed_epoch: 18
69/69 - 129s - loss: 0.2329 - accuracy: 0.7972 - 129s/epoch - 2s/step
Epoch 19/50
Validation cm: [[117 100 173  45]
 [ 53 128  90  27]
 [  6   5  24   6]
 [ 11   9  48  16]]
Validation normalized_cm: [[0.269 0.23  0.398 0.103]
 [0.178 0.43  0.302 0.091]
 [0.146 0.122 0.585 0.146]
 [0.131 0.107 0.571 0.19 ]]
Validation acc: 0.3321678321678322
Validation class_accuracies: [0.2689655172413793, 0.42953020134228187, 0.5853658536585366, 0.19047619047619047]
Validation sensitivity: 0.3971631205673759
Validation specificity: 0.2689655172413793
Validation icbhi_score: 0.3330643189043776
Validation roc_auc: None
Validation avg_accuracy: 0.368584440679597
Validation one_indexed_epoch: 19
69/69 - 132s - loss: 0.2096 - accuracy: 0.8095 - 132s/epoch - 2s/step
Epoch 20/50
Validation cm: [[ 25 357  14  39]
 [  7 274   6  11]
 [  2  26   5   8]
 [  3  58   5  18]]
Validation normalized_cm: [[0.057 0.821 0.032 0.09 ]
 [0.023 0.919 0.02  0.037]
 [0.049 0.634 0.122 0.195]
 [0.036 0.69  0.06  0.214]]
Validation acc: 0.3752913752913753
Validation class_accuracies: [0.05747126436781609, 0.9194630872483222, 0.12195121951219512, 0.21428571428571427]
Validation sensitivity: 0.7021276595744681
Validation specificity: 0.05747126436781609
Validation icbhi_score: 0.3797994619711421
Validation roc_auc: None
Validation avg_accuracy: 0.3282928213535119
Validation one_indexed_epoch: 20
69/69 - 136s - loss: 0.2246 - accuracy: 0.8054 - 136s/epoch - 2s/step
Epoch 21/50
Validation cm: [[ 79  20 323  13]
 [ 62  67 157  12]
 [  2   0  38   1]
 [ 12   2  62   8]]
Validation normalized_cm: [[0.182 0.046 0.743 0.03 ]
 [0.208 0.225 0.527 0.04 ]
 [0.049 0.    0.927 0.024]
 [0.143 0.024 0.738 0.095]]
Validation acc: 0.22377622377622378
Validation class_accuracies: [0.18160919540229886, 0.22483221476510068, 0.926829268292683, 0.09523809523809523]
Validation sensitivity: 0.26713947990543735
Validation specificity: 0.18160919540229886
Validation icbhi_score: 0.2243743376538681
Validation roc_auc: None
Validation avg_accuracy: 0.35712719342454446
Validation one_indexed_epoch: 21
Mel loss: <tf.Variable 'Variable:0' shape=() dtype=float32, numpy=0.5>
sinc loss: <tf.Variable 'Variable:0' shape=() dtype=float32, numpy=0.5>
69/69 - 136s - loss: 0.2000 - accuracy: 0.8077 - 136s/epoch - 2s/step
Epoch 22/50
Validation cm: [[ 83  18 264  70]
 [ 92  32 124  50]
 [  5   0  25  11]
 [ 10   3  55  16]]
Validation normalized_cm: [[0.191 0.041 0.607 0.161]
 [0.309 0.107 0.416 0.168]
 [0.122 0.    0.61  0.268]
 [0.119 0.036 0.655 0.19 ]]
Validation acc: 0.18181818181818182
Validation class_accuracies: [0.19080459770114944, 0.10738255033557047, 0.6097560975609756, 0.19047619047619047]
Validation sensitivity: 0.17257683215130024
Validation specificity: 0.19080459770114944
Validation icbhi_score: 0.18169071492622485
Validation roc_auc: None
Validation avg_accuracy: 0.2746048590184715
Validation one_indexed_epoch: 22
69/69 - 135s - loss: 0.1986 - accuracy: 0.8182 - 135s/epoch - 2s/step
Epoch 23/50
Validation cm: [[139 208  44  44]
 [ 45 216  17  20]
 [  5  18  12   6]
 [ 14  39  13  18]]
Validation normalized_cm: [[0.32  0.478 0.101 0.101]
 [0.151 0.725 0.057 0.067]
 [0.122 0.439 0.293 0.146]
 [0.167 0.464 0.155 0.214]]
Validation acc: 0.44871794871794873
Validation class_accuracies: [0.3195402298850575, 0.7248322147651006, 0.2926829268292683, 0.21428571428571427]
Validation sensitivity: 0.5815602836879432
Validation specificity: 0.3195402298850575
Validation icbhi_score: 0.45055025678650035
Validation roc_auc: None
Validation avg_accuracy: 0.38783527144128516
Validation one_indexed_epoch: 23
69/69 - 137s - loss: 0.1799 - accuracy: 0.7926 - 137s/epoch - 2s/step
Epoch 24/50
Validation cm: [[146 279  10   0]
 [ 44 248   4   2]
 [ 11  22   6   2]
 [ 35  34  14   1]]
Validation normalized_cm: [[0.336 0.641 0.023 0.   ]
 [0.148 0.832 0.013 0.007]
 [0.268 0.537 0.146 0.049]
 [0.417 0.405 0.167 0.012]]
Validation acc: 0.46736596736596736
Validation class_accuracies: [0.335632183908046, 0.8322147651006712, 0.14634146341463414, 0.011904761904761904]
Validation sensitivity: 0.6028368794326241
Validation specificity: 0.335632183908046
Validation icbhi_score: 0.469234531670335
Validation roc_auc: None
Validation avg_accuracy: 0.33152329358202826
Validation one_indexed_epoch: 24
69/69 - 137s - loss: 0.1680 - accuracy: 0.7898 - 137s/epoch - 2s/step
Epoch 25/50
Validation cm: [[ 54 204  94  83]
 [ 16 209  31  42]
 [  1  23  12   5]
 [  5  37  26  16]]
Validation normalized_cm: [[0.124 0.469 0.216 0.191]
 [0.054 0.701 0.104 0.141]
 [0.024 0.561 0.293 0.122]
 [0.06  0.44  0.31  0.19 ]]
Validation acc: 0.33916083916083917
Validation class_accuracies: [0.12413793103448276, 0.7013422818791947, 0.2926829268292683, 0.19047619047619047]
Validation sensitivity: 0.5602836879432624
Validation specificity: 0.12413793103448276
Validation icbhi_score: 0.3422108094888726
Validation roc_auc: None
Validation avg_accuracy: 0.32715983255478404
Validation one_indexed_epoch: 25
69/69 - 138s - loss: 0.1517 - accuracy: 0.8063 - 138s/epoch - 2s/step
Epoch 26/50
Validation cm: [[ 72 168 122  73]
 [ 31 189  42  36]
 [  4  15  15   7]
 [  9  23  34  18]]
Validation normalized_cm: [[0.166 0.386 0.28  0.168]
 [0.104 0.634 0.141 0.121]
 [0.098 0.366 0.366 0.171]
 [0.107 0.274 0.405 0.214]]
Validation acc: 0.34265734265734266
Validation class_accuracies: [0.16551724137931034, 0.6342281879194631, 0.36585365853658536, 0.21428571428571427]
Validation sensitivity: 0.524822695035461
Validation specificity: 0.16551724137931034
Validation icbhi_score: 0.34516996820738566
Validation roc_auc: None
Validation avg_accuracy: 0.34497120053026825
Validation one_indexed_epoch: 26
69/69 - 137s - loss: 0.1620 - accuracy: 0.8104 - 137s/epoch - 2s/step
Epoch 27/50
Validation cm: [[ 92 125 101 117]
 [ 50 149  30  69]
 [  1  11   7  22]
 [  8  17  22  37]]
Validation normalized_cm: [[0.211 0.287 0.232 0.269]
 [0.168 0.5   0.101 0.232]
 [0.024 0.268 0.171 0.537]
 [0.095 0.202 0.262 0.44 ]]
Validation acc: 0.3321678321678322
Validation class_accuracies: [0.21149425287356322, 0.5, 0.17073170731707318, 0.44047619047619047]
Validation sensitivity: 0.4562647754137116
Validation specificity: 0.21149425287356322
Validation icbhi_score: 0.33387951414363737
Validation roc_auc: None
Validation avg_accuracy: 0.33067553766670676
Validation one_indexed_epoch: 27
69/69 - 138s - loss: 0.1447 - accuracy: 0.7903 - 138s/epoch - 2s/step
Epoch 28/50
Validation cm: [[108 231  55  41]
 [ 39 229  17  13]
 [  6  17  11   7]
 [  9  46  12  17]]
Validation normalized_cm: [[0.248 0.531 0.126 0.094]
 [0.131 0.768 0.057 0.044]
 [0.146 0.415 0.268 0.171]
 [0.107 0.548 0.143 0.202]]
Validation acc: 0.4254079254079254
Validation class_accuracies: [0.2482758620689655, 0.7684563758389261, 0.2682926829268293, 0.20238095238095238]
Validation sensitivity: 0.607565011820331
Validation specificity: 0.2482758620689655
Validation icbhi_score: 0.4279204369446482
Validation roc_auc: None
Validation avg_accuracy: 0.3718514683039183
Validation one_indexed_epoch: 28
69/69 - 138s - loss: 0.1404 - accuracy: 0.8054 - 138s/epoch - 2s/step
Epoch 29/50
Validation cm: [[143 180  68  44]
 [ 63 190  21  24]
 [ 10  14   7  10]
 [ 16  29  30   9]]
Validation normalized_cm: [[0.329 0.414 0.156 0.101]
 [0.211 0.638 0.07  0.081]
 [0.244 0.341 0.171 0.244]
 [0.19  0.345 0.357 0.107]]
Validation acc: 0.40675990675990675
Validation class_accuracies: [0.32873563218390806, 0.6375838926174496, 0.17073170731707318, 0.10714285714285714]
Validation sensitivity: 0.48699763593380613
Validation specificity: 0.32873563218390806
Validation icbhi_score: 0.4078666340588571
Validation roc_auc: None
Validation avg_accuracy: 0.311048522315322
Validation one_indexed_epoch: 29
69/69 - 137s - loss: 0.1303 - accuracy: 0.8082 - 137s/epoch - 2s/step
Epoch 30/50
Validation cm: [[120  69 177  69]
 [ 66 107  86  39]
 [  8   4  19  10]
 [ 17  11  38  18]]
Validation normalized_cm: [[0.276 0.159 0.407 0.159]
 [0.221 0.359 0.289 0.131]
 [0.195 0.098 0.463 0.244]
 [0.202 0.131 0.452 0.214]]
Validation acc: 0.3076923076923077
Validation class_accuracies: [0.27586206896551724, 0.35906040268456374, 0.4634146341463415, 0.21428571428571427]
Validation sensitivity: 0.3404255319148936
Validation specificity: 0.27586206896551724
Validation icbhi_score: 0.3081438004402054
Validation roc_auc: None
Validation avg_accuracy: 0.32815570502053415
Validation one_indexed_epoch: 30
69/69 - 137s - loss: 0.1209 - accuracy: 0.8155 - 137s/epoch - 2s/step
Epoch 31/50
Validation cm: [[168 181  55  31]
 [ 71 191  22  14]
 [  9  12  11   9]
 [ 28  21  24  11]]
Validation normalized_cm: [[0.386 0.416 0.126 0.071]
 [0.238 0.641 0.074 0.047]
 [0.22  0.293 0.268 0.22 ]
 [0.333 0.25  0.286 0.131]]
Validation acc: 0.44405594405594406
Validation class_accuracies: [0.38620689655172413, 0.6409395973154363, 0.2682926829268293, 0.13095238095238096]
Validation sensitivity: 0.5035460992907801
Validation specificity: 0.38620689655172413
Validation icbhi_score: 0.4448764979212521
Validation roc_auc: None
Validation avg_accuracy: 0.35659788943659265
Validation one_indexed_epoch: 31
Mel loss: <tf.Variable 'Variable:0' shape=() dtype=float32, numpy=0.5>
sinc loss: <tf.Variable 'Variable:0' shape=() dtype=float32, numpy=0.5>
69/69 - 137s - loss: 0.1115 - accuracy: 0.8027 - 137s/epoch - 2s/step
Epoch 32/50
Validation cm: [[ 14   2 392  27]
 [ 19  15 233  31]
 [  0   0  39   2]
 [  3   0  76   5]]
Validation normalized_cm: [[0.032 0.005 0.901 0.062]
 [0.064 0.05  0.782 0.104]
 [0.    0.    0.951 0.049]
 [0.036 0.    0.905 0.06 ]]
Validation acc: 0.08508158508158509
Validation class_accuracies: [0.03218390804597701, 0.050335570469798654, 0.9512195121951219, 0.05952380952380952]
Validation sensitivity: 0.13947990543735225
Validation specificity: 0.03218390804597701
Validation icbhi_score: 0.08583190674166463
Validation roc_auc: None
Validation avg_accuracy: 0.2733157000586768
Validation one_indexed_epoch: 32
69/69 - 137s - loss: 0.0946 - accuracy: 0.7912 - 137s/epoch - 2s/step
Epoch 33/50
Validation cm: [[ 22 151  79 183]
 [  6 179  29  84]
 [  1  14   9  17]
 [  0  19  25  40]]
Validation normalized_cm: [[0.051 0.347 0.182 0.421]
 [0.02  0.601 0.097 0.282]
 [0.024 0.341 0.22  0.415]
 [0.    0.226 0.298 0.476]]
Validation acc: 0.2913752913752914
Validation class_accuracies: [0.05057471264367816, 0.6006711409395973, 0.21951219512195122, 0.47619047619047616]
Validation sensitivity: 0.5390070921985816
Validation specificity: 0.05057471264367816
Validation icbhi_score: 0.2947909024211299
Validation roc_auc: None
Validation avg_accuracy: 0.3367371312239257
Validation one_indexed_epoch: 33
69/69 - 135s - loss: 0.0977 - accuracy: 0.7793 - 135s/epoch - 2s/step
Epoch 34/50
Validation cm: [[261 138  30   6]
 [106 180   7   5]
 [ 17  15   7   2]
 [ 37  28  11   8]]
Validation normalized_cm: [[0.6   0.317 0.069 0.014]
 [0.356 0.604 0.023 0.017]
 [0.415 0.366 0.171 0.049]
 [0.44  0.333 0.131 0.095]]
Validation acc: 0.5314685314685315
Validation class_accuracies: [0.6, 0.6040268456375839, 0.17073170731707318, 0.09523809523809523]
Validation sensitivity: 0.46099290780141844
Validation specificity: 0.6
Validation icbhi_score: 0.5304964539007092
Validation roc_auc: None
Validation avg_accuracy: 0.367499162048188
Validation one_indexed_epoch: 34
-- New best results were achieved. --
69/69 - 137s - loss: 0.0924 - accuracy: 0.7889 - 137s/epoch - 2s/step
Epoch 35/50
Validation cm: [[120  94 114 107]
 [ 51  80  73  94]
 [  5   6  16  14]
 [ 17   7  44  16]]
Validation normalized_cm: [[0.276 0.216 0.262 0.246]
 [0.171 0.268 0.245 0.315]
 [0.122 0.146 0.39  0.341]
 [0.202 0.083 0.524 0.19 ]]
Validation acc: 0.2703962703962704
Validation class_accuracies: [0.27586206896551724, 0.2684563758389262, 0.3902439024390244, 0.19047619047619047]
Validation sensitivity: 0.2647754137115839
Validation specificity: 0.27586206896551724
Validation icbhi_score: 0.2703187413385506
Validation roc_auc: None
Validation avg_accuracy: 0.28125963442991453
Validation one_indexed_epoch: 35
69/69 - 136s - loss: 0.0730 - accuracy: 0.7784 - 136s/epoch - 2s/step
Epoch 36/50
Validation cm: [[ 89 128  66 152]
 [ 30 127  29 112]
 [  3   9   9  20]
 [ 12  17  25  30]]
Validation normalized_cm: [[0.205 0.294 0.152 0.349]
 [0.101 0.426 0.097 0.376]
 [0.073 0.22  0.22  0.488]
 [0.143 0.202 0.298 0.357]]
Validation acc: 0.2972027972027972
Validation class_accuracies: [0.2045977011494253, 0.4261744966442953, 0.21951219512195122, 0.35714285714285715]
Validation sensitivity: 0.39243498817966904
Validation specificity: 0.2045977011494253
Validation icbhi_score: 0.2985163446645472
Validation roc_auc: None
Validation avg_accuracy: 0.30185681251463226
Validation one_indexed_epoch: 36
69/69 - 136s - loss: 0.0749 - accuracy: 0.7788 - 136s/epoch - 2s/step
Epoch 37/50
Validation cm: [[ 54 325  10  46]
 [ 15 260  10  13]
 [  3  24   5   9]
 [  6  49   7  22]]
Validation normalized_cm: [[0.124 0.747 0.023 0.106]
 [0.05  0.872 0.034 0.044]
 [0.073 0.585 0.122 0.22 ]
 [0.071 0.583 0.083 0.262]]
Validation acc: 0.3974358974358974
Validation class_accuracies: [0.12413793103448276, 0.87248322147651, 0.12195121951219512, 0.2619047619047619]
Validation sensitivity: 0.6784869976359338
Validation specificity: 0.12413793103448276
Validation icbhi_score: 0.4013124643352083
Validation roc_auc: None
Validation avg_accuracy: 0.34511928348198745
Validation one_indexed_epoch: 37
69/69 - 137s - loss: 0.0552 - accuracy: 0.8127 - 137s/epoch - 2s/step
Epoch 38/50
Validation cm: [[ 56  35 304  40]
 [ 37  66 150  45]
 [  2   0  32   7]
 [  5   3  67   9]]
Validation normalized_cm: [[0.129 0.08  0.699 0.092]
 [0.124 0.221 0.503 0.151]
 [0.049 0.    0.78  0.171]
 [0.06  0.036 0.798 0.107]]
Validation acc: 0.18997668997668998
Validation class_accuracies: [0.12873563218390804, 0.2214765100671141, 0.7804878048780488, 0.10714285714285714]
Validation sensitivity: 0.25295508274231676
Validation specificity: 0.12873563218390804
Validation icbhi_score: 0.1908453574631124
Validation roc_auc: None
Validation avg_accuracy: 0.30946070106798207
Validation one_indexed_epoch: 38
69/69 - 139s - loss: 0.0822 - accuracy: 0.7848 - 139s/epoch - 2s/step
Epoch 39/50
Validation cm: [[165 125  98  47]
 [ 92 141  31  34]
 [ 10  12  10   9]
 [ 18  18  29  19]]
Validation normalized_cm: [[0.379 0.287 0.225 0.108]
 [0.309 0.473 0.104 0.114]
 [0.244 0.293 0.244 0.22 ]
 [0.214 0.214 0.345 0.226]]
Validation acc: 0.39044289044289043
Validation class_accuracies: [0.3793103448275862, 0.47315436241610737, 0.24390243902439024, 0.2261904761904762]
Validation sensitivity: 0.40189125295508277
Validation specificity: 0.3793103448275862
Validation icbhi_score: 0.3906007988913345
Validation roc_auc: None
Validation avg_accuracy: 0.33063940561464
Validation one_indexed_epoch: 39
69/69 - 138s - loss: 0.0612 - accuracy: 0.7930 - 138s/epoch - 2s/step
Epoch 40/50
Validation cm: [[105  58 237  35]
 [ 55 100 113  30]
 [  5   3  31   2]
 [ 10   6  53  15]]
Validation normalized_cm: [[0.241 0.133 0.545 0.08 ]
 [0.185 0.336 0.379 0.101]
 [0.122 0.073 0.756 0.049]
 [0.119 0.071 0.631 0.179]]
Validation acc: 0.2925407925407925
Validation class_accuracies: [0.2413793103448276, 0.33557046979865773, 0.7560975609756098, 0.17857142857142858]
Validation sensitivity: 0.34515366430260047
Validation specificity: 0.2413793103448276
Validation icbhi_score: 0.293266487323714
Validation roc_auc: None
Validation avg_accuracy: 0.3779046924226309
Validation one_indexed_epoch: 40
69/69 - 139s - loss: 0.1003 - accuracy: 0.7743 - 139s/epoch - 2s/step
Epoch 41/50
Validation cm: [[228 141  44  22]
 [117 156  19   6]
 [ 11  12  13   5]
 [ 29  19  23  13]]
Validation normalized_cm: [[0.524 0.324 0.101 0.051]
 [0.393 0.523 0.064 0.02 ]
 [0.268 0.293 0.317 0.122]
 [0.345 0.226 0.274 0.155]]
Validation acc: 0.47785547785547783
Validation class_accuracies: [0.5241379310344828, 0.5234899328859061, 0.3170731707317073, 0.15476190476190477]
Validation sensitivity: 0.4302600472813239
Validation specificity: 0.5241379310344828
Validation icbhi_score: 0.4771989891579034
Validation roc_auc: None
Validation avg_accuracy: 0.3798657348535003
Validation one_indexed_epoch: 41
69/69 - 139s - loss: 0.0778 - accuracy: 0.7473 - 139s/epoch - 2s/step
Epoch 42/50
Validation cm: [[200 144  65  26]
 [118 139  27  14]
 [ 10  10  16   5]
 [ 25  20  26  13]]
Validation normalized_cm: [[0.46  0.331 0.149 0.06 ]
 [0.396 0.466 0.091 0.047]
 [0.244 0.244 0.39  0.122]
 [0.298 0.238 0.31  0.155]]
Validation acc: 0.4289044289044289
Validation class_accuracies: [0.45977011494252873, 0.4664429530201342, 0.3902439024390244, 0.15476190476190477]
Validation sensitivity: 0.3971631205673759
Validation specificity: 0.45977011494252873
Validation icbhi_score: 0.4284666177549523
Validation roc_auc: None
Validation avg_accuracy: 0.36780471879089804
Validation one_indexed_epoch: 42
69/69 - 137s - loss: 0.0621 - accuracy: 0.7555 - 137s/epoch - 2s/step
Epoch 43/50
Validation cm: [[121  83 148  83]
 [ 44 137  59  58]
 [  7   4  13  17]
 [ 13  11  37  23]]
Validation normalized_cm: [[0.278 0.191 0.34  0.191]
 [0.148 0.46  0.198 0.195]
 [0.171 0.098 0.317 0.415]
 [0.155 0.131 0.44  0.274]]
Validation acc: 0.34265734265734266
Validation class_accuracies: [0.27816091954022987, 0.4597315436241611, 0.3170731707317073, 0.27380952380952384]
Validation sensitivity: 0.408983451536643
Validation specificity: 0.27816091954022987
Validation icbhi_score: 0.34357218553843644
Validation roc_auc: None
Validation avg_accuracy: 0.33219378942640554
Validation one_indexed_epoch: 43
69/69 - 136s - loss: 0.0579 - accuracy: 0.7853 - 136s/epoch - 2s/step
Epoch 44/50
Validation cm: [[142 108 141  44]
 [ 72 150  57  19]
 [  6   8  17  10]
 [ 24  15  33  12]]
Validation normalized_cm: [[0.326 0.248 0.324 0.101]
 [0.242 0.503 0.191 0.064]
 [0.146 0.195 0.415 0.244]
 [0.286 0.179 0.393 0.143]]
Validation acc: 0.3741258741258741
Validation class_accuracies: [0.3264367816091954, 0.5033557046979866, 0.4146341463414634, 0.14285714285714285]
Validation sensitivity: 0.4231678486997636
Validation specificity: 0.3264367816091954
Validation icbhi_score: 0.3748023151544795
Validation roc_auc: None
Validation avg_accuracy: 0.3468209438764471
Validation one_indexed_epoch: 44
69/69 - 136s - loss: 0.0422 - accuracy: 0.7775 - 136s/epoch - 2s/step
Epoch 45/50
Validation cm: [[157  86 133  59]
 [ 83 117  57  41]
 [  6   7  19   9]
 [ 13  11  44  16]]
Validation normalized_cm: [[0.361 0.198 0.306 0.136]
 [0.279 0.393 0.191 0.138]
 [0.146 0.171 0.463 0.22 ]
 [0.155 0.131 0.524 0.19 ]]
Validation acc: 0.36013986013986016
Validation class_accuracies: [0.36091954022988504, 0.3926174496644295, 0.4634146341463415, 0.19047619047619047]
Validation sensitivity: 0.35933806146572106
Validation specificity: 0.36091954022988504
Validation icbhi_score: 0.3601288008478031
Validation roc_auc: None
Validation avg_accuracy: 0.3518569536292116
Validation one_indexed_epoch: 45
69/69 - 137s - loss: 0.0587 - accuracy: 0.7875 - 137s/epoch - 2s/step
Epoch 46/50
Validation cm: [[249 125  46  15]
 [103 171  15   9]
 [ 15  12  11   3]
 [ 32  18  22  12]]
Validation normalized_cm: [[0.572 0.287 0.106 0.034]
 [0.346 0.574 0.05  0.03 ]
 [0.366 0.293 0.268 0.073]
 [0.381 0.214 0.262 0.143]]
Validation acc: 0.5163170163170163
Validation class_accuracies: [0.5724137931034483, 0.5738255033557047, 0.2682926829268293, 0.14285714285714285]
Validation sensitivity: 0.458628841607565
Validation specificity: 0.5724137931034483
Validation icbhi_score: 0.5155213173555067
Validation roc_auc: None
Validation avg_accuracy: 0.3893472805607813
Validation one_indexed_epoch: 46
69/69 - 137s - loss: 0.0346 - accuracy: 0.7546 - 137s/epoch - 2s/step
Epoch 47/50
Validation cm: [[256  87  66  26]
 [113 140  38   7]
 [ 18   5  15   3]
 [ 36  14  26   8]]
Validation normalized_cm: [[0.589 0.2   0.152 0.06 ]
 [0.379 0.47  0.128 0.023]
 [0.439 0.122 0.366 0.073]
 [0.429 0.167 0.31  0.095]]
Validation acc: 0.48834498834498835
Validation class_accuracies: [0.5885057471264368, 0.4697986577181208, 0.36585365853658536, 0.09523809523809523]
Validation sensitivity: 0.38534278959810875
Validation specificity: 0.5885057471264368
Validation icbhi_score: 0.48692426836227276
Validation roc_auc: None
Validation avg_accuracy: 0.37984903965480954
Validation one_indexed_epoch: 47
69/69 - 139s - loss: 0.0372 - accuracy: 0.7761 - 139s/epoch - 2s/step
Epoch 48/50
Validation cm: [[202  95 124  14]
 [152  89  51   6]
 [ 14   4  17   6]
 [ 32   8  37   7]]
Validation normalized_cm: [[0.464 0.218 0.285 0.032]
 [0.51  0.299 0.171 0.02 ]
 [0.341 0.098 0.415 0.146]
 [0.381 0.095 0.44  0.083]]
Validation acc: 0.36713286713286714
Validation class_accuracies: [0.46436781609195404, 0.2986577181208054, 0.4146341463414634, 0.08333333333333333]
Validation sensitivity: 0.26713947990543735
Validation specificity: 0.46436781609195404
Validation icbhi_score: 0.3657536479986957
Validation roc_auc: None
Validation avg_accuracy: 0.315248253471889
Validation one_indexed_epoch: 48
69/69 - 138s - loss: 0.0532 - accuracy: 0.7743 - 138s/epoch - 2s/step
Epoch 49/50
Validation cm: [[269 106  41  19]
 [107 167  18   6]
 [ 17  13   9   2]
 [ 31  20  24   9]]
Validation normalized_cm: [[0.618 0.244 0.094 0.044]
 [0.359 0.56  0.06  0.02 ]
 [0.415 0.317 0.22  0.049]
 [0.369 0.238 0.286 0.107]]
Validation acc: 0.5291375291375291
Validation class_accuracies: [0.6183908045977011, 0.5604026845637584, 0.21951219512195122, 0.10714285714285714]
Validation sensitivity: 0.4373522458628842
Validation specificity: 0.6183908045977011
Validation icbhi_score: 0.5278715252302927
Validation roc_auc: None
Validation avg_accuracy: 0.376362135356567
Validation one_indexed_epoch: 49
69/69 - 137s - loss: 0.0454 - accuracy: 0.7834 - 137s/epoch - 2s/step
Epoch 50/50
Validation cm: [[256  51 111  17]
 [126 124  38  10]
 [ 20   3  15   3]
 [ 37   9  32   6]]
Validation normalized_cm: [[0.589 0.117 0.255 0.039]
 [0.423 0.416 0.128 0.034]
 [0.488 0.073 0.366 0.073]
 [0.44  0.107 0.381 0.071]]
Validation acc: 0.46736596736596736
Validation class_accuracies: [0.5885057471264368, 0.4161073825503356, 0.36585365853658536, 0.07142857142857142]
Validation sensitivity: 0.34278959810874704
Validation specificity: 0.5885057471264368
Validation icbhi_score: 0.4656476726175919
Validation roc_auc: None
Validation avg_accuracy: 0.36047383991048226
Validation one_indexed_epoch: 50
69/69 - 136s - loss: 0.0476 - accuracy: 0.7688 - 136s/epoch - 2s/step
----------------------------------
The best metrics for this job are: 

Best icbhi_score: 0.5304964539007092
Best cm: [[261 138  30   6]
 [106 180   7   5]
 [ 17  15   7   2]
 [ 37  28  11   8]]
Best normalized_cm: [[0.6   0.317 0.069 0.014]
 [0.356 0.604 0.023 0.017]
 [0.415 0.366 0.171 0.049]
 [0.44  0.333 0.131 0.095]]
Best acc: 0.5314685314685315
Best class_accuracies: [0.6, 0.6040268456375839, 0.17073170731707318, 0.09523809523809523]
Best sensitivity: 0.46099290780141844
Best specificity: 0.6
Best roc_auc: None
Best avg_accuracy: 0.367499162048188
Best one_indexed_epoch: 34
icbhi_score
model
cm
normalized_cm
acc
class_accuracies
sensitivity
specificity
roc_auc
avg_accuracy
one_indexed_epoch
