Tensorflow Version: 2.8.0
Num GPUs Available:  1
Collecting Variables...
All variables have been collected.
../cache/
cw
train121
Description:  sincnet WITH spectral loss: SR=16000, lr interval of 10 and /10, early stopping, with weights this time, bsize=64, wdecay=1e-4, lr backend=1e-2
-----------------------
Job id is 1.
Job dir: ../cache/cw/train121/1
- Loading Icbhi.
725 Icbhi audios have been loaded.
- Preparing Icbhi.
112 Icbhi groups of audio chunks (by filename or patients) have been prepared.
--- Samples are being split into training/val groups and de-grouped by patient ---
Job id is 2.
lengths
4349
1716
0
0
0
0
-----------------------
--- Final training dataset went from 0 to 4349 elements, with 1663 none's, 1376 crakles, 679 wheezes and 570 both ---
--- Final Validation dataset contains 1716 elements, with 864 none, 585 crackles, 80 wheezes and 155 both ---
Initializing weights...
weights = {0: 0.642962743938498, 1: 0.7844516594516594, 2: 1.5734442836468885, 3: 1.871342512908778}
Model: "leaf_model9_model_bis"
______________________________________________________________________________________________________________
 Layer (type)                                    Output Shape                                Param #          
==============================================================================================================
 sincnet (SincNet)                               multiple                                    320              
                                                                                                              
 mel_filterbanks (MelFilterbanks)                multiple                                    0 (unused)       
                                                                                                              
 sincnet (SincNet)                               multiple                                    0 (unused)       
                                                                                                              
 sequential (Sequential)                         (None, 80, 250, 1)                          4                
                                                                                                              
 sequential_1 (Sequential)                       (None, 80, 250, 16)                         2352             
                                                                                                              
 sequential_2 (Sequential)                       (None, 80, 250, 16)                         6448             
                                                                                                              
 sequential_3 (Sequential)                       (None, 80, 250, 16)                         32               
                                                                                                              
 concatenate (Concatenate)                       multiple                                    0                
                                                                                                              
 sequential_4 (Sequential)                       (None, 2)                                   6192322          
                                                                                                              
==============================================================================================================
Total params: 6,201,640
Trainable params: 6,160,134
Non-trainable params: 41,506
______________________________________________________________________________________________________________
Target metric is icbhi_score
Epoch 1/60
Validation cm: [[  0   0   0 891]
 [  0   0   0 589]
 [  0   0   0  80]
 [  0   0   0 156]]
Validation normalized_cm: [[0. 0. 0. 1.]
 [0. 0. 0. 1.]
 [0. 0. 0. 1.]
 [0. 0. 0. 1.]]
Validation acc: 0.09090909090909091
Validation class_accuracies: [0.0, 0.0, 0.0, 1.0]
Validation sensitivity: 0.1890909090909091
Validation specificity: 0.0
Validation icbhi_score: 0.09454545454545454
Validation roc_auc: None
Validation avg_accuracy: 0.25
Validation one_indexed_epoch: 1
-- New best results were achieved. --
136/136 - 147s - loss: 0.8733 - accuracy: 0.7144 - 147s/epoch - 1s/step
Epoch 2/60
Validation cm: [[  0   0 161 730]
 [  0   0 102 487]
 [  0   0  12  68]
 [  0   0  17 139]]
Validation normalized_cm: [[0.    0.    0.181 0.819]
 [0.    0.    0.173 0.827]
 [0.    0.    0.15  0.85 ]
 [0.    0.    0.109 0.891]]
Validation acc: 0.087995337995338
Validation class_accuracies: [0.0, 0.0, 0.15, 0.8910256410256411]
Validation sensitivity: 0.18303030303030304
Validation specificity: 0.0
Validation icbhi_score: 0.09151515151515152
Validation roc_auc: None
Validation avg_accuracy: 0.2602564102564103
Validation one_indexed_epoch: 2
The validation tracker metric at 0.09454545454545454 hasn't increased by 0 in 1 epochs
136/136 - 127s - loss: 0.7208 - accuracy: 0.7645 - 127s/epoch - 937ms/step
Epoch 3/60
Validation cm: [[107   0 435 349]
 [ 43   0 353 193]
 [  8   0  40  32]
 [  8   0 114  34]]
Validation normalized_cm: [[0.12  0.    0.488 0.392]
 [0.073 0.    0.599 0.328]
 [0.1   0.    0.5   0.4  ]
 [0.051 0.    0.731 0.218]]
Validation acc: 0.10547785547785547
Validation class_accuracies: [0.12008978675645342, 0.0, 0.5, 0.21794871794871795]
Validation sensitivity: 0.08969696969696969
Validation specificity: 0.12008978675645342
Validation icbhi_score: 0.10489337822671155
Validation roc_auc: None
Validation avg_accuracy: 0.20950962617629285
Validation one_indexed_epoch: 3
-- New best results were achieved. --
136/136 - 128s - loss: 0.7149 - accuracy: 0.7717 - 128s/epoch - 939ms/step
Epoch 4/60
Validation cm: [[685   1 125  80]
 [464   0  79  46]
 [ 62   0  11   7]
 [137   0  13   6]]
Validation normalized_cm: [[0.769 0.001 0.14  0.09 ]
 [0.788 0.    0.134 0.078]
 [0.775 0.    0.138 0.087]
 [0.878 0.    0.083 0.038]]
Validation acc: 0.4090909090909091
Validation class_accuracies: [0.7687991021324355, 0.0, 0.1375, 0.038461538461538464]
Validation sensitivity: 0.020606060606060607
Validation specificity: 0.7687991021324355
Validation icbhi_score: 0.3947025813692481
Validation roc_auc: None
Validation avg_accuracy: 0.2361901601484935
Validation one_indexed_epoch: 4
-- New best results were achieved. --
136/136 - 128s - loss: 0.7175 - accuracy: 0.7595 - 128s/epoch - 941ms/step
Epoch 5/60
Validation cm: [[769   2  27  93]
 [507   0  35  47]
 [ 68   1   4   7]
 [148   0   2   6]]
Validation normalized_cm: [[0.863 0.002 0.03  0.104]
 [0.861 0.    0.059 0.08 ]
 [0.85  0.013 0.05  0.087]
 [0.949 0.    0.013 0.038]]
Validation acc: 0.45396270396270394
Validation class_accuracies: [0.8630751964085297, 0.0, 0.05, 0.038461538461538464]
Validation sensitivity: 0.012121212121212121
Validation specificity: 0.8630751964085297
Validation icbhi_score: 0.4375982042648709
Validation roc_auc: None
Validation avg_accuracy: 0.23788418371751704
Validation one_indexed_epoch: 5
-- New best results were achieved. --
136/136 - 128s - loss: 0.7020 - accuracy: 0.7737 - 128s/epoch - 943ms/step
Epoch 6/60
Validation cm: [[769   4  25  93]
 [513   0  29  47]
 [ 68   1   4   7]
 [149   0   1   6]]
Validation normalized_cm: [[0.863 0.004 0.028 0.104]
 [0.871 0.    0.049 0.08 ]
 [0.85  0.013 0.05  0.087]
 [0.955 0.    0.006 0.038]]
Validation acc: 0.45396270396270394
Validation class_accuracies: [0.8630751964085297, 0.0, 0.05, 0.038461538461538464]
Validation sensitivity: 0.012121212121212121
Validation specificity: 0.8630751964085297
Validation icbhi_score: 0.4375982042648709
Validation roc_auc: None
Validation avg_accuracy: 0.23788418371751704
Validation one_indexed_epoch: 6
The validation tracker metric at 0.4375982042648709 hasn't increased by 0 in 1 epochs
136/136 - 128s - loss: 0.7154 - accuracy: 0.7678 - 128s/epoch - 943ms/step
Epoch 7/60
Validation cm: [[768   4  21  98]
 [508   0  33  48]
 [ 67   1   4   8]
 [149   0   1   6]]
Validation normalized_cm: [[0.862 0.004 0.024 0.11 ]
 [0.862 0.    0.056 0.081]
 [0.838 0.013 0.05  0.1  ]
 [0.955 0.    0.006 0.038]]
Validation acc: 0.4533799533799534
Validation class_accuracies: [0.8619528619528619, 0.0, 0.05, 0.038461538461538464]
Validation sensitivity: 0.012121212121212121
Validation specificity: 0.8619528619528619
Validation icbhi_score: 0.437037037037037
Validation roc_auc: None
Validation avg_accuracy: 0.2376036001036001
Validation one_indexed_epoch: 7
The validation tracker metric at 0.4375982042648709 hasn't increased by 0 in 2 epochs
136/136 - 129s - loss: 0.7048 - accuracy: 0.7675 - 129s/epoch - 946ms/step
Epoch 8/60
Validation cm: [[763   3  18 107]
 [506   0  32  51]
 [ 67   1   4   8]
 [147   1   2   6]]
Validation normalized_cm: [[0.856 0.003 0.02  0.12 ]
 [0.859 0.    0.054 0.087]
 [0.838 0.013 0.05  0.1  ]
 [0.942 0.006 0.013 0.038]]
Validation acc: 0.45046620046620045
Validation class_accuracies: [0.856341189674523, 0.0, 0.05, 0.038461538461538464]
Validation sensitivity: 0.012121212121212121
Validation specificity: 0.856341189674523
Validation icbhi_score: 0.43423120089786754
Validation roc_auc: None
Validation avg_accuracy: 0.23620068203401537
Validation one_indexed_epoch: 8
The validation tracker metric at 0.4375982042648709 hasn't increased by 0 in 3 epochs
136/136 - 130s - loss: 0.7127 - accuracy: 0.7802 - 130s/epoch - 957ms/step
Epoch 9/60
Validation cm: [[769   4  21  97]
 [508   0  33  48]
 [ 68   1   4   7]
 [148   0   2   6]]
Validation normalized_cm: [[0.863 0.004 0.024 0.109]
 [0.862 0.    0.056 0.081]
 [0.85  0.013 0.05  0.087]
 [0.949 0.    0.013 0.038]]
Validation acc: 0.45396270396270394
Validation class_accuracies: [0.8630751964085297, 0.0, 0.05, 0.038461538461538464]
Validation sensitivity: 0.012121212121212121
Validation specificity: 0.8630751964085297
Validation icbhi_score: 0.4375982042648709
Validation roc_auc: None
Validation avg_accuracy: 0.23788418371751704
Validation one_indexed_epoch: 9
The validation tracker metric at 0.4375982042648709 hasn't increased by 0 in 4 epochs
136/136 - 130s - loss: 0.7098 - accuracy: 0.7698 - 130s/epoch - 955ms/step
Epoch 10/60
Validation cm: [[767   2  17 105]
 [513   1  23  52]
 [ 67   1   3   9]
 [148   0   2   6]]
Validation normalized_cm: [[0.861 0.002 0.019 0.118]
 [0.871 0.002 0.039 0.088]
 [0.838 0.013 0.037 0.113]
 [0.949 0.    0.013 0.038]]
Validation acc: 0.4527972027972028
Validation class_accuracies: [0.8608305274971941, 0.001697792869269949, 0.0375, 0.038461538461538464]
Validation sensitivity: 0.012121212121212121
Validation specificity: 0.8608305274971941
Validation icbhi_score: 0.4364758698092031
Validation roc_auc: None
Validation avg_accuracy: 0.23462246470700063
Validation one_indexed_epoch: 10
The validation tracker metric at 0.4375982042648709 hasn't increased by 0 in 5 epochs
136/136 - 130s - loss: 0.7130 - accuracy: 0.7726 - 130s/epoch - 957ms/step
Epoch 11/60
Validation cm: [[761   7  18 105]
 [504   0  31  54]
 [ 66   1   4   9]
 [147   1   2   6]]
Validation normalized_cm: [[0.854 0.008 0.02  0.118]
 [0.856 0.    0.053 0.092]
 [0.825 0.013 0.05  0.113]
 [0.942 0.006 0.013 0.038]]
Validation acc: 0.4493006993006993
Validation class_accuracies: [0.8540965207631874, 0.0, 0.05, 0.038461538461538464]
Validation sensitivity: 0.012121212121212121
Validation specificity: 0.8540965207631874
Validation icbhi_score: 0.43310886644219976
Validation roc_auc: None
Validation avg_accuracy: 0.23563951480618148
Validation one_indexed_epoch: 11
The validation tracker metric at 0.4375982042648709 hasn't increased by 0 in 6 epochs
Mel loss: <tf.Variable 'Variable:0' shape=() dtype=float32, numpy=0.5>
sinc loss: <tf.Variable 'Variable:0' shape=() dtype=float32, numpy=0.5>
136/136 - 130s - loss: 0.7023 - accuracy: 0.7793 - 130s/epoch - 956ms/step
Epoch 12/60
Validation cm: [[764   3  17 107]
 [506   0  30  53]
 [ 67   1   3   9]
 [147   1   2   6]]
Validation normalized_cm: [[0.857 0.003 0.019 0.12 ]
 [0.859 0.    0.051 0.09 ]
 [0.838 0.013 0.037 0.113]
 [0.942 0.006 0.013 0.038]]
Validation acc: 0.45046620046620045
Validation class_accuracies: [0.8574635241301908, 0.0, 0.0375, 0.038461538461538464]
Validation sensitivity: 0.01090909090909091
Validation specificity: 0.8574635241301908
Validation icbhi_score: 0.4341863075196408
Validation roc_auc: None
Validation avg_accuracy: 0.2333562656479323
Validation one_indexed_epoch: 12
The validation tracker metric at 0.4375982042648709 hasn't increased by 0 in 7 epochs
136/136 - 128s - loss: 0.7120 - accuracy: 0.7662 - 128s/epoch - 942ms/step
Epoch 13/60
Validation cm: [[763   4  18 106]
 [505   0  31  53]
 [ 66   1   4   9]
 [147   1   2   6]]
Validation normalized_cm: [[0.856 0.004 0.02  0.119]
 [0.857 0.    0.053 0.09 ]
 [0.825 0.013 0.05  0.113]
 [0.942 0.006 0.013 0.038]]
Validation acc: 0.45046620046620045
Validation class_accuracies: [0.856341189674523, 0.0, 0.05, 0.038461538461538464]
Validation sensitivity: 0.012121212121212121
Validation specificity: 0.856341189674523
Validation icbhi_score: 0.43423120089786754
Validation roc_auc: None
Validation avg_accuracy: 0.23620068203401537
Validation one_indexed_epoch: 13
The validation tracker metric at 0.4375982042648709 hasn't increased by 0 in 8 epochs
136/136 - 128s - loss: 0.7113 - accuracy: 0.7714 - 128s/epoch - 944ms/step
Epoch 14/60
Validation cm: [[764   2  19 106]
 [505   0  31  53]
 [ 66   1   4   9]
 [147   1   2   6]]
Validation normalized_cm: [[0.857 0.002 0.021 0.119]
 [0.857 0.    0.053 0.09 ]
 [0.825 0.013 0.05  0.113]
 [0.942 0.006 0.013 0.038]]
Validation acc: 0.45104895104895104
Validation class_accuracies: [0.8574635241301908, 0.0, 0.05, 0.038461538461538464]
Validation sensitivity: 0.012121212121212121
Validation specificity: 0.8574635241301908
Validation icbhi_score: 0.43479236812570143
Validation roc_auc: None
Validation avg_accuracy: 0.23648126564793231
Validation one_indexed_epoch: 14
The validation tracker metric at 0.4375982042648709 hasn't increased by 0 in 9 epochs
136/136 - 128s - loss: 0.7146 - accuracy: 0.7728 - 128s/epoch - 942ms/step
Epoch 15/60
Validation cm: [[766   1  17 107]
 [506   0  30  53]
 [ 66   1   4   9]
 [148   0   2   6]]
Validation normalized_cm: [[0.86  0.001 0.019 0.12 ]
 [0.859 0.    0.051 0.09 ]
 [0.825 0.013 0.05  0.113]
 [0.949 0.    0.013 0.038]]
Validation acc: 0.4522144522144522
Validation class_accuracies: [0.8597081930415263, 0.0, 0.05, 0.038461538461538464]
Validation sensitivity: 0.012121212121212121
Validation specificity: 0.8597081930415263
Validation icbhi_score: 0.4359147025813692
Validation roc_auc: None
Validation avg_accuracy: 0.2370424328757662
Validation one_indexed_epoch: 15
The validation tracker metric at 0.4375982042648709 hasn't increased by 0 in 10 epochs
136/136 - 131s - loss: 0.7132 - accuracy: 0.7689 - 131s/epoch - 961ms/step
Epoch 16/60
Validation cm: [[766   1  16 108]
 [506   1  29  53]
 [ 67   1   3   9]
 [148   0   2   6]]
Validation normalized_cm: [[0.86  0.001 0.018 0.121]
 [0.859 0.002 0.049 0.09 ]
 [0.838 0.013 0.037 0.113]
 [0.949 0.    0.013 0.038]]
Validation acc: 0.4522144522144522
Validation class_accuracies: [0.8597081930415263, 0.001697792869269949, 0.0375, 0.038461538461538464]
Validation sensitivity: 0.012121212121212121
Validation specificity: 0.8597081930415263
Validation icbhi_score: 0.4359147025813692
Validation roc_auc: None
Validation avg_accuracy: 0.23434188109308368
Validation one_indexed_epoch: 16
The validation tracker metric at 0.4375982042648709 hasn't increased by 0 in 11 epochs
136/136 - 129s - loss: 0.7095 - accuracy: 0.7726 - 129s/epoch - 950ms/step
Epoch 17/60
Validation cm: [[768   1  17 105]
 [510   0  29  50]
 [ 67   1   3   9]
 [148   0   2   6]]
Validation normalized_cm: [[0.862 0.001 0.019 0.118]
 [0.866 0.    0.049 0.085]
 [0.838 0.013 0.037 0.113]
 [0.949 0.    0.013 0.038]]
Validation acc: 0.4527972027972028
Validation class_accuracies: [0.8619528619528619, 0.0, 0.0375, 0.038461538461538464]
Validation sensitivity: 0.01090909090909091
Validation specificity: 0.8619528619528619
Validation icbhi_score: 0.4364309764309764
Validation roc_auc: None
Validation avg_accuracy: 0.23447860010360008
Validation one_indexed_epoch: 17
The validation tracker metric at 0.4375982042648709 hasn't increased by 0 in 12 epochs
136/136 - 129s - loss: 0.7110 - accuracy: 0.7763 - 129s/epoch - 950ms/step
Epoch 18/60
Validation cm: [[764   3  18 106]
 [508   1  28  52]
 [ 67   1   3   9]
 [148   0   2   6]]
Validation normalized_cm: [[0.857 0.003 0.02  0.119]
 [0.862 0.002 0.048 0.088]
 [0.838 0.013 0.037 0.113]
 [0.949 0.    0.013 0.038]]
Validation acc: 0.45104895104895104
Validation class_accuracies: [0.8574635241301908, 0.001697792869269949, 0.0375, 0.038461538461538464]
Validation sensitivity: 0.012121212121212121
Validation specificity: 0.8574635241301908
Validation icbhi_score: 0.43479236812570143
Validation roc_auc: None
Validation avg_accuracy: 0.2337807138652498
Validation one_indexed_epoch: 18
The validation tracker metric at 0.4375982042648709 hasn't increased by 0 in 13 epochs
136/136 - 128s - loss: 0.7070 - accuracy: 0.7806 - 128s/epoch - 945ms/step
Epoch 19/60
Validation cm: [[761   7  17 106]
 [503   0  31  55]
 [ 66   1   4   9]
 [147   1   2   6]]
Validation normalized_cm: [[0.854 0.008 0.019 0.119]
 [0.854 0.    0.053 0.093]
 [0.825 0.013 0.05  0.113]
 [0.942 0.006 0.013 0.038]]
Validation acc: 0.4493006993006993
Validation class_accuracies: [0.8540965207631874, 0.0, 0.05, 0.038461538461538464]
Validation sensitivity: 0.012121212121212121
Validation specificity: 0.8540965207631874
Validation icbhi_score: 0.43310886644219976
Validation roc_auc: None
Validation avg_accuracy: 0.23563951480618148
Validation one_indexed_epoch: 19
The validation tracker metric at 0.4375982042648709 hasn't increased by 0 in 14 epochs
136/136 - 129s - loss: 0.7056 - accuracy: 0.7751 - 129s/epoch - 949ms/step
Epoch 20/60
Validation cm: [[768   4  21  98]
 [509   0  32  48]
 [ 68   1   4   7]
 [149   0   1   6]]
Validation normalized_cm: [[0.862 0.004 0.024 0.11 ]
 [0.864 0.    0.054 0.081]
 [0.85  0.013 0.05  0.087]
 [0.955 0.    0.006 0.038]]
Validation acc: 0.4533799533799534
Validation class_accuracies: [0.8619528619528619, 0.0, 0.05, 0.038461538461538464]
Validation sensitivity: 0.012121212121212121
Validation specificity: 0.8619528619528619
Validation icbhi_score: 0.437037037037037
Validation roc_auc: None
Validation avg_accuracy: 0.2376036001036001
Validation one_indexed_epoch: 20
The validation tracker metric at 0.4375982042648709 hasn't increased by 0 in 15 epochs
136/136 - 128s - loss: 0.7114 - accuracy: 0.7703 - 128s/epoch - 944ms/step
Epoch 21/60
Validation cm: [[766   6  20  99]
 [506   0  32  51]
 [ 67   1   5   7]
 [148   1   1   6]]
Validation normalized_cm: [[0.86  0.007 0.022 0.111]
 [0.859 0.    0.054 0.087]
 [0.838 0.013 0.062 0.087]
 [0.949 0.006 0.006 0.038]]
Validation acc: 0.4527972027972028
Validation class_accuracies: [0.8597081930415263, 0.0, 0.0625, 0.038461538461538464]
Validation sensitivity: 0.013333333333333334
Validation specificity: 0.8597081930415263
Validation icbhi_score: 0.4365207631874298
Validation roc_auc: None
Validation avg_accuracy: 0.2401674328757662
Validation one_indexed_epoch: 21
The validation tracker metric at 0.4375982042648709 hasn't increased by 0 in 16 epochs
Mel loss: <tf.Variable 'Variable:0' shape=() dtype=float32, numpy=0.5>
sinc loss: <tf.Variable 'Variable:0' shape=() dtype=float32, numpy=0.5>
136/136 - 129s - loss: 0.7035 - accuracy: 0.7845 - 129s/epoch - 949ms/step
Epoch 22/60
Validation cm: [[762   5  17 107]
 [505   0  30  54]
 [ 66   1   4   9]
 [147   1   2   6]]
Validation normalized_cm: [[0.855 0.006 0.019 0.12 ]
 [0.857 0.    0.051 0.092]
 [0.825 0.013 0.05  0.113]
 [0.942 0.006 0.013 0.038]]
Validation acc: 0.44988344988344986
Validation class_accuracies: [0.8552188552188552, 0.0, 0.05, 0.038461538461538464]
Validation sensitivity: 0.012121212121212121
Validation specificity: 0.8552188552188552
Validation icbhi_score: 0.43367003367003365
Validation roc_auc: None
Validation avg_accuracy: 0.23592009842009842
Validation one_indexed_epoch: 22
The validation tracker metric at 0.4375982042648709 hasn't increased by 0 in 17 epochs
136/136 - 128s - loss: 0.7186 - accuracy: 0.7717 - 128s/epoch - 940ms/step
Epoch 23/60
Validation cm: [[763   4  18 106]
 [505   0  33  51]
 [ 66   1   4   9]
 [147   1   2   6]]
Validation normalized_cm: [[0.856 0.004 0.02  0.119]
 [0.857 0.    0.056 0.087]
 [0.825 0.013 0.05  0.113]
 [0.942 0.006 0.013 0.038]]
Validation acc: 0.45046620046620045
Validation class_accuracies: [0.856341189674523, 0.0, 0.05, 0.038461538461538464]
Validation sensitivity: 0.012121212121212121
Validation specificity: 0.856341189674523
Validation icbhi_score: 0.43423120089786754
Validation roc_auc: None
Validation avg_accuracy: 0.23620068203401537
Validation one_indexed_epoch: 23
The validation tracker metric at 0.4375982042648709 hasn't increased by 0 in 18 epochs
136/136 - 129s - loss: 0.7104 - accuracy: 0.7783 - 129s/epoch - 950ms/step
Epoch 24/60
Validation cm: [[766   1  19 105]
 [508   0  31  50]
 [ 67   1   3   9]
 [148   0   2   6]]
Validation normalized_cm: [[0.86  0.001 0.021 0.118]
 [0.862 0.    0.053 0.085]
 [0.838 0.013 0.037 0.113]
 [0.949 0.    0.013 0.038]]
Validation acc: 0.45163170163170163
Validation class_accuracies: [0.8597081930415263, 0.0, 0.0375, 0.038461538461538464]
Validation sensitivity: 0.01090909090909091
Validation specificity: 0.8597081930415263
Validation icbhi_score: 0.4353086419753086
Validation roc_auc: None
Validation avg_accuracy: 0.2339174328757662
Validation one_indexed_epoch: 24
The validation tracker metric at 0.4375982042648709 hasn't increased by 0 in 19 epochs
136/136 - 128s - loss: 0.7180 - accuracy: 0.7744 - 128s/epoch - 942ms/step
Epoch 25/60
Validation cm: [[766   1  18 106]
 [507   0  30  52]
 [ 67   1   3   9]
 [148   0   2   6]]
Validation normalized_cm: [[0.86  0.001 0.02  0.119]
 [0.861 0.    0.051 0.088]
 [0.838 0.013 0.037 0.113]
 [0.949 0.    0.013 0.038]]
Validation acc: 0.45163170163170163
Validation class_accuracies: [0.8597081930415263, 0.0, 0.0375, 0.038461538461538464]
Validation sensitivity: 0.01090909090909091
Validation specificity: 0.8597081930415263
Validation icbhi_score: 0.4353086419753086
Validation roc_auc: None
Validation avg_accuracy: 0.2339174328757662
Validation one_indexed_epoch: 25
The number of epochs since last 1% equals the patience
136/136 - 129s - loss: 0.7106 - accuracy: 0.7733 - 129s/epoch - 952ms/step
----------------------------------
The best metrics for this job are: 

Best icbhi_score: 0.4375982042648709
Best cm: [[769   2  27  93]
 [507   0  35  47]
 [ 68   1   4   7]
 [148   0   2   6]]
Best normalized_cm: [[0.863 0.002 0.03  0.104]
 [0.861 0.    0.059 0.08 ]
 [0.85  0.013 0.05  0.087]
 [0.949 0.    0.013 0.038]]
Best acc: 0.45396270396270394
Best class_accuracies: [0.8630751964085297, 0.0, 0.05, 0.038461538461538464]
Best sensitivity: 0.012121212121212121
Best specificity: 0.8630751964085297
Best roc_auc: None
Best avg_accuracy: 0.23788418371751704
Best one_indexed_epoch: 5
icbhi_score
model
cm
normalized_cm
acc
class_accuracies
sensitivity
specificity
roc_auc
avg_accuracy
one_indexed_epoch
{'loss': [0.8732740879058838, 0.7207897901535034, 0.7148585915565491, 0.7174525856971741, 0.701962411403656, 0.7154260873794556, 0.7048113942146301, 0.7127485871315002, 0.7098003029823303, 0.713025689125061, 0.7022532820701599, 0.711950421333313, 0.7113402485847473, 0.7145991325378418, 0.7131612300872803, 0.7094923257827759, 0.7109771966934204, 0.706980288028717, 0.7055623531341553, 0.711406409740448, 0.7035217881202698, 0.7186076641082764, 0.710373044013977, 0.7180052399635315, 0.7105637788772583], 'accuracy': [0.7144170999526978, 0.7645435929298401, 0.7716716527938843, 0.7594849467277527, 0.7737410664558411, 0.7677627205848694, 0.7675327658653259, 0.7801793813705444, 0.7698321342468262, 0.7725914120674133, 0.7792596220970154, 0.7661531567573547, 0.7714416980743408, 0.7728213667869568, 0.7689123749732971, 0.7725914120674133, 0.7762703895568848, 0.7806392312049866, 0.775120735168457, 0.7702920436859131, 0.7845481634140015, 0.7716716527938843, 0.7783398628234863, 0.7744309306144714, 0.7732812166213989]}
Job id is 3.
lengths
4634
1431
0
0
0
0
-----------------------
--- Final training dataset went from 0 to 4634 elements, with 2100 none's, 1422 crakles, 540 wheezes and 481 both ---
--- Final Validation dataset contains 1431 elements, with 427 none, 539 crackles, 219 wheezes and 244 both ---
Initializing weights...
weights = {0: 0.5378365831012071, 1: 0.8073170731707318, 2: 2.098731884057971, 3: 2.349898580121704}
Model: "leaf_model9_model_bis_1"
______________________________________________________________________________________________________________
 Layer (type)                                    Output Shape                                Param #          
==============================================================================================================
 sincnet (SincNet)                               multiple                                    320              
                                                                                                              
 mel_filterbanks_1 (MelFilterbanks)              multiple                                    0 (unused)       
                                                                                                              
 sincnet (SincNet)                               multiple                                    0 (unused)       
                                                                                                              
 sequential_5 (Sequential)                       (None, 80, 250, 1)                          4                
                                                                                                              
 sequential_6 (Sequential)                       (None, 80, 250, 16)                         2352             
                                                                                                              
 sequential_7 (Sequential)                       (None, 80, 250, 16)                         6448             
                                                                                                              
 sequential_8 (Sequential)                       (None, 80, 250, 16)                         32               
                                                                                                              
 concatenate_1 (Concatenate)                     multiple                                    0                
                                                                                                              
 sequential_9 (Sequential)                       (None, 2)                                   6192322          
                                                                                                              
==============================================================================================================
Total params: 6,201,640
Trainable params: 6,160,134
Non-trainable params: 41,506
______________________________________________________________________________________________________________
Target metric is icbhi_score
Epoch 1/60
Validation cm: [[428   0   0   0]
 [540   0   0   0]
 [219   0   0   0]
 [244   0   0   0]]
Validation normalized_cm: [[1. 0. 0. 0.]
 [1. 0. 0. 0.]
 [1. 0. 0. 0.]
 [1. 0. 0. 0.]]
Validation acc: 0.29909154437456326
Validation class_accuracies: [1.0, 0.0, 0.0, 0.0]
Validation sensitivity: 0.0
Validation specificity: 1.0
Validation icbhi_score: 0.5
Validation roc_auc: None
Validation avg_accuracy: 0.25
Validation one_indexed_epoch: 1
-- New best results were achieved. --
145/145 - 125s - loss: 1.3659 - accuracy: 0.5451 - 125s/epoch - 861ms/step
Epoch 2/60
Validation cm: [[428   0   0   0]
 [540   0   0   0]
 [219   0   0   0]
 [244   0   0   0]]
Validation normalized_cm: [[1. 0. 0. 0.]
 [1. 0. 0. 0.]
 [1. 0. 0. 0.]
 [1. 0. 0. 0.]]
Validation acc: 0.29909154437456326
Validation class_accuracies: [1.0, 0.0, 0.0, 0.0]
Validation sensitivity: 0.0
Validation specificity: 1.0
Validation icbhi_score: 0.5
Validation roc_auc: None
Validation avg_accuracy: 0.25
Validation one_indexed_epoch: 2
The validation tracker metric at 0.5 hasn't increased by 0 in 1 epochs
145/145 - 117s - loss: 1.1159 - accuracy: 0.5503 - 117s/epoch - 807ms/step
Epoch 3/60
Validation cm: [[209 219   0   0]
 [184 356   0   0]
 [123  96   0   0]
 [ 83 160   0   1]]
Validation normalized_cm: [[0.488 0.512 0.    0.   ]
 [0.341 0.659 0.    0.   ]
 [0.562 0.438 0.    0.   ]
 [0.34  0.656 0.    0.004]]
Validation acc: 0.39552760307477286
Validation class_accuracies: [0.4883177570093458, 0.6592592592592592, 0.0, 0.004098360655737705]
Validation sensitivity: 0.3559322033898305
Validation specificity: 0.4883177570093458
Validation icbhi_score: 0.42212498019958816
Validation roc_auc: None
Validation avg_accuracy: 0.28791884423108566
Validation one_indexed_epoch: 3
The validation tracker metric at 0.5 hasn't increased by 0 in 2 epochs
145/145 - 117s - loss: 1.1545 - accuracy: 0.5429 - 117s/epoch - 808ms/step
Epoch 4/60
Validation cm: [[192 173  59   4]
 [179 296  64   1]
 [126  64  27   2]
 [ 79 138  15  12]]
Validation normalized_cm: [[0.449 0.404 0.138 0.009]
 [0.331 0.548 0.119 0.002]
 [0.575 0.292 0.123 0.009]
 [0.324 0.566 0.061 0.049]]
Validation acc: 0.36827393431167016
Validation class_accuracies: [0.4485981308411215, 0.5481481481481482, 0.1232876712328767, 0.04918032786885246]
Validation sensitivity: 0.3339980059820538
Validation specificity: 0.4485981308411215
Validation icbhi_score: 0.39129806841158765
Validation roc_auc: None
Validation avg_accuracy: 0.2923035695227497
Validation one_indexed_epoch: 4
The validation tracker metric at 0.5 hasn't increased by 0 in 3 epochs
145/145 - 117s - loss: 1.1314 - accuracy: 0.5522 - 117s/epoch - 807ms/step
Epoch 5/60
Validation cm: [[162 154 103   9]
 [165 272 100   3]
 [120  60  36   3]
 [ 88 119  20  17]]
Validation normalized_cm: [[0.379 0.36  0.241 0.021]
 [0.306 0.504 0.185 0.006]
 [0.548 0.274 0.164 0.014]
 [0.361 0.488 0.082 0.07 ]]
Validation acc: 0.3403214535290007
Validation class_accuracies: [0.37850467289719625, 0.5037037037037037, 0.1643835616438356, 0.06967213114754098]
Validation sensitivity: 0.3240279162512463
Validation specificity: 0.37850467289719625
Validation icbhi_score: 0.35126629457422126
Validation roc_auc: None
Validation avg_accuracy: 0.27906601734806913
Validation one_indexed_epoch: 5
The validation tracker metric at 0.5 hasn't increased by 0 in 4 epochs
145/145 - 116s - loss: 1.1526 - accuracy: 0.5529 - 116s/epoch - 803ms/step
Epoch 6/60
Validation cm: [[149 148 115  16]
 [165 255 109  11]
 [118  53  40   8]
 [ 90 104  26  24]]
Validation normalized_cm: [[0.348 0.346 0.269 0.037]
 [0.306 0.472 0.202 0.02 ]
 [0.539 0.242 0.183 0.037]
 [0.369 0.426 0.107 0.098]]
Validation acc: 0.3270440251572327
Validation class_accuracies: [0.34813084112149534, 0.4722222222222222, 0.182648401826484, 0.09836065573770492]
Validation sensitivity: 0.3180458624127617
Validation specificity: 0.34813084112149534
Validation icbhi_score: 0.33308835176712853
Validation roc_auc: None
Validation avg_accuracy: 0.2753405302269766
Validation one_indexed_epoch: 6
The validation tracker metric at 0.5 hasn't increased by 0 in 5 epochs
145/145 - 117s - loss: 1.1068 - accuracy: 0.5511 - 117s/epoch - 809ms/step
Epoch 7/60
Validation cm: [[142 147 120  19]
 [161 253 104  22]
 [114  52  43  10]
 [ 89 104  27  24]]
Validation normalized_cm: [[0.332 0.343 0.28  0.044]
 [0.298 0.469 0.193 0.041]
 [0.521 0.237 0.196 0.046]
 [0.365 0.426 0.111 0.098]]
Validation acc: 0.3228511530398323
Validation class_accuracies: [0.3317757009345794, 0.4685185185185185, 0.1963470319634703, 0.09836065573770492]
Validation sensitivity: 0.3190428713858425
Validation specificity: 0.3317757009345794
Validation icbhi_score: 0.3254092861602109
Validation roc_auc: None
Validation avg_accuracy: 0.27375047678856834
Validation one_indexed_epoch: 7
The validation tracker metric at 0.5 hasn't increased by 0 in 6 epochs
145/145 - 117s - loss: 1.1310 - accuracy: 0.5393 - 117s/epoch - 807ms/step
Epoch 8/60
Validation cm: [[147 144 119  18]
 [161 253 116  10]
 [118  50  42   9]
 [ 93 102  25  24]]
Validation normalized_cm: [[0.343 0.336 0.278 0.042]
 [0.298 0.469 0.215 0.019]
 [0.539 0.228 0.192 0.041]
 [0.381 0.418 0.102 0.098]]
Validation acc: 0.3256464011180992
Validation class_accuracies: [0.34345794392523366, 0.4685185185185185, 0.1917808219178082, 0.09836065573770492]
Validation sensitivity: 0.3180458624127617
Validation specificity: 0.34345794392523366
Validation icbhi_score: 0.3307519031689977
Validation roc_auc: None
Validation avg_accuracy: 0.27552948502481633
Validation one_indexed_epoch: 8
The validation tracker metric at 0.5 hasn't increased by 0 in 7 epochs
145/145 - 117s - loss: 1.1183 - accuracy: 0.5406 - 117s/epoch - 807ms/step
Epoch 9/60
Validation cm: [[148 142 123  15]
 [159 252 116  13]
 [115  51  47   6]
 [ 91 102  27  24]]
Validation normalized_cm: [[0.346 0.332 0.287 0.035]
 [0.294 0.467 0.215 0.024]
 [0.525 0.233 0.215 0.027]
 [0.373 0.418 0.111 0.098]]
Validation acc: 0.32914046121593293
Validation class_accuracies: [0.34579439252336447, 0.4666666666666667, 0.2146118721461187, 0.09836065573770492]
Validation sensitivity: 0.3220338983050847
Validation specificity: 0.34579439252336447
Validation icbhi_score: 0.3339141454142246
Validation roc_auc: None
Validation avg_accuracy: 0.28135839676846375
Validation one_indexed_epoch: 9
The validation tracker metric at 0.5 hasn't increased by 0 in 8 epochs
145/145 - 117s - loss: 1.1354 - accuracy: 0.5442 - 117s/epoch - 809ms/step
Epoch 10/60
Validation cm: [[145 145 120  18]
 [159 252 118  11]
 [115  50  45   9]
 [ 92 102  27  23]]
Validation normalized_cm: [[0.339 0.339 0.28  0.042]
 [0.294 0.467 0.219 0.02 ]
 [0.525 0.228 0.205 0.041]
 [0.377 0.418 0.111 0.094]]
Validation acc: 0.3249475890985325
Validation class_accuracies: [0.338785046728972, 0.4666666666666667, 0.2054794520547945, 0.0942622950819672]
Validation sensitivity: 0.3190428713858425
Validation specificity: 0.338785046728972
Validation icbhi_score: 0.3289139590574072
Validation roc_auc: None
Validation avg_accuracy: 0.2762983651331001
Validation one_indexed_epoch: 10
The validation tracker metric at 0.5 hasn't increased by 0 in 9 epochs
145/145 - 118s - loss: 1.1156 - accuracy: 0.5434 - 118s/epoch - 813ms/step
Epoch 11/60
Validation cm: [[166 142 107  13]
 [183 249 101   7]
 [127  50  35   7]
 [ 98 101  22  23]]
Validation normalized_cm: [[0.388 0.332 0.25  0.03 ]
 [0.339 0.461 0.187 0.013]
 [0.58  0.228 0.16  0.032]
 [0.402 0.414 0.09  0.094]]
Validation acc: 0.3305380852550664
Validation class_accuracies: [0.3878504672897196, 0.46111111111111114, 0.1598173515981735, 0.0942622950819672]
Validation sensitivity: 0.30608175473579263
Validation specificity: 0.3878504672897196
Validation icbhi_score: 0.3469661110127561
Validation roc_auc: None
Validation avg_accuracy: 0.27576030627024284
Validation one_indexed_epoch: 11
The validation tracker metric at 0.5 hasn't increased by 0 in 10 epochs
Mel loss: <tf.Variable 'Variable:0' shape=() dtype=float32, numpy=0.5>
sinc loss: <tf.Variable 'Variable:0' shape=() dtype=float32, numpy=0.5>
145/145 - 117s - loss: 1.1490 - accuracy: 0.5468 - 117s/epoch - 806ms/step
Epoch 12/60
Validation cm: [[168 134 110  16]
 [179 246 107   8]
 [125  47  40   7]
 [ 98  98  24  24]]
Validation normalized_cm: [[0.393 0.313 0.257 0.037]
 [0.331 0.456 0.198 0.015]
 [0.571 0.215 0.183 0.032]
 [0.402 0.402 0.098 0.098]]
Validation acc: 0.33403214535290005
Validation class_accuracies: [0.3925233644859813, 0.45555555555555555, 0.182648401826484, 0.09836065573770492]
Validation sensitivity: 0.3090727816550349
Validation specificity: 0.3925233644859813
Validation icbhi_score: 0.3507980730705081
Validation roc_auc: None
Validation avg_accuracy: 0.28227199440143147
Validation one_indexed_epoch: 12
The validation tracker metric at 0.5 hasn't increased by 0 in 11 epochs
145/145 - 117s - loss: 1.0912 - accuracy: 0.5479 - 117s/epoch - 805ms/step
Epoch 13/60
Validation cm: [[162 144 109  13]
 [179 252 103   6]
 [126  50  36   7]
 [ 97 100  23  24]]
Validation normalized_cm: [[0.379 0.336 0.255 0.03 ]
 [0.331 0.467 0.191 0.011]
 [0.575 0.228 0.164 0.032]
 [0.398 0.41  0.094 0.098]]
Validation acc: 0.3312368972746331
Validation class_accuracies: [0.37850467289719625, 0.4666666666666667, 0.1643835616438356, 0.09836065573770492]
Validation sensitivity: 0.31106679960119643
Validation specificity: 0.37850467289719625
Validation icbhi_score: 0.34478573624919634
Validation roc_auc: None
Validation avg_accuracy: 0.27697888923635083
Validation one_indexed_epoch: 13
The validation tracker metric at 0.5 hasn't increased by 0 in 12 epochs
145/145 - 117s - loss: 1.1287 - accuracy: 0.5511 - 117s/epoch - 807ms/step
Epoch 14/60
Validation cm: [[149 146 113  20]
 [166 252 110  12]
 [120  50  39  10]
 [ 91 103  26  24]]
Validation normalized_cm: [[0.348 0.341 0.264 0.047]
 [0.307 0.467 0.204 0.022]
 [0.548 0.228 0.178 0.046]
 [0.373 0.422 0.107 0.098]]
Validation acc: 0.32424877707896577
Validation class_accuracies: [0.34813084112149534, 0.4666666666666667, 0.1780821917808219, 0.09836065573770492]
Validation sensitivity: 0.3140578265204387
Validation specificity: 0.34813084112149534
Validation icbhi_score: 0.331094333820967
Validation roc_auc: None
Validation avg_accuracy: 0.27281008882667224
Validation one_indexed_epoch: 14
The validation tracker metric at 0.5 hasn't increased by 0 in 13 epochs
145/145 - 118s - loss: 1.1595 - accuracy: 0.5434 - 118s/epoch - 813ms/step
Epoch 15/60
Validation cm: [[158 138 115  17]
 [173 250 109   8]
 [122  50  40   7]
 [ 96  99  25  24]]
Validation normalized_cm: [[0.369 0.322 0.269 0.04 ]
 [0.32  0.463 0.202 0.015]
 [0.557 0.228 0.183 0.032]
 [0.393 0.406 0.102 0.098]]
Validation acc: 0.32983927323549966
Validation class_accuracies: [0.3691588785046729, 0.46296296296296297, 0.182648401826484, 0.09836065573770492]
Validation sensitivity: 0.31306081754735793
Validation specificity: 0.3691588785046729
Validation icbhi_score: 0.3411098480260154
Validation roc_auc: None
Validation avg_accuracy: 0.27828272475795623
Validation one_indexed_epoch: 15
The validation tracker metric at 0.5 hasn't increased by 0 in 14 epochs
145/145 - 118s - loss: 1.1498 - accuracy: 0.5447 - 118s/epoch - 812ms/step
Epoch 16/60
Validation cm: [[156 142 114  16]
 [168 251 113   8]
 [122  50  41   6]
 [ 92 102  26  24]]
Validation normalized_cm: [[0.364 0.332 0.266 0.037]
 [0.311 0.465 0.209 0.015]
 [0.557 0.228 0.187 0.027]
 [0.377 0.418 0.107 0.098]]
Validation acc: 0.32983927323549966
Validation class_accuracies: [0.3644859813084112, 0.4648148148148148, 0.1872146118721461, 0.09836065573770492]
Validation sensitivity: 0.3150548354935194
Validation specificity: 0.3644859813084112
Validation icbhi_score: 0.3397704084009653
Validation roc_auc: None
Validation avg_accuracy: 0.2787190159332692
Validation one_indexed_epoch: 16
The validation tracker metric at 0.5 hasn't increased by 0 in 15 epochs
145/145 - 118s - loss: 1.0923 - accuracy: 0.5447 - 118s/epoch - 813ms/step
Epoch 17/60
Validation cm: [[144 144 121  19]
 [161 252 111  16]
 [116  50  44   9]
 [ 92 102  27  23]]
Validation normalized_cm: [[0.336 0.336 0.283 0.044]
 [0.298 0.467 0.206 0.03 ]
 [0.53  0.228 0.201 0.041]
 [0.377 0.418 0.111 0.094]]
Validation acc: 0.32354996505939904
Validation class_accuracies: [0.3364485981308411, 0.4666666666666667, 0.2009132420091324, 0.0942622950819672]
Validation sensitivity: 0.3180458624127617
Validation specificity: 0.3364485981308411
Validation icbhi_score: 0.3272472302718014
Validation roc_auc: None
Validation avg_accuracy: 0.2745727004721518
Validation one_indexed_epoch: 17
The validation tracker metric at 0.5 hasn't increased by 0 in 16 epochs
