Tensorflow Version: 2.8.0
Num GPUs Available:  1
Collecting Variables...
All variables have been collected.
../cache/
cw
train132
Description:  debugging, mel, no normalizing, 1 optimizer w adaptive lr, overlap threshold = 0.15, 4 one hot encoder, softmax, oversampling, no spectral loss
-----------------------
Job id is 1.
Job dir: ../cache/cw/train132/1
- Loading Icbhi.
725 Icbhi audios have been loaded.
- Preparing Icbhi.
112 Icbhi groups of audio chunks (by filename or patients) have been prepared.
--- Samples are being split into training/val groups and de-grouped by patient ---
Job id is 2.
lengths
4349
1716
-----------------------
--- Final training dataset went from 0 to 4349 elements, with 0 none's, 0 crakles, 0 wheezes and 0 both ---
--- Final Validation dataset contains 1716 elements, with 0 none, 0 crackles, 0 wheezes and 0 both ---
Initializing weights...
Model: "leaf_model9_model_129"
______________________________________________________________________________________________________________
 Layer (type)                                    Output Shape                                Param #          
==============================================================================================================
 mel_filterbanks (MelFilterbanks)                multiple                                    0                
                                                                                                              
 mel_filterbanks_1 (MelFilterbanks)              multiple                                    0 (unused)       
                                                                                                              
 sincnet (SincNet)                               multiple                                    0 (unused)       
                                                                                                              
 sequential (Sequential)                         (None, 80, 500, 1)                          4                
                                                                                                              
 sequential_1 (Sequential)                       (None, 80, 500, 16)                         2352             
                                                                                                              
 sequential_2 (Sequential)                       (None, 80, 500, 16)                         6448             
                                                                                                              
 sequential_3 (Sequential)                       (None, 80, 500, 16)                         32               
                                                                                                              
 concatenate (Concatenate)                       multiple                                    0                
                                                                                                              
 sequential_4 (Sequential)                       (None, 15, 1024)                            6191296          
                                                                                                              
 sequential_5 (Sequential)                       (None, 4)                                   1365978          
                                                                                                              
==============================================================================================================
Total params: 7,566,272
Trainable params: 7,524,766
Non-trainable params: 41,506
______________________________________________________________________________________________________________
Target metric is icbhi_score
Epoch 1/60
WARNING:tensorflow:Gradients do not exist for variables ['kernel:0', 'Variable:0', 'Variable:0'] when minimizing the loss. If you're using `model.compile()`, did you forget to provide a `loss`argument?
WARNING:tensorflow:Gradients do not exist for variables ['kernel:0', 'Variable:0', 'Variable:0'] when minimizing the loss. If you're using `model.compile()`, did you forget to provide a `loss`argument?
WARNING:tensorflow:Gradients do not exist for variables ['kernel:0', 'Variable:0', 'Variable:0'] when minimizing the loss. If you're using `model.compile()`, did you forget to provide a `loss`argument?
WARNING:tensorflow:Gradients do not exist for variables ['kernel:0', 'Variable:0', 'Variable:0'] when minimizing the loss. If you're using `model.compile()`, did you forget to provide a `loss`argument?
Validation cm: [[891   0   0   0]
 [589   0   0   0]
 [ 80   0   0   0]
 [156   0   0   0]]
Validation normalized_cm: [[1. 0. 0. 0.]
 [1. 0. 0. 0.]
 [1. 0. 0. 0.]
 [1. 0. 0. 0.]]
Validation acc: 0.5192307692307693
Validation class_accuracies: [1.0, 0.0, 0.0, 0.0]
Validation sensitivity: 0.0
Validation specificity: 1.0
Validation icbhi_score: 0.5
Validation roc_auc: None
Validation avg_accuracy: 0.25
Validation one_indexed_epoch: 1
-- New best results were achieved. --
There is no such attribute
68/68 - 168s - loss: 1.3030 - accuracy: 0.3769 - 168s/epoch - 2s/step
Epoch 2/60
Validation cm: [[891   0   0   0]
 [589   0   0   0]
 [ 80   0   0   0]
 [156   0   0   0]]
Validation normalized_cm: [[1. 0. 0. 0.]
 [1. 0. 0. 0.]
 [1. 0. 0. 0.]
 [1. 0. 0. 0.]]
Validation acc: 0.5192307692307693
Validation class_accuracies: [1.0, 0.0, 0.0, 0.0]
Validation sensitivity: 0.0
Validation specificity: 1.0
Validation icbhi_score: 0.5
Validation roc_auc: None
Validation avg_accuracy: 0.25
Validation one_indexed_epoch: 2
The validation tracker metric at 0.5 hasn't increased by 0 in 1 epochs
There is no such attribute
68/68 - 149s - loss: 1.2445 - accuracy: 0.4127 - 149s/epoch - 2s/step
Epoch 3/60
Validation cm: [[891   0   0   0]
 [589   0   0   0]
 [ 80   0   0   0]
 [156   0   0   0]]
Validation normalized_cm: [[1. 0. 0. 0.]
 [1. 0. 0. 0.]
 [1. 0. 0. 0.]
 [1. 0. 0. 0.]]
Validation acc: 0.5192307692307693
Validation class_accuracies: [1.0, 0.0, 0.0, 0.0]
Validation sensitivity: 0.0
Validation specificity: 1.0
Validation icbhi_score: 0.5
Validation roc_auc: None
Validation avg_accuracy: 0.25
Validation one_indexed_epoch: 3
The validation tracker metric at 0.5 hasn't increased by 0 in 2 epochs
There is no such attribute
68/68 - 150s - loss: 1.2011 - accuracy: 0.4360 - 150s/epoch - 2s/step
Epoch 4/60
Validation cm: [[891   0   0   0]
 [589   0   0   0]
 [ 80   0   0   0]
 [156   0   0   0]]
Validation normalized_cm: [[1. 0. 0. 0.]
 [1. 0. 0. 0.]
 [1. 0. 0. 0.]
 [1. 0. 0. 0.]]
Validation acc: 0.5192307692307693
Validation class_accuracies: [1.0, 0.0, 0.0, 0.0]
Validation sensitivity: 0.0
Validation specificity: 1.0
Validation icbhi_score: 0.5
Validation roc_auc: None
Validation avg_accuracy: 0.25
Validation one_indexed_epoch: 4
The validation tracker metric at 0.5 hasn't increased by 0 in 3 epochs
There is no such attribute
68/68 - 150s - loss: 1.1683 - accuracy: 0.4688 - 150s/epoch - 2s/step
Epoch 5/60
Validation cm: [[891   0   0   0]
 [589   0   0   0]
 [ 80   0   0   0]
 [156   0   0   0]]
Validation normalized_cm: [[1. 0. 0. 0.]
 [1. 0. 0. 0.]
 [1. 0. 0. 0.]
 [1. 0. 0. 0.]]
Validation acc: 0.5192307692307693
Validation class_accuracies: [1.0, 0.0, 0.0, 0.0]
Validation sensitivity: 0.0
Validation specificity: 1.0
Validation icbhi_score: 0.5
Validation roc_auc: None
Validation avg_accuracy: 0.25
Validation one_indexed_epoch: 5
The validation tracker metric at 0.5 hasn't increased by 0 in 4 epochs
There is no such attribute
68/68 - 151s - loss: 1.1110 - accuracy: 0.4951 - 151s/epoch - 2s/step
Epoch 6/60
Validation cm: [[891   0   0   0]
 [589   0   0   0]
 [ 80   0   0   0]
 [156   0   0   0]]
Validation normalized_cm: [[1. 0. 0. 0.]
 [1. 0. 0. 0.]
 [1. 0. 0. 0.]
 [1. 0. 0. 0.]]
Validation acc: 0.5192307692307693
Validation class_accuracies: [1.0, 0.0, 0.0, 0.0]
Validation sensitivity: 0.0
Validation specificity: 1.0
Validation icbhi_score: 0.5
Validation roc_auc: None
Validation avg_accuracy: 0.25
Validation one_indexed_epoch: 6
The validation tracker metric at 0.5 hasn't increased by 0 in 5 epochs
Lr has been adjusted to 0.0005000000237487257
There is no such attribute
68/68 - 150s - loss: 1.0571 - accuracy: 0.4934 - 150s/epoch - 2s/step
Epoch 7/60
Validation cm: [[891   0   0   0]
 [589   0   0   0]
 [ 80   0   0   0]
 [156   0   0   0]]
Validation normalized_cm: [[1. 0. 0. 0.]
 [1. 0. 0. 0.]
 [1. 0. 0. 0.]
 [1. 0. 0. 0.]]
Validation acc: 0.5192307692307693
Validation class_accuracies: [1.0, 0.0, 0.0, 0.0]
Validation sensitivity: 0.0
Validation specificity: 1.0
Validation icbhi_score: 0.5
Validation roc_auc: None
Validation avg_accuracy: 0.25
Validation one_indexed_epoch: 7
The validation tracker metric at 0.5 hasn't increased by 0 in 6 epochs
There is no such attribute
68/68 - 151s - loss: 0.9688 - accuracy: 0.5489 - 151s/epoch - 2s/step
Epoch 8/60
Validation cm: [[891   0   0   0]
 [589   0   0   0]
 [ 80   0   0   0]
 [156   0   0   0]]
Validation normalized_cm: [[1. 0. 0. 0.]
 [1. 0. 0. 0.]
 [1. 0. 0. 0.]
 [1. 0. 0. 0.]]
Validation acc: 0.5192307692307693
Validation class_accuracies: [1.0, 0.0, 0.0, 0.0]
Validation sensitivity: 0.0
Validation specificity: 1.0
Validation icbhi_score: 0.5
Validation roc_auc: None
Validation avg_accuracy: 0.25
Validation one_indexed_epoch: 8
The validation tracker metric at 0.5 hasn't increased by 0 in 7 epochs
There is no such attribute
68/68 - 148s - loss: 0.9302 - accuracy: 0.5721 - 148s/epoch - 2s/step
Epoch 9/60
Validation cm: [[891   0   0   0]
 [589   0   0   0]
 [ 80   0   0   0]
 [156   0   0   0]]
Validation normalized_cm: [[1. 0. 0. 0.]
 [1. 0. 0. 0.]
 [1. 0. 0. 0.]
 [1. 0. 0. 0.]]
Validation acc: 0.5192307692307693
Validation class_accuracies: [1.0, 0.0, 0.0, 0.0]
Validation sensitivity: 0.0
Validation specificity: 1.0
Validation icbhi_score: 0.5
Validation roc_auc: None
Validation avg_accuracy: 0.25
Validation one_indexed_epoch: 9
The validation tracker metric at 0.5 hasn't increased by 0 in 8 epochs
There is no such attribute
68/68 - 149s - loss: 0.9108 - accuracy: 0.5873 - 149s/epoch - 2s/step
Epoch 10/60
Validation cm: [[796  69  25   1]
 [561  24   3   1]
 [ 70   6   1   3]
 [132   6  14   4]]
Validation normalized_cm: [[0.893 0.077 0.028 0.001]
 [0.952 0.041 0.005 0.002]
 [0.875 0.075 0.013 0.037]
 [0.846 0.038 0.09  0.026]]
Validation acc: 0.4807692307692308
Validation class_accuracies: [0.8933782267115601, 0.04074702886247878, 0.0125, 0.02564102564102564]
Validation sensitivity: 0.03515151515151515
Validation specificity: 0.8933782267115601
Validation icbhi_score: 0.4642648709315376
Validation roc_auc: None
Validation avg_accuracy: 0.24306657030376613
Validation one_indexed_epoch: 10
The validation tracker metric at 0.5 hasn't increased by 0 in 9 epochs
There is no such attribute
68/68 - 150s - loss: 0.8730 - accuracy: 0.6082 - 150s/epoch - 2s/step
Epoch 11/60
Validation cm: [[356 469  23  43]
 [176 398   7   8]
 [ 17  48   6   9]
 [ 26  90  12  28]]
Validation normalized_cm: [[0.4   0.526 0.026 0.048]
 [0.299 0.676 0.012 0.014]
 [0.212 0.6   0.075 0.113]
 [0.167 0.577 0.077 0.179]]
Validation acc: 0.4592074592074592
Validation class_accuracies: [0.3995510662177329, 0.6757215619694398, 0.075, 0.1794871794871795]
Validation sensitivity: 0.5236363636363637
Validation specificity: 0.3995510662177329
Validation icbhi_score: 0.46159371492704826
Validation roc_auc: None
Validation avg_accuracy: 0.33243995191858805
Validation one_indexed_epoch: 11
The validation tracker metric at 0.5 hasn't increased by 0 in 10 epochs
Lr has been adjusted to 0.0002500000118743628
Mel loss: <tf.Variable 'Variable:0' shape=() dtype=float32, numpy=0.5>
sinc loss: <tf.Variable 'Variable:0' shape=() dtype=float32, numpy=0.5>
There is no such attribute
68/68 - 150s - loss: 0.8543 - accuracy: 0.6213 - 150s/epoch - 2s/step
Epoch 12/60
Validation cm: [[792  90   9   0]
 [546  29   7   7]
 [ 67   9   4   0]
 [129   7  19   1]]
Validation normalized_cm: [[0.889 0.101 0.01  0.   ]
 [0.927 0.049 0.012 0.012]
 [0.838 0.113 0.05  0.   ]
 [0.827 0.045 0.122 0.006]]
Validation acc: 0.4813519813519814
Validation class_accuracies: [0.8888888888888888, 0.04923599320882852, 0.05, 0.00641025641025641]
Validation sensitivity: 0.041212121212121214
Validation specificity: 0.8888888888888888
Validation icbhi_score: 0.46505050505050505
Validation roc_auc: None
Validation avg_accuracy: 0.24863378462699345
Validation one_indexed_epoch: 12
The validation tracker metric at 0.5 hasn't increased by 0 in 11 epochs
There is no such attribute
68/68 - 150s - loss: 0.7664 - accuracy: 0.6606 - 150s/epoch - 2s/step
Epoch 13/60
Validation cm: [[619 100 100  72]
 [481  47  29  32]
 [ 35  10  23  12]
 [ 65  22  45  24]]
Validation normalized_cm: [[0.695 0.112 0.112 0.081]
 [0.817 0.08  0.049 0.054]
 [0.438 0.125 0.287 0.15 ]
 [0.417 0.141 0.288 0.154]]
Validation acc: 0.4155011655011655
Validation class_accuracies: [0.6947250280583613, 0.07979626485568761, 0.2875, 0.15384615384615385]
Validation sensitivity: 0.11393939393939394
Validation specificity: 0.6947250280583613
Validation icbhi_score: 0.4043322109988776
Validation roc_auc: None
Validation avg_accuracy: 0.3039668616900507
Validation one_indexed_epoch: 13
The validation tracker metric at 0.5 hasn't increased by 0 in 12 epochs
There is no such attribute
68/68 - 150s - loss: 0.7466 - accuracy: 0.6735 - 150s/epoch - 2s/step
Epoch 14/60
Validation cm: [[776  27  81   7]
 [549  14  24   2]
 [ 60   1  19   0]
 [112   2  40   2]]
Validation normalized_cm: [[0.871 0.03  0.091 0.008]
 [0.932 0.024 0.041 0.003]
 [0.75  0.013 0.237 0.   ]
 [0.718 0.013 0.256 0.013]]
Validation acc: 0.4726107226107226
Validation class_accuracies: [0.8709315375982043, 0.023769100169779286, 0.2375, 0.01282051282051282]
Validation sensitivity: 0.04242424242424243
Validation specificity: 0.8709315375982043
Validation icbhi_score: 0.4566778900112234
Validation roc_auc: None
Validation avg_accuracy: 0.2862552876471241
Validation one_indexed_epoch: 14
The validation tracker metric at 0.5 hasn't increased by 0 in 13 epochs
There is no such attribute
68/68 - 154s - loss: 0.7121 - accuracy: 0.6921 - 154s/epoch - 2s/step
Epoch 15/60
Validation cm: [[252 555   6  78]
 [225 324   5  35]
 [ 13  48   8  11]
 [ 44  61   5  46]]
Validation normalized_cm: [[0.283 0.623 0.007 0.088]
 [0.382 0.55  0.008 0.059]
 [0.163 0.6   0.1   0.138]
 [0.282 0.391 0.032 0.295]]
Validation acc: 0.36713286713286714
Validation class_accuracies: [0.2828282828282828, 0.5500848896434635, 0.1, 0.2948717948717949]
Validation sensitivity: 0.4581818181818182
Validation specificity: 0.2828282828282828
Validation icbhi_score: 0.3705050505050505
Validation roc_auc: None
Validation avg_accuracy: 0.30694624183588526
Validation one_indexed_epoch: 15
The validation tracker metric at 0.5 hasn't increased by 0 in 14 epochs
There is no such attribute
68/68 - 152s - loss: 0.6826 - accuracy: 0.7213 - 152s/epoch - 2s/step
Epoch 16/60
Validation cm: [[513 296  57  25]
 [312 254   5  18]
 [ 45  21   8   6]
 [ 49  49  19  39]]
Validation normalized_cm: [[0.576 0.332 0.064 0.028]
 [0.53  0.431 0.008 0.031]
 [0.562 0.263 0.1   0.075]
 [0.314 0.314 0.122 0.25 ]]
Validation acc: 0.47435897435897434
Validation class_accuracies: [0.5757575757575758, 0.4312393887945671, 0.1, 0.25]
Validation sensitivity: 0.36484848484848487
Validation specificity: 0.5757575757575758
Validation icbhi_score: 0.47030303030303033
Validation roc_auc: None
Validation avg_accuracy: 0.33924924113803573
Validation one_indexed_epoch: 16
The validation tracker metric at 0.5 hasn't increased by 0 in 15 epochs
Lr has been adjusted to 0.0001250000059371814
There is no such attribute
68/68 - 152s - loss: 0.6479 - accuracy: 0.7261 - 152s/epoch - 2s/step
Epoch 17/60
Validation cm: [[646 117  67  61]
 [457  88  23  21]
 [ 48  12  16   4]
 [ 70  38  31  17]]
Validation normalized_cm: [[0.725 0.131 0.075 0.068]
 [0.776 0.149 0.039 0.036]
 [0.6   0.15  0.2   0.05 ]
 [0.449 0.244 0.199 0.109]]
Validation acc: 0.44696969696969696
Validation class_accuracies: [0.7250280583613917, 0.1494057724957555, 0.2, 0.10897435897435898]
Validation sensitivity: 0.14666666666666667
Validation specificity: 0.7250280583613917
Validation icbhi_score: 0.4358473625140292
Validation roc_auc: None
Validation avg_accuracy: 0.2958520474578766
Validation one_indexed_epoch: 17
The validation tracker metric at 0.5 hasn't increased by 0 in 16 epochs
There is no such attribute
68/68 - 151s - loss: 0.5815 - accuracy: 0.7632 - 151s/epoch - 2s/step
Epoch 18/60
Validation cm: [[693 111  44  43]
 [469  92  17  11]
 [ 55  12   9   4]
 [ 76  43  15  22]]
Validation normalized_cm: [[0.778 0.125 0.049 0.048]
 [0.796 0.156 0.029 0.019]
 [0.688 0.15  0.113 0.05 ]
 [0.487 0.276 0.096 0.141]]
Validation acc: 0.4755244755244755
Validation class_accuracies: [0.7777777777777778, 0.15619694397283532, 0.1125, 0.14102564102564102]
Validation sensitivity: 0.14909090909090908
Validation specificity: 0.7777777777777778
Validation icbhi_score: 0.4634343434343434
Validation roc_auc: None
Validation avg_accuracy: 0.29687509069406354
Validation one_indexed_epoch: 18
The validation tracker metric at 0.5 hasn't increased by 0 in 17 epochs
There is no such attribute
68/68 - 148s - loss: 0.5436 - accuracy: 0.7843 - 148s/epoch - 2s/step
Epoch 19/60
Validation cm: [[552 265  19  55]
 [381 181  16  11]
 [ 39  27   7   7]
 [ 51  60   9  36]]
Validation normalized_cm: [[0.62  0.297 0.021 0.062]
 [0.647 0.307 0.027 0.019]
 [0.487 0.338 0.087 0.087]
 [0.327 0.385 0.058 0.231]]
Validation acc: 0.4522144522144522
Validation class_accuracies: [0.6195286195286195, 0.3073005093378608, 0.0875, 0.23076923076923078]
Validation sensitivity: 0.27151515151515154
Validation specificity: 0.6195286195286195
Validation icbhi_score: 0.44552188552188554
Validation roc_auc: None
Validation avg_accuracy: 0.31127458990892776
Validation one_indexed_epoch: 19
The validation tracker metric at 0.5 hasn't increased by 0 in 18 epochs
There is no such attribute
68/68 - 149s - loss: 0.5178 - accuracy: 0.7949 - 149s/epoch - 2s/step
Epoch 20/60
Validation cm: [[215 656   1  19]
 [103 464   6  16]
 [ 10  63   0   7]
 [ 10 113   0  33]]
Validation normalized_cm: [[0.241 0.736 0.001 0.021]
 [0.175 0.788 0.01  0.027]
 [0.125 0.787 0.    0.087]
 [0.064 0.724 0.    0.212]]
Validation acc: 0.4149184149184149
Validation class_accuracies: [0.24130190796857465, 0.7877758913412564, 0.0, 0.21153846153846154]
Validation sensitivity: 0.6024242424242424
Validation specificity: 0.24130190796857465
Validation icbhi_score: 0.42186307519640853
Validation roc_auc: None
Validation avg_accuracy: 0.3101540652120731
Validation one_indexed_epoch: 20
The validation tracker metric at 0.5 hasn't increased by 0 in 19 epochs
There is no such attribute
68/68 - 154s - loss: 0.4725 - accuracy: 0.8112 - 154s/epoch - 2s/step
Epoch 21/60
Validation cm: [[570 211  52  58]
 [403 154  13  19]
 [ 39  23  10   8]
 [ 54  57  11  34]]
Validation normalized_cm: [[0.64  0.237 0.058 0.065]
 [0.684 0.261 0.022 0.032]
 [0.487 0.287 0.125 0.1  ]
 [0.346 0.365 0.071 0.218]]
Validation acc: 0.44755244755244755
Validation class_accuracies: [0.6397306397306397, 0.2614601018675722, 0.125, 0.21794871794871795]
Validation sensitivity: 0.24
Validation specificity: 0.6397306397306397
Validation icbhi_score: 0.43986531986531985
Validation roc_auc: None
Validation avg_accuracy: 0.3110348648867325
Validation one_indexed_epoch: 21
The validation tracker metric at 0.5 hasn't increased by 0 in 20 epochs
Lr has been adjusted to 6.25000029685907e-05
Mel loss: <tf.Variable 'Variable:0' shape=() dtype=float32, numpy=0.5>
sinc loss: <tf.Variable 'Variable:0' shape=() dtype=float32, numpy=0.5>
There is no such attribute
68/68 - 152s - loss: 0.4700 - accuracy: 0.8188 - 152s/epoch - 2s/step
Epoch 22/60
Validation cm: [[696 115  37  43]
 [504  54  16  15]
 [ 57  11  10   2]
 [ 82  33  21  20]]
Validation normalized_cm: [[0.781 0.129 0.042 0.048]
 [0.856 0.092 0.027 0.025]
 [0.713 0.138 0.125 0.025]
 [0.526 0.212 0.135 0.128]]
Validation acc: 0.45454545454545453
Validation class_accuracies: [0.7811447811447811, 0.09168081494057725, 0.125, 0.1282051282051282]
Validation sensitivity: 0.10181818181818182
Validation specificity: 0.7811447811447811
Validation icbhi_score: 0.4414814814814815
Validation roc_auc: None
Validation avg_accuracy: 0.28150768107262164
Validation one_indexed_epoch: 22
The validation tracker metric at 0.5 hasn't increased by 0 in 21 epochs
There is no such attribute
68/68 - 152s - loss: 0.3963 - accuracy: 0.8517 - 152s/epoch - 2s/step
Epoch 23/60
Validation cm: [[684  91  51  65]
 [474  80  20  15]
 [ 48   9  16   7]
 [ 80  32  16  28]]
Validation normalized_cm: [[0.768 0.102 0.057 0.073]
 [0.805 0.136 0.034 0.025]
 [0.6   0.113 0.2   0.087]
 [0.513 0.205 0.103 0.179]]
Validation acc: 0.47086247086247085
Validation class_accuracies: [0.7676767676767676, 0.13582342954159593, 0.2, 0.1794871794871795]
Validation sensitivity: 0.1503030303030303
Validation specificity: 0.7676767676767676
Validation icbhi_score: 0.45898989898989895
Validation roc_auc: None
Validation avg_accuracy: 0.32074684417638577
Validation one_indexed_epoch: 23
The validation tracker metric at 0.5 hasn't increased by 0 in 22 epochs
There is no such attribute
68/68 - 152s - loss: 0.3821 - accuracy: 0.8593 - 152s/epoch - 2s/step
Epoch 24/60
Validation cm: [[514 279  33  65]
 [328 230  14  17]
 [ 39  25   9   7]
 [ 48  65   8  35]]
Validation normalized_cm: [[0.577 0.313 0.037 0.073]
 [0.557 0.39  0.024 0.029]
 [0.487 0.312 0.113 0.087]
 [0.308 0.417 0.051 0.224]]
Validation acc: 0.4592074592074592
Validation class_accuracies: [0.5768799102132436, 0.3904923599320883, 0.1125, 0.22435897435897437]
Validation sensitivity: 0.3321212121212121
Validation specificity: 0.5768799102132436
Validation icbhi_score: 0.4545005611672278
Validation roc_auc: None
Validation avg_accuracy: 0.32605781112607657
Validation one_indexed_epoch: 24
The validation tracker metric at 0.5 hasn't increased by 0 in 23 epochs
There is no such attribute
68/68 - 157s - loss: 0.3586 - accuracy: 0.8655 - 157s/epoch - 2s/step
Epoch 25/60
Validation cm: [[541 264  34  52]
 [354 208  14  13]
 [ 40  26  11   3]
 [ 51  60  11  34]]
Validation normalized_cm: [[0.607 0.296 0.038 0.058]
 [0.601 0.353 0.024 0.022]
 [0.5   0.325 0.138 0.037]
 [0.327 0.385 0.071 0.218]]
Validation acc: 0.4627039627039627
Validation class_accuracies: [0.6071829405162739, 0.3531409168081494, 0.1375, 0.21794871794871795]
Validation sensitivity: 0.30666666666666664
Validation specificity: 0.6071829405162739
Validation icbhi_score: 0.45692480359147025
Validation roc_auc: None
Validation avg_accuracy: 0.32894314381828527
Validation one_indexed_epoch: 25
The validation tracker metric at 0.5 hasn't increased by 0 in 24 epochs
There is no such attribute
68/68 - 152s - loss: 0.3387 - accuracy: 0.8733 - 152s/epoch - 2s/step
Epoch 26/60
Validation cm: [[537 206  72  76]
 [344 198  26  21]
 [ 40  17  15   8]
 [ 64  38  20  34]]
Validation normalized_cm: [[0.603 0.231 0.081 0.085]
 [0.584 0.336 0.044 0.036]
 [0.5   0.212 0.188 0.1  ]
 [0.41  0.244 0.128 0.218]]
Validation acc: 0.4568764568764569
Validation class_accuracies: [0.6026936026936027, 0.3361629881154499, 0.1875, 0.21794871794871795]
Validation sensitivity: 0.2993939393939394
Validation specificity: 0.6026936026936027
Validation icbhi_score: 0.451043771043771
Validation roc_auc: None
Validation avg_accuracy: 0.3360763271894427
Validation one_indexed_epoch: 26
The number of epochs since last 1% equals the patience
Lr has been adjusted to 3.125000148429535e-05
There is no such attribute
68/68 - 152s - loss: 0.3274 - accuracy: 0.8779 - 152s/epoch - 2s/step
----------------------------------
The best metrics for this job are: 

Best icbhi_score: 0.5
Best cm: [[891   0   0   0]
 [589   0   0   0]
 [ 80   0   0   0]
 [156   0   0   0]]
Best normalized_cm: [[1. 0. 0. 0.]
 [1. 0. 0. 0.]
 [1. 0. 0. 0.]
 [1. 0. 0. 0.]]
Best acc: 0.5192307692307693
Best class_accuracies: [1.0, 0.0, 0.0, 0.0]
Best sensitivity: 0.0
Best specificity: 1.0
Best roc_auc: None
Best avg_accuracy: 0.25
Best one_indexed_epoch: 1
icbhi_score
model
cm
normalized_cm
acc
class_accuracies
sensitivity
specificity
roc_auc
avg_accuracy
one_indexed_epoch
{'loss': [1.3029639720916748, 1.2444615364074707, 1.2011423110961914, 1.1682685613632202, 1.1110056638717651, 1.0570952892303467, 0.9688022136688232, 0.9302129149436951, 0.9108395576477051, 0.8729684352874756, 0.8543079495429993, 0.766396164894104, 0.7465996146202087, 0.7120861411094666, 0.6826155185699463, 0.6479091048240662, 0.5814714431762695, 0.5436359643936157, 0.5177523493766785, 0.4724772274494171, 0.46995851397514343, 0.39626359939575195, 0.38210156559944153, 0.35858702659606934, 0.33874595165252686, 0.32742974162101746], 'accuracy': [0.37686824798583984, 0.412738561630249, 0.4359622895717621, 0.46884340047836304, 0.4950563311576843, 0.4934467673301697, 0.5488618016242981, 0.5720855593681335, 0.587261438369751, 0.6081857681274414, 0.621292233467102, 0.660611629486084, 0.6734881401062012, 0.6921131014823914, 0.7213152647018433, 0.7261439561843872, 0.7631639242172241, 0.784318208694458, 0.794895350933075, 0.8112209439277649, 0.818808913230896, 0.8516900539398193, 0.8592780232429504, 0.8654863238334656, 0.8733041882514954, 0.8779029846191406]}
Job dir: ../cache/cw/train132/2
Job id is 3.
Job dir: ../cache/cw/train132/3
- Loading Icbhi.
725 Icbhi audios have been loaded.
- Preparing Icbhi.
112 Icbhi groups of audio chunks (by filename or patients) have been prepared.
--- Samples are being split into training/val groups and de-grouped by patient ---
Job id is 4.
lengths
4349
1716
-----------------------
--- Final training dataset went from 0 to 4349 elements, with 0 none's, 0 crakles, 0 wheezes and 0 both ---
--- Final Validation dataset contains 1716 elements, with 0 none, 0 crackles, 0 wheezes and 0 both ---
Initializing weights...
Model: "leaf_model9_model_efnet"
______________________________________________________________________________________________________________
 Layer (type)                                    Output Shape                                Param #          
==============================================================================================================
 mel_filterbanks_2 (MelFilterbanks)              multiple                                    0                
                                                                                                              
 mel_filterbanks_3 (MelFilterbanks)              multiple                                    0 (unused)       
                                                                                                              
 sincnet (SincNet)                               multiple                                    0 (unused)       
                                                                                                              
 sequential_6 (Sequential)                       (None, 4)                                   6580363          
                                                                                                              
==============================================================================================================
Total params: 6,580,525
Trainable params: 6,518,470
Non-trainable params: 62,055
______________________________________________________________________________________________________________
Target metric is icbhi_score
Epoch 1/60
/home/alirachidi/classification_algorithm/trainers/modules/main/global_helpers.py:48: UserWarning: Matplotlib is currently using agg, which is a non-GUI backend, so cannot show the figure.
  plt.show()
WARNING:tensorflow:Gradients do not exist for variables ['kernel:0', 'Variable:0', 'Variable:0'] when minimizing the loss. If you're using `model.compile()`, did you forget to provide a `loss`argument?
WARNING:tensorflow:Gradients do not exist for variables ['kernel:0', 'Variable:0', 'Variable:0'] when minimizing the loss. If you're using `model.compile()`, did you forget to provide a `loss`argument?
WARNING:tensorflow:Gradients do not exist for variables ['kernel:0', 'Variable:0', 'Variable:0'] when minimizing the loss. If you're using `model.compile()`, did you forget to provide a `loss`argument?
WARNING:tensorflow:Gradients do not exist for variables ['kernel:0', 'Variable:0', 'Variable:0'] when minimizing the loss. If you're using `model.compile()`, did you forget to provide a `loss`argument?
Validation cm: [[293 594   4   0]
 [116 473   0   0]
 [ 34  46   0   0]
 [ 52 104   0   0]]
Validation normalized_cm: [[0.329 0.667 0.004 0.   ]
 [0.197 0.803 0.    0.   ]
 [0.425 0.575 0.    0.   ]
 [0.333 0.667 0.    0.   ]]
Validation acc: 0.44638694638694637
Validation class_accuracies: [0.3288439955106622, 0.8030560271646859, 0.0, 0.0]
Validation sensitivity: 0.5733333333333334
Validation specificity: 0.3288439955106622
Validation icbhi_score: 0.4510886644219978
Validation roc_auc: None
Validation avg_accuracy: 0.28297500566883704
Validation one_indexed_epoch: 1
-- New best results were achieved. --
There is no such attribute
68/68 - 152s - loss: 1.0655 - accuracy: 0.5332 - 152s/epoch - 2s/step
Epoch 2/60
Validation cm: [[879   1   5   6]
 [588   0   0   1]
 [ 79   0   0   1]
 [144   3   2   7]]
Validation normalized_cm: [[0.987 0.001 0.006 0.007]
 [0.998 0.    0.    0.002]
 [0.988 0.    0.    0.013]
 [0.923 0.019 0.013 0.045]]
Validation acc: 0.5163170163170163
Validation class_accuracies: [0.9865319865319865, 0.0, 0.0, 0.04487179487179487]
Validation sensitivity: 0.008484848484848486
Validation specificity: 0.9865319865319865
Validation icbhi_score: 0.4975084175084175
Validation roc_auc: None
Validation avg_accuracy: 0.2578509453509453
Validation one_indexed_epoch: 2
-- New best results were achieved. --
There is no such attribute
68/68 - 135s - loss: 0.7315 - accuracy: 0.6997 - 135s/epoch - 2s/step
Epoch 3/60
Validation cm: [[877   2  12   0]
 [588   0   1   0]
 [ 77   0   2   1]
 [148   0   8   0]]
Validation normalized_cm: [[0.984 0.002 0.013 0.   ]
 [0.998 0.    0.002 0.   ]
 [0.963 0.    0.025 0.013]
 [0.949 0.    0.051 0.   ]]
Validation acc: 0.5122377622377622
Validation class_accuracies: [0.9842873176206509, 0.0, 0.025, 0.0]
Validation sensitivity: 0.0024242424242424242
Validation specificity: 0.9842873176206509
Validation icbhi_score: 0.4933557800224467
Validation roc_auc: None
Validation avg_accuracy: 0.25232182940516273
Validation one_indexed_epoch: 3
The validation tracker metric at 0.4975084175084175 hasn't increased by 0 in 1 epochs
There is no such attribute
68/68 - 135s - loss: 0.5554 - accuracy: 0.7744 - 135s/epoch - 2s/step
Epoch 4/60
Validation cm: [[891   0   0   0]
 [589   0   0   0]
 [ 80   0   0   0]
 [155   1   0   0]]
Validation normalized_cm: [[1.    0.    0.    0.   ]
 [1.    0.    0.    0.   ]
 [1.    0.    0.    0.   ]
 [0.994 0.006 0.    0.   ]]
Validation acc: 0.5192307692307693
Validation class_accuracies: [1.0, 0.0, 0.0, 0.0]
Validation sensitivity: 0.0
Validation specificity: 1.0
Validation icbhi_score: 0.5
Validation roc_auc: None
Validation avg_accuracy: 0.25
Validation one_indexed_epoch: 4
-- New best results were achieved. --
There is no such attribute
68/68 - 135s - loss: 0.4048 - accuracy: 0.8457 - 135s/epoch - 2s/step
Epoch 5/60
Validation cm: [[861   9  14   7]
 [567  21   1   0]
 [ 74   0   4   2]
 [130   8  15   3]]
Validation normalized_cm: [[0.966 0.01  0.016 0.008]
 [0.963 0.036 0.002 0.   ]
 [0.925 0.    0.05  0.025]
 [0.833 0.051 0.096 0.019]]
Validation acc: 0.5180652680652681
Validation class_accuracies: [0.9663299663299664, 0.035653650254668934, 0.05, 0.019230769230769232]
Validation sensitivity: 0.03393939393939394
Validation specificity: 0.9663299663299664
Validation icbhi_score: 0.5001346801346802
Validation roc_auc: None
Validation avg_accuracy: 0.26780359645385116
Validation one_indexed_epoch: 5
-- New best results were achieved. --
There is no such attribute
68/68 - 136s - loss: 0.3147 - accuracy: 0.8814 - 136s/epoch - 2s/step
Epoch 6/60
Validation cm: [[860  22   3   6]
 [548  29   1  11]
 [ 73   2   2   3]
 [122   7  20   7]]
Validation normalized_cm: [[0.965 0.025 0.003 0.007]
 [0.93  0.049 0.002 0.019]
 [0.912 0.025 0.025 0.037]
 [0.782 0.045 0.128 0.045]]
Validation acc: 0.5233100233100233
Validation class_accuracies: [0.9652076318742986, 0.04923599320882852, 0.025, 0.04487179487179487]
Validation sensitivity: 0.04606060606060606
Validation specificity: 0.9652076318742986
Validation icbhi_score: 0.5056341189674524
Validation roc_auc: None
Validation avg_accuracy: 0.27107885498873047
Validation one_indexed_epoch: 6
-- New best results were achieved. --
There is no such attribute
68/68 - 137s - loss: 0.2465 - accuracy: 0.9078 - 137s/epoch - 2s/step
Epoch 7/60
Validation cm: [[881   6   4   0]
 [556  33   0   0]
 [ 73   0   3   4]
 [133  11   8   4]]
Validation normalized_cm: [[0.989 0.007 0.004 0.   ]
 [0.944 0.056 0.    0.   ]
 [0.912 0.    0.037 0.05 ]
 [0.853 0.071 0.051 0.026]]
Validation acc: 0.5367132867132867
Validation class_accuracies: [0.9887766554433222, 0.05602716468590832, 0.0375, 0.02564102564102564]
Validation sensitivity: 0.048484848484848485
Validation specificity: 0.9887766554433222
Validation icbhi_score: 0.5186307519640854
Validation roc_auc: None
Validation avg_accuracy: 0.276986211442564
Validation one_indexed_epoch: 7
-- New best results were achieved. --
There is no such attribute
68/68 - 137s - loss: 0.1979 - accuracy: 0.9322 - 137s/epoch - 2s/step
Epoch 8/60
Validation cm: [[809  16  60   6]
 [527  47  11   4]
 [ 53   1  12  14]
 [ 93  12  46   5]]
Validation normalized_cm: [[0.908 0.018 0.067 0.007]
 [0.895 0.08  0.019 0.007]
 [0.662 0.013 0.15  0.175]
 [0.596 0.077 0.295 0.032]]
Validation acc: 0.5087412587412588
Validation class_accuracies: [0.9079685746352413, 0.07979626485568761, 0.15, 0.03205128205128205]
Validation sensitivity: 0.07757575757575758
Validation specificity: 0.9079685746352413
Validation icbhi_score: 0.49277216610549945
Validation roc_auc: None
Validation avg_accuracy: 0.29245403038555273
Validation one_indexed_epoch: 8
The validation tracker metric at 0.5186307519640854 hasn't increased by 0 in 1 epochs
There is no such attribute
68/68 - 137s - loss: 0.1250 - accuracy: 0.9552 - 137s/epoch - 2s/step
Epoch 9/60
Validation cm: [[871  17   3   0]
 [539  47   3   0]
 [ 66   5   7   2]
 [116  13  26   1]]
Validation normalized_cm: [[0.978 0.019 0.003 0.   ]
 [0.915 0.08  0.005 0.   ]
 [0.825 0.062 0.087 0.025]
 [0.744 0.083 0.167 0.006]]
Validation acc: 0.5396270396270396
Validation class_accuracies: [0.9775533108866442, 0.07979626485568761, 0.0875, 0.00641025641025641]
Validation sensitivity: 0.06666666666666667
Validation specificity: 0.9775533108866442
Validation icbhi_score: 0.5221099887766555
Validation roc_auc: None
Validation avg_accuracy: 0.28781495803814705
Validation one_indexed_epoch: 9
-- New best results were achieved. --
There is no such attribute
68/68 - 137s - loss: 0.1184 - accuracy: 0.9600 - 137s/epoch - 2s/step
Epoch 10/60
Validation cm: [[768  57  66   0]
 [510  58  19   2]
 [ 51   3  22   4]
 [ 97  13  44   2]]
Validation normalized_cm: [[0.862 0.064 0.074 0.   ]
 [0.866 0.098 0.032 0.003]
 [0.637 0.037 0.275 0.05 ]
 [0.622 0.083 0.282 0.013]]
Validation acc: 0.49533799533799533
Validation class_accuracies: [0.8619528619528619, 0.09847198641765705, 0.275, 0.01282051282051282]
Validation sensitivity: 0.0993939393939394
Validation specificity: 0.8619528619528619
Validation icbhi_score: 0.48067340067340064
Validation roc_auc: None
Validation avg_accuracy: 0.31206134029775795
Validation one_indexed_epoch: 10
The validation tracker metric at 0.5221099887766555 hasn't increased by 0 in 1 epochs
There is no such attribute
68/68 - 137s - loss: 0.1285 - accuracy: 0.9524 - 137s/epoch - 2s/step
Epoch 11/60
Validation cm: [[686  39  92  74]
 [416  67  19  87]
 [ 34   0  27  19]
 [ 72   7  51  26]]
Validation normalized_cm: [[0.77  0.044 0.103 0.083]
 [0.706 0.114 0.032 0.148]
 [0.425 0.    0.338 0.237]
 [0.462 0.045 0.327 0.167]]
Validation acc: 0.4696969696969697
Validation class_accuracies: [0.7699214365881033, 0.11375212224108659, 0.3375, 0.16666666666666666]
Validation sensitivity: 0.14545454545454545
Validation specificity: 0.7699214365881033
Validation icbhi_score: 0.4576879910213244
Validation roc_auc: None
Validation avg_accuracy: 0.34696005637396415
Validation one_indexed_epoch: 11
The validation tracker metric at 0.5221099887766555 hasn't increased by 0 in 2 epochs
Mel loss: <tf.Variable 'Variable:0' shape=() dtype=float32, numpy=0.5>
sinc loss: <tf.Variable 'Variable:0' shape=() dtype=float32, numpy=0.5>
There is no such attribute
68/68 - 138s - loss: 0.1148 - accuracy: 0.9609 - 138s/epoch - 2s/step
Epoch 12/60
Validation cm: [[670 115 104   2]
 [393 152  38   6]
 [ 40   7  30   3]
 [ 63  37  54   2]]
Validation normalized_cm: [[0.752 0.129 0.117 0.002]
 [0.667 0.258 0.065 0.01 ]
 [0.5   0.087 0.375 0.037]
 [0.404 0.237 0.346 0.013]]
Validation acc: 0.4976689976689977
Validation class_accuracies: [0.7519640852974186, 0.25806451612903225, 0.375, 0.01282051282051282]
Validation sensitivity: 0.22303030303030302
Validation specificity: 0.7519640852974186
Validation icbhi_score: 0.48749719416386084
Validation roc_auc: None
Validation avg_accuracy: 0.34946227856174095
Validation one_indexed_epoch: 12
The validation tracker metric at 0.5221099887766555 hasn't increased by 0 in 3 epochs
There is no such attribute
68/68 - 138s - loss: 0.1123 - accuracy: 0.9618 - 138s/epoch - 2s/step
Epoch 13/60
Validation cm: [[642 150  27  72]
 [405 151   8  25]
 [ 36  11   3  30]
 [ 65  18  20  53]]
Validation normalized_cm: [[0.721 0.168 0.03  0.081]
 [0.688 0.256 0.014 0.042]
 [0.45  0.138 0.037 0.375]
 [0.417 0.115 0.128 0.34 ]]
Validation acc: 0.49475524475524474
Validation class_accuracies: [0.7205387205387206, 0.2563667232597623, 0.0375, 0.33974358974358976]
Validation sensitivity: 0.2509090909090909
Validation specificity: 0.7205387205387206
Validation icbhi_score: 0.4857239057239058
Validation roc_auc: None
Validation avg_accuracy: 0.3385372583855182
Validation one_indexed_epoch: 13
The validation tracker metric at 0.5221099887766555 hasn't increased by 0 in 4 epochs
There is no such attribute
68/68 - 138s - loss: 0.0904 - accuracy: 0.9669 - 138s/epoch - 2s/step
Epoch 14/60
Validation cm: [[758   7 118   8]
 [511  31  42   5]
 [ 71   0   9   0]
 [143   3  10   0]]
Validation normalized_cm: [[0.851 0.008 0.132 0.009]
 [0.868 0.053 0.071 0.008]
 [0.887 0.    0.113 0.   ]
 [0.917 0.019 0.064 0.   ]]
Validation acc: 0.46503496503496505
Validation class_accuracies: [0.8507295173961841, 0.05263157894736842, 0.1125, 0.0]
Validation sensitivity: 0.048484848484848485
Validation specificity: 0.8507295173961841
Validation icbhi_score: 0.44960718294051627
Validation roc_auc: None
Validation avg_accuracy: 0.25396527408588815
Validation one_indexed_epoch: 14
The validation tracker metric at 0.5221099887766555 hasn't increased by 0 in 5 epochs
Lr has been adjusted to 0.0005000000237487257
There is no such attribute
68/68 - 137s - loss: 0.0748 - accuracy: 0.9719 - 137s/epoch - 2s/step
Epoch 15/60
Validation cm: [[570 269  22  30]
 [237 323   5  24]
 [ 25  28   9  18]
 [ 38  59  20  39]]
Validation normalized_cm: [[0.64  0.302 0.025 0.034]
 [0.402 0.548 0.008 0.041]
 [0.312 0.35  0.113 0.225]
 [0.244 0.378 0.128 0.25 ]]
Validation acc: 0.5483682983682984
Validation class_accuracies: [0.6397306397306397, 0.5483870967741935, 0.1125, 0.25]
Validation sensitivity: 0.4496969696969697
Validation specificity: 0.6397306397306397
Validation icbhi_score: 0.5447138047138047
Validation roc_auc: None
Validation avg_accuracy: 0.3876544341262083
Validation one_indexed_epoch: 15
-- New best results were achieved. --
There is no such attribute
68/68 - 138s - loss: 0.0451 - accuracy: 0.9841 - 138s/epoch - 2s/step
Epoch 16/60
