Tensorflow Version: 2.8.0
Num GPUs Available:  1
Collecting Variables...
All variables have been collected.
../cache/
cw
train133
Description:  debugging, mel, no normalizing, 1 optimizer w adaptive lr, overlap threshold = 0.15, 4 one hot encoder, softmax, oversampling, no spectral loss
-----------------------
Job id is 1.
Job dir: ../cache/cw/train133/1
- Loading Icbhi.
725 Icbhi audios have been loaded.
- Preparing Icbhi.
112 Icbhi groups of audio chunks (by filename or patients) have been prepared.
--- Samples are being split into training/val groups and de-grouped by patient ---
Job id is 2.
lengths
4349
1716
-----------------------
--- Final training dataset went from 0 to 4349 elements, with 0 none's, 0 crakles, 0 wheezes and 0 both ---
--- Final Validation dataset contains 1716 elements, with 0 none, 0 crackles, 0 wheezes and 0 both ---
Initializing weights...
Model: "leaf_model9_model_efnet1"
______________________________________________________________________________________________________________
 Layer (type)                                    Output Shape                                Param #          
==============================================================================================================
 mel_filterbanks (MelFilterbanks)                multiple                                    0                
                                                                                                              
 mel_filterbanks_1 (MelFilterbanks)              multiple                                    0 (unused)       
                                                                                                              
 sincnet (SincNet)                               multiple                                    0 (unused)       
                                                                                                              
 sequential (Sequential)                         (None, 4)                                   6580363          
                                                                                                              
==============================================================================================================
Total params: 6,580,525
Trainable params: 6,518,470
Non-trainable params: 62,055
______________________________________________________________________________________________________________
Target metric is icbhi_score
Epoch 1/60
WARNING:tensorflow:Gradients do not exist for variables ['kernel:0', 'Variable:0', 'Variable:0'] when minimizing the loss. If you're using `model.compile()`, did you forget to provide a `loss`argument?
WARNING:tensorflow:Gradients do not exist for variables ['kernel:0', 'Variable:0', 'Variable:0'] when minimizing the loss. If you're using `model.compile()`, did you forget to provide a `loss`argument?
WARNING:tensorflow:Gradients do not exist for variables ['kernel:0', 'Variable:0', 'Variable:0'] when minimizing the loss. If you're using `model.compile()`, did you forget to provide a `loss`argument?
WARNING:tensorflow:Gradients do not exist for variables ['kernel:0', 'Variable:0', 'Variable:0'] when minimizing the loss. If you're using `model.compile()`, did you forget to provide a `loss`argument?
Validation cm: [[890   0   1   0]
 [587   0   2   0]
 [ 77   0   3   0]
 [156   0   0   0]]
Validation normalized_cm: [[0.999 0.    0.001 0.   ]
 [0.997 0.    0.003 0.   ]
 [0.963 0.    0.037 0.   ]
 [1.    0.    0.    0.   ]]
Validation acc: 0.5203962703962703
Validation class_accuracies: [0.9988776655443322, 0.0, 0.0375, 0.0]
Validation sensitivity: 0.0036363636363636364
Validation specificity: 0.9988776655443322
Validation icbhi_score: 0.5012570145903479
Validation roc_auc: None
Validation avg_accuracy: 0.25909441638608305
Validation one_indexed_epoch: 1
-- New best results were achieved. --
There is no such attribute
68/68 - 164s - loss: 1.0927 - accuracy: 0.5178 - 164s/epoch - 2s/step
Epoch 2/60
Validation cm: [[891   0   0   0]
 [589   0   0   0]
 [ 77   0   3   0]
 [156   0   0   0]]
Validation normalized_cm: [[1.    0.    0.    0.   ]
 [1.    0.    0.    0.   ]
 [0.963 0.    0.037 0.   ]
 [1.    0.    0.    0.   ]]
Validation acc: 0.5209790209790209
Validation class_accuracies: [1.0, 0.0, 0.0375, 0.0]
Validation sensitivity: 0.0036363636363636364
Validation specificity: 1.0
Validation icbhi_score: 0.5018181818181818
Validation roc_auc: None
Validation avg_accuracy: 0.259375
Validation one_indexed_epoch: 2
-- New best results were achieved. --
There is no such attribute
68/68 - 148s - loss: 0.7962 - accuracy: 0.6726 - 148s/epoch - 2s/step
Epoch 3/60
Validation cm: [[888   0   3   0]
 [588   0   0   1]
 [ 76   0   0   4]
 [137   0   1  18]]
Validation normalized_cm: [[0.997 0.    0.003 0.   ]
 [0.998 0.    0.    0.002]
 [0.95  0.    0.    0.05 ]
 [0.878 0.    0.006 0.115]]
Validation acc: 0.527972027972028
Validation class_accuracies: [0.9966329966329966, 0.0, 0.0, 0.11538461538461539]
Validation sensitivity: 0.02181818181818182
Validation specificity: 0.9966329966329966
Validation icbhi_score: 0.5092255892255892
Validation roc_auc: None
Validation avg_accuracy: 0.278004403004403
Validation one_indexed_epoch: 3
-- New best results were achieved. --
There is no such attribute
68/68 - 151s - loss: 0.5729 - accuracy: 0.7797 - 151s/epoch - 2s/step
Epoch 4/60
Validation cm: [[886   0   5   0]
 [587   1   1   0]
 [ 76   0   3   1]
 [155   0   1   0]]
Validation normalized_cm: [[0.994 0.    0.006 0.   ]
 [0.997 0.002 0.002 0.   ]
 [0.95  0.    0.037 0.013]
 [0.994 0.    0.006 0.   ]]
Validation acc: 0.5186480186480187
Validation class_accuracies: [0.9943883277216611, 0.001697792869269949, 0.0375, 0.0]
Validation sensitivity: 0.0048484848484848485
Validation specificity: 0.9943883277216611
Validation icbhi_score: 0.499618406285073
Validation roc_auc: None
Validation avg_accuracy: 0.2583965301477328
Validation one_indexed_epoch: 4
The validation tracker metric at 0.5092255892255892 hasn't increased by 0 in 1 epochs
There is no such attribute
68/68 - 151s - loss: 0.4410 - accuracy: 0.8303 - 151s/epoch - 2s/step
Epoch 5/60
Validation cm: [[891   0   0   0]
 [589   0   0   0]
 [ 80   0   0   0]
 [156   0   0   0]]
Validation normalized_cm: [[1. 0. 0. 0.]
 [1. 0. 0. 0.]
 [1. 0. 0. 0.]
 [1. 0. 0. 0.]]
Validation acc: 0.5192307692307693
Validation class_accuracies: [1.0, 0.0, 0.0, 0.0]
Validation sensitivity: 0.0
Validation specificity: 1.0
Validation icbhi_score: 0.5
Validation roc_auc: None
Validation avg_accuracy: 0.25
Validation one_indexed_epoch: 5
The validation tracker metric at 0.5092255892255892 hasn't increased by 0 in 2 epochs
There is no such attribute
68/68 - 150s - loss: 0.3012 - accuracy: 0.8945 - 150s/epoch - 2s/step
Epoch 6/60
Validation cm: [[881   0  10   0]
 [586   1   2   0]
 [ 73   0   7   0]
 [135   0  21   0]]
Validation normalized_cm: [[0.989 0.    0.011 0.   ]
 [0.995 0.002 0.003 0.   ]
 [0.912 0.    0.087 0.   ]
 [0.865 0.    0.135 0.   ]]
Validation acc: 0.5180652680652681
Validation class_accuracies: [0.9887766554433222, 0.001697792869269949, 0.0875, 0.0]
Validation sensitivity: 0.009696969696969697
Validation specificity: 0.9887766554433222
Validation icbhi_score: 0.4992368125701459
Validation roc_auc: None
Validation avg_accuracy: 0.26949361207814804
Validation one_indexed_epoch: 6
The validation tracker metric at 0.5092255892255892 hasn't increased by 0 in 3 epochs
There is no such attribute
68/68 - 150s - loss: 0.2593 - accuracy: 0.9030 - 150s/epoch - 2s/step
Epoch 7/60
Validation cm: [[890   0   1   0]
 [587   1   0   1]
 [ 78   0   2   0]
 [155   0   1   0]]
Validation normalized_cm: [[0.999 0.    0.001 0.   ]
 [0.997 0.002 0.    0.002]
 [0.975 0.    0.025 0.   ]
 [0.994 0.    0.006 0.   ]]
Validation acc: 0.5203962703962703
Validation class_accuracies: [0.9988776655443322, 0.001697792869269949, 0.025, 0.0]
Validation sensitivity: 0.0036363636363636364
Validation specificity: 0.9988776655443322
Validation icbhi_score: 0.5012570145903479
Validation roc_auc: None
Validation avg_accuracy: 0.2563938646034005
Validation one_indexed_epoch: 7
The validation tracker metric at 0.5092255892255892 hasn't increased by 0 in 4 epochs
There is no such attribute
68/68 - 151s - loss: 0.2017 - accuracy: 0.9276 - 151s/epoch - 2s/step
Epoch 8/60
Validation cm: [[664  85  17 125]
 [517  41   6  25]
 [ 32  11  13  24]
 [ 89   4  27  36]]
Validation normalized_cm: [[0.745 0.095 0.019 0.14 ]
 [0.878 0.07  0.01  0.042]
 [0.4   0.138 0.163 0.3  ]
 [0.571 0.026 0.173 0.231]]
Validation acc: 0.4393939393939394
Validation class_accuracies: [0.745230078563412, 0.06960950764006792, 0.1625, 0.23076923076923078]
Validation sensitivity: 0.10909090909090909
Validation specificity: 0.745230078563412
Validation icbhi_score: 0.42716049382716054
Validation roc_auc: None
Validation avg_accuracy: 0.30202720424317764
Validation one_indexed_epoch: 8
The validation tracker metric at 0.5092255892255892 hasn't increased by 0 in 5 epochs
Lr has been adjusted to 0.0005000000237487257
There is no such attribute
68/68 - 151s - loss: 0.1662 - accuracy: 0.9411 - 151s/epoch - 2s/step
Epoch 9/60
Validation cm: [[747  76  11  57]
 [495  77   6  11]
 [ 53   9   7  11]
 [ 99  18   8  31]]
Validation normalized_cm: [[0.838 0.085 0.012 0.064]
 [0.84  0.131 0.01  0.019]
 [0.662 0.113 0.087 0.138]
 [0.635 0.115 0.051 0.199]]
Validation acc: 0.5023310023310024
Validation class_accuracies: [0.8383838383838383, 0.1307300509337861, 0.0875, 0.1987179487179487]
Validation sensitivity: 0.1393939393939394
Validation specificity: 0.8383838383838383
Validation icbhi_score: 0.4888888888888889
Validation roc_auc: None
Validation avg_accuracy: 0.3138329595088933
Validation one_indexed_epoch: 9
The validation tracker metric at 0.5092255892255892 hasn't increased by 0 in 6 epochs
There is no such attribute
68/68 - 152s - loss: 0.0571 - accuracy: 0.9811 - 152s/epoch - 2s/step
Epoch 10/60
Validation cm: [[610 197  15  69]
 [441 121   7  20]
 [ 37  18  10  15]
 [ 83  27   5  41]]
Validation normalized_cm: [[0.685 0.221 0.017 0.077]
 [0.749 0.205 0.012 0.034]
 [0.463 0.225 0.125 0.188]
 [0.532 0.173 0.032 0.263]]
Validation acc: 0.4557109557109557
Validation class_accuracies: [0.6846240179573513, 0.20543293718166383, 0.125, 0.26282051282051283]
Validation sensitivity: 0.2084848484848485
Validation specificity: 0.6846240179573513
Validation icbhi_score: 0.4465544332210999
Validation roc_auc: None
Validation avg_accuracy: 0.319469366989882
Validation one_indexed_epoch: 10
The validation tracker metric at 0.5092255892255892 hasn't increased by 0 in 7 epochs
There is no such attribute
68/68 - 151s - loss: 0.0257 - accuracy: 0.9929 - 151s/epoch - 2s/step
Epoch 11/60
Validation cm: [[502 270  25  94]
 [312 246   6  25]
 [ 26  21  10  23]
 [ 53  52  16  35]]
Validation normalized_cm: [[0.563 0.303 0.028 0.105]
 [0.53  0.418 0.01  0.042]
 [0.325 0.263 0.125 0.287]
 [0.34  0.333 0.103 0.224]]
Validation acc: 0.4621212121212121
Validation class_accuracies: [0.5634118967452301, 0.41765704584040747, 0.125, 0.22435897435897437]
Validation sensitivity: 0.3527272727272727
Validation specificity: 0.5634118967452301
Validation icbhi_score: 0.45806958473625137
Validation roc_auc: None
Validation avg_accuracy: 0.332606979236153
Validation one_indexed_epoch: 11
The validation tracker metric at 0.5092255892255892 hasn't increased by 0 in 8 epochs
Mel loss: <tf.Variable 'Variable:0' shape=() dtype=float32, numpy=0.5>
sinc loss: <tf.Variable 'Variable:0' shape=() dtype=float32, numpy=0.5>
There is no such attribute
68/68 - 151s - loss: 0.0189 - accuracy: 0.9954 - 151s/epoch - 2s/step
Epoch 12/60
Validation cm: [[433 346  20  92]
 [218 333   3  35]
 [ 16  26   7  31]
 [ 34  65  10  47]]
Validation normalized_cm: [[0.486 0.388 0.022 0.103]
 [0.37  0.565 0.005 0.059]
 [0.2   0.325 0.087 0.388]
 [0.218 0.417 0.064 0.301]]
Validation acc: 0.47785547785547783
Validation class_accuracies: [0.48597081930415265, 0.565365025466893, 0.0875, 0.30128205128205127]
Validation sensitivity: 0.4690909090909091
Validation specificity: 0.48597081930415265
Validation icbhi_score: 0.4775308641975309
Validation roc_auc: None
Validation avg_accuracy: 0.36002947401327423
Validation one_indexed_epoch: 12
The validation tracker metric at 0.5092255892255892 hasn't increased by 0 in 9 epochs
There is no such attribute
68/68 - 152s - loss: 0.0197 - accuracy: 0.9947 - 152s/epoch - 2s/step
Epoch 13/60
Validation cm: [[536 259  42  54]
 [253 313   9  14]
 [ 29  23  16  12]
 [ 51  55  18  32]]
Validation normalized_cm: [[0.602 0.291 0.047 0.061]
 [0.43  0.531 0.015 0.024]
 [0.362 0.287 0.2   0.15 ]
 [0.327 0.353 0.115 0.205]]
Validation acc: 0.5227272727272727
Validation class_accuracies: [0.6015712682379349, 0.5314091680814941, 0.2, 0.20512820512820512]
Validation sensitivity: 0.43757575757575756
Validation specificity: 0.6015712682379349
Validation icbhi_score: 0.5195735129068463
Validation roc_auc: None
Validation avg_accuracy: 0.3845271603619085
Validation one_indexed_epoch: 13
-- New best results were achieved. --
There is no such attribute
68/68 - 150s - loss: 0.0204 - accuracy: 0.9943 - 150s/epoch - 2s/step
Epoch 14/60
Validation cm: [[493 261  62  75]
 [204 343  24  18]
 [ 36   6  22  16]
 [ 39  56  27  34]]
Validation normalized_cm: [[0.553 0.293 0.07  0.084]
 [0.346 0.582 0.041 0.031]
 [0.45  0.075 0.275 0.2  ]
 [0.25  0.359 0.173 0.218]]
Validation acc: 0.5198135198135199
Validation class_accuracies: [0.55331088664422, 0.5823429541595926, 0.275, 0.21794871794871795]
Validation sensitivity: 0.48363636363636364
Validation specificity: 0.55331088664422
Validation icbhi_score: 0.5184736251402918
Validation roc_auc: None
Validation avg_accuracy: 0.4071506396881327
Validation one_indexed_epoch: 14
The validation tracker metric at 0.5195735129068463 hasn't increased by 0 in 1 epochs
There is no such attribute
68/68 - 151s - loss: 0.0151 - accuracy: 0.9954 - 151s/epoch - 2s/step
Epoch 15/60
Validation cm: [[325 378  76 112]
 [185 344  30  30]
 [ 21  16  20  23]
 [ 36  60  33  27]]
Validation normalized_cm: [[0.365 0.424 0.085 0.126]
 [0.314 0.584 0.051 0.051]
 [0.263 0.2   0.25  0.287]
 [0.231 0.385 0.212 0.173]]
Validation acc: 0.4172494172494173
Validation class_accuracies: [0.36475869809203143, 0.5840407470288624, 0.25, 0.17307692307692307]
Validation sensitivity: 0.47393939393939394
Validation specificity: 0.36475869809203143
Validation icbhi_score: 0.41934904601571266
Validation roc_auc: None
Validation avg_accuracy: 0.34296909204945425
Validation one_indexed_epoch: 15
The validation tracker metric at 0.5195735129068463 hasn't increased by 0 in 2 epochs
There is no such attribute
68/68 - 152s - loss: 0.0186 - accuracy: 0.9938 - 152s/epoch - 2s/step
Epoch 16/60
Validation cm: [[738  72  46  35]
 [413 153  10  13]
 [ 51   4  16   9]
 [ 85  21  32  18]]
Validation normalized_cm: [[0.828 0.081 0.052 0.039]
 [0.701 0.26  0.017 0.022]
 [0.637 0.05  0.2   0.113]
 [0.545 0.135 0.205 0.115]]
Validation acc: 0.539044289044289
Validation class_accuracies: [0.8282828282828283, 0.2597623089983022, 0.2, 0.11538461538461539]
Validation sensitivity: 0.22666666666666666
Validation specificity: 0.8282828282828283
Validation icbhi_score: 0.5274747474747474
Validation roc_auc: None
Validation avg_accuracy: 0.3508574381664365
Validation one_indexed_epoch: 16
-- New best results were achieved. --
There is no such attribute
68/68 - 152s - loss: 0.0180 - accuracy: 0.9945 - 152s/epoch - 2s/step
Epoch 17/60
Validation cm: [[379 275 205  32]
 [146 352  72  19]
 [ 20   8  43   9]
 [ 25  37  78  16]]
Validation normalized_cm: [[0.425 0.309 0.23  0.036]
 [0.248 0.598 0.122 0.032]
 [0.25  0.1   0.537 0.113]
 [0.16  0.237 0.5   0.103]]
Validation acc: 0.4603729603729604
Validation class_accuracies: [0.42536475869809204, 0.597623089983022, 0.5375, 0.10256410256410256]
Validation sensitivity: 0.49818181818181817
Validation specificity: 0.42536475869809204
Validation icbhi_score: 0.46177328843995513
Validation roc_auc: None
Validation avg_accuracy: 0.41576298781130416
Validation one_indexed_epoch: 17
The validation tracker metric at 0.5274747474747474 hasn't increased by 0 in 1 epochs
There is no such attribute
68/68 - 152s - loss: 0.0237 - accuracy: 0.9922 - 152s/epoch - 2s/step
Epoch 18/60
Validation cm: [[666 104   8 113]
 [348 199   4  38]
 [ 47   3  10  20]
 [ 70  33  17  36]]
Validation normalized_cm: [[0.747 0.117 0.009 0.127]
 [0.591 0.338 0.007 0.065]
 [0.588 0.037 0.125 0.25 ]
 [0.449 0.212 0.109 0.231]]
Validation acc: 0.5308857808857809
Validation class_accuracies: [0.7474747474747475, 0.3378607809847199, 0.125, 0.23076923076923078]
Validation sensitivity: 0.296969696969697
Validation specificity: 0.7474747474747475
Validation icbhi_score: 0.5222222222222223
Validation roc_auc: None
Validation avg_accuracy: 0.3602761898071746
Validation one_indexed_epoch: 18
The validation tracker metric at 0.5274747474747474 hasn't increased by 0 in 2 epochs
There is no such attribute
68/68 - 152s - loss: 0.0272 - accuracy: 0.9910 - 152s/epoch - 2s/step
Epoch 19/60
Validation cm: [[836  18  32   5]
 [520  57   7   5]
 [ 71   0   7   2]
 [127   4  12  13]]
Validation normalized_cm: [[0.938 0.02  0.036 0.006]
 [0.883 0.097 0.012 0.008]
 [0.887 0.    0.087 0.025]
 [0.814 0.026 0.077 0.083]]
Validation acc: 0.532051282051282
Validation class_accuracies: [0.9382716049382716, 0.0967741935483871, 0.0875, 0.08333333333333333]
Validation sensitivity: 0.09333333333333334
Validation specificity: 0.9382716049382716
Validation icbhi_score: 0.5158024691358024
Validation roc_auc: None
Validation avg_accuracy: 0.30146978295499793
Validation one_indexed_epoch: 19
The validation tracker metric at 0.5274747474747474 hasn't increased by 0 in 3 epochs
There is no such attribute
68/68 - 152s - loss: 0.0301 - accuracy: 0.9910 - 152s/epoch - 2s/step
Epoch 20/60
Validation cm: [[660 106  69  56]
 [332 226  19  12]
 [ 51   0  16  13]
 [ 77  25  31  23]]
Validation normalized_cm: [[0.741 0.119 0.077 0.063]
 [0.564 0.384 0.032 0.02 ]
 [0.637 0.    0.2   0.163]
 [0.494 0.16  0.199 0.147]]
Validation acc: 0.539044289044289
Validation class_accuracies: [0.7407407407407407, 0.3837011884550085, 0.2, 0.14743589743589744]
Validation sensitivity: 0.3212121212121212
Validation specificity: 0.7407407407407407
Validation icbhi_score: 0.530976430976431
Validation roc_auc: None
Validation avg_accuracy: 0.36796945665791164
Validation one_indexed_epoch: 20
-- New best results were achieved. --
There is no such attribute
68/68 - 152s - loss: 0.0221 - accuracy: 0.9933 - 152s/epoch - 2s/step
Epoch 21/60
Validation cm: [[416 329  49  97]
 [175 375  12  27]
 [ 20  14  23  23]
 [ 38  61  35  22]]
Validation normalized_cm: [[0.467 0.369 0.055 0.109]
 [0.297 0.637 0.02  0.046]
 [0.25  0.175 0.287 0.287]
 [0.244 0.391 0.224 0.141]]
Validation acc: 0.48717948717948717
Validation class_accuracies: [0.4668911335578002, 0.6366723259762309, 0.2875, 0.14102564102564102]
Validation sensitivity: 0.509090909090909
Validation specificity: 0.4668911335578002
Validation icbhi_score: 0.4879910213243546
Validation roc_auc: None
Validation avg_accuracy: 0.38302227513991804
Validation one_indexed_epoch: 21
The validation tracker metric at 0.530976430976431 hasn't increased by 0 in 1 epochs
Mel loss: <tf.Variable 'Variable:0' shape=() dtype=float32, numpy=0.5>
sinc loss: <tf.Variable 'Variable:0' shape=() dtype=float32, numpy=0.5>
There is no such attribute
68/68 - 152s - loss: 0.0216 - accuracy: 0.9924 - 152s/epoch - 2s/step
Epoch 22/60
Validation cm: [[139 277 322 153]
 [ 61 239 227  62]
 [  6  16  37  21]
 [ 13  23  76  44]]
Validation normalized_cm: [[0.156 0.311 0.361 0.172]
 [0.104 0.406 0.385 0.105]
 [0.075 0.2   0.463 0.263]
 [0.083 0.147 0.487 0.282]]
Validation acc: 0.2674825174825175
Validation class_accuracies: [0.15600448933782268, 0.4057724957555178, 0.4625, 0.28205128205128205]
Validation sensitivity: 0.3878787878787879
Validation specificity: 0.15600448933782268
Validation icbhi_score: 0.2719416386083053
Validation roc_auc: None
Validation avg_accuracy: 0.32658206678615564
Validation one_indexed_epoch: 22
The validation tracker metric at 0.530976430976431 hasn't increased by 0 in 2 epochs
There is no such attribute
68/68 - 153s - loss: 0.0238 - accuracy: 0.9906 - 153s/epoch - 2s/step
Epoch 23/60
Validation cm: [[518 203  26 144]
 [242 286   9  52]
 [ 37   4  14  25]
 [ 46  32  10  68]]
Validation normalized_cm: [[0.581 0.228 0.029 0.162]
 [0.411 0.486 0.015 0.088]
 [0.463 0.05  0.175 0.312]
 [0.295 0.205 0.064 0.436]]
Validation acc: 0.5163170163170163
Validation class_accuracies: [0.5813692480359147, 0.4855687606112054, 0.175, 0.4358974358974359]
Validation sensitivity: 0.44606060606060605
Validation specificity: 0.5813692480359147
Validation icbhi_score: 0.5137149270482604
Validation roc_auc: None
Validation avg_accuracy: 0.419458861136139
Validation one_indexed_epoch: 23
The validation tracker metric at 0.530976430976431 hasn't increased by 0 in 3 epochs
There is no such attribute
68/68 - 154s - loss: 0.0213 - accuracy: 0.9936 - 154s/epoch - 2s/step
Epoch 24/60
Validation cm: [[697 187   6   1]
 [373 214   0   2]
 [ 53  17   3   7]
 [ 99  44  10   3]]
Validation normalized_cm: [[0.782 0.21  0.007 0.001]
 [0.633 0.363 0.    0.003]
 [0.662 0.212 0.037 0.087]
 [0.635 0.282 0.064 0.019]]
Validation acc: 0.5343822843822844
Validation class_accuracies: [0.7822671156004489, 0.3633276740237691, 0.0375, 0.019230769230769232]
Validation sensitivity: 0.26666666666666666
Validation specificity: 0.7822671156004489
Validation icbhi_score: 0.5244668911335578
Validation roc_auc: None
Validation avg_accuracy: 0.3005813897137468
Validation one_indexed_epoch: 24
The validation tracker metric at 0.530976430976431 hasn't increased by 0 in 4 epochs
There is no such attribute
68/68 - 154s - loss: 0.0364 - accuracy: 0.9890 - 154s/epoch - 2s/step
Epoch 25/60
Validation cm: [[522 233  70  66]
 [200 348  24  17]
 [ 39  17  11  13]
 [ 52  61  30  13]]
Validation normalized_cm: [[0.586 0.262 0.079 0.074]
 [0.34  0.591 0.041 0.029]
 [0.487 0.212 0.138 0.163]
 [0.333 0.391 0.192 0.083]]
Validation acc: 0.5209790209790209
Validation class_accuracies: [0.5858585858585859, 0.5908319185059423, 0.1375, 0.08333333333333333]
Validation sensitivity: 0.4509090909090909
Validation specificity: 0.5858585858585859
Validation icbhi_score: 0.5183838383838384
Validation roc_auc: None
Validation avg_accuracy: 0.34938095942446534
Validation one_indexed_epoch: 25
The validation tracker metric at 0.530976430976431 hasn't increased by 0 in 5 epochs
Lr has been adjusted to 0.0002500000118743628
There is no such attribute
68/68 - 156s - loss: 0.0260 - accuracy: 0.9922 - 156s/epoch - 2s/step
Epoch 26/60
Validation cm: [[579 169  78  65]
 [355 192  23  19]
 [ 43   7  19  11]
 [ 58  38  42  18]]
Validation normalized_cm: [[0.65  0.19  0.088 0.073]
 [0.603 0.326 0.039 0.032]
 [0.537 0.087 0.237 0.138]
 [0.372 0.244 0.269 0.115]]
Validation acc: 0.47086247086247085
Validation class_accuracies: [0.6498316498316499, 0.32597623089983024, 0.2375, 0.11538461538461539]
Validation sensitivity: 0.2775757575757576
Validation specificity: 0.6498316498316499
Validation icbhi_score: 0.46370370370370373
Validation roc_auc: None
Validation avg_accuracy: 0.3321731240290239
Validation one_indexed_epoch: 26
The validation tracker metric at 0.530976430976431 hasn't increased by 0 in 6 epochs
There is no such attribute
68/68 - 155s - loss: 0.0169 - accuracy: 0.9940 - 155s/epoch - 2s/step
Epoch 27/60
Validation cm: [[443 293  88  67]
 [184 354  24  27]
 [ 26  14  27  13]
 [ 29  59  36  32]]
Validation normalized_cm: [[0.497 0.329 0.099 0.075]
 [0.312 0.601 0.041 0.046]
 [0.325 0.175 0.338 0.163]
 [0.186 0.378 0.231 0.205]]
Validation acc: 0.4988344988344988
Validation class_accuracies: [0.49719416386083054, 0.601018675721562, 0.3375, 0.20512820512820512]
Validation sensitivity: 0.5006060606060606
Validation specificity: 0.49719416386083054
Validation icbhi_score: 0.49890011223344555
Validation roc_auc: None
Validation avg_accuracy: 0.4102102611776494
Validation one_indexed_epoch: 27
The validation tracker metric at 0.530976430976431 hasn't increased by 0 in 7 epochs
There is no such attribute
68/68 - 155s - loss: 0.0086 - accuracy: 0.9970 - 155s/epoch - 2s/step
Epoch 28/60
Validation cm: [[496 249  47  99]
 [220 328  12  29]
 [ 35  10  16  19]
 [ 37  58  25  36]]
Validation normalized_cm: [[0.557 0.279 0.053 0.111]
 [0.374 0.557 0.02  0.049]
 [0.438 0.125 0.2   0.237]
 [0.237 0.372 0.16  0.231]]
Validation acc: 0.5104895104895105
Validation class_accuracies: [0.5566778900112234, 0.5568760611205433, 0.2, 0.23076923076923078]
Validation sensitivity: 0.46060606060606063
Validation specificity: 0.5566778900112234
Validation icbhi_score: 0.508641975308642
Validation roc_auc: None
Validation avg_accuracy: 0.38608079547524937
Validation one_indexed_epoch: 28
The validation tracker metric at 0.530976430976431 hasn't increased by 0 in 8 epochs
There is no such attribute
68/68 - 157s - loss: 0.0059 - accuracy: 0.9986 - 157s/epoch - 2s/step
Epoch 29/60
Validation cm: [[518 201  84  88]
 [233 306  23  27]
 [ 32   4  27  17]
 [ 38  51  29  38]]
Validation normalized_cm: [[0.581 0.226 0.094 0.099]
 [0.396 0.52  0.039 0.046]
 [0.4   0.05  0.338 0.212]
 [0.244 0.327 0.186 0.244]]
Validation acc: 0.5180652680652681
Validation class_accuracies: [0.5813692480359147, 0.5195246179966044, 0.3375, 0.24358974358974358]
Validation sensitivity: 0.4496969696969697
Validation specificity: 0.5813692480359147
Validation icbhi_score: 0.5155331088664422
Validation roc_auc: None
Validation avg_accuracy: 0.42049590240556567
Validation one_indexed_epoch: 29
The validation tracker metric at 0.530976430976431 hasn't increased by 0 in 9 epochs
There is no such attribute
68/68 - 158s - loss: 0.0070 - accuracy: 0.9979 - 158s/epoch - 2s/step
Epoch 30/60
Validation cm: [[458 316  46  71]
 [166 386  16  21]
 [ 36  13  15  16]
 [ 35  65  24  32]]
Validation normalized_cm: [[0.514 0.355 0.052 0.08 ]
 [0.282 0.655 0.027 0.036]
 [0.45  0.163 0.188 0.2  ]
 [0.224 0.417 0.154 0.205]]
Validation acc: 0.5192307692307693
Validation class_accuracies: [0.5140291806958474, 0.6553480475382003, 0.1875, 0.20512820512820512]
Validation sensitivity: 0.5248484848484849
Validation specificity: 0.5140291806958474
Validation icbhi_score: 0.5194388327721662
Validation roc_auc: None
Validation avg_accuracy: 0.39050135834056315
Validation one_indexed_epoch: 30
The validation tracker metric at 0.530976430976431 hasn't increased by 0 in 10 epochs
Lr has been adjusted to 0.0001250000059371814
There is no such attribute
68/68 - 158s - loss: 0.0044 - accuracy: 0.9993 - 158s/epoch - 2s/step
Epoch 31/60
Validation cm: [[508 245  63  75]
 [202 341  23  23]
 [ 34   4  26  16]
 [ 40  51  32  33]]
Validation normalized_cm: [[0.57  0.275 0.071 0.084]
 [0.343 0.579 0.039 0.039]
 [0.425 0.05  0.325 0.2  ]
 [0.256 0.327 0.205 0.212]]
Validation acc: 0.5291375291375291
Validation class_accuracies: [0.5701459034792368, 0.5789473684210527, 0.325, 0.21153846153846154]
Validation sensitivity: 0.48484848484848486
Validation specificity: 0.5701459034792368
Validation icbhi_score: 0.5274971941638609
Validation roc_auc: None
Validation avg_accuracy: 0.42140793335968774
Validation one_indexed_epoch: 31
The validation tracker metric at 0.530976430976431 hasn't increased by 0 in 11 epochs
Mel loss: <tf.Variable 'Variable:0' shape=() dtype=float32, numpy=0.5>
sinc loss: <tf.Variable 'Variable:0' shape=() dtype=float32, numpy=0.5>
There is no such attribute
68/68 - 156s - loss: 0.0053 - accuracy: 0.9986 - 156s/epoch - 2s/step
Epoch 32/60
Validation cm: [[391 370  51  79]
 [118 431  20  20]
 [ 24  15  19  22]
 [ 24  75  23  34]]
Validation normalized_cm: [[0.439 0.415 0.057 0.089]
 [0.2   0.732 0.034 0.034]
 [0.3   0.188 0.237 0.275]
 [0.154 0.481 0.147 0.218]]
Validation acc: 0.5099067599067599
Validation class_accuracies: [0.4388327721661055, 0.7317487266553481, 0.2375, 0.21794871794871795]
Validation sensitivity: 0.5866666666666667
Validation specificity: 0.4388327721661055
Validation icbhi_score: 0.5127497194163861
Validation roc_auc: None
Validation avg_accuracy: 0.4065075541925429
Validation one_indexed_epoch: 32
The validation tracker metric at 0.530976430976431 hasn't increased by 0 in 12 epochs
There is no such attribute
68/68 - 157s - loss: 0.0033 - accuracy: 0.9993 - 157s/epoch - 2s/step
Epoch 33/60
Validation cm: [[411 340  70  70]
 [134 413  25  17]
 [ 26  12  26  16]
 [ 26  66  34  30]]
Validation normalized_cm: [[0.461 0.382 0.079 0.079]
 [0.228 0.701 0.042 0.029]
 [0.325 0.15  0.325 0.2  ]
 [0.167 0.423 0.218 0.192]]
Validation acc: 0.5128205128205128
Validation class_accuracies: [0.4612794612794613, 0.7011884550084889, 0.325, 0.19230769230769232]
Validation sensitivity: 0.5684848484848485
Validation specificity: 0.4612794612794613
Validation icbhi_score: 0.5148821548821549
Validation roc_auc: None
Validation avg_accuracy: 0.41994390214891064
Validation one_indexed_epoch: 33
The validation tracker metric at 0.530976430976431 hasn't increased by 0 in 13 epochs
There is no such attribute
68/68 - 156s - loss: 0.0029 - accuracy: 0.9993 - 156s/epoch - 2s/step
Epoch 34/60
Validation cm: [[392 372  49  78]
 [129 421  19  20]
 [ 25  15  18  22]
 [ 24  79  21  32]]
Validation normalized_cm: [[0.44  0.418 0.055 0.088]
 [0.219 0.715 0.032 0.034]
 [0.312 0.188 0.225 0.275]
 [0.154 0.506 0.135 0.205]]
Validation acc: 0.502913752913753
Validation class_accuracies: [0.4399551066217733, 0.7147707979626485, 0.225, 0.20512820512820512]
Validation sensitivity: 0.5709090909090909
Validation specificity: 0.4399551066217733
Validation icbhi_score: 0.5054320987654322
Validation roc_auc: None
Validation avg_accuracy: 0.39621352742815674
Validation one_indexed_epoch: 34
The validation tracker metric at 0.530976430976431 hasn't increased by 0 in 14 epochs
There is no such attribute
68/68 - 156s - loss: 0.0038 - accuracy: 0.9986 - 156s/epoch - 2s/step
Epoch 35/60
Validation cm: [[487 249  61  94]
 [189 359  21  20]
 [ 22  11  28  19]
 [ 34  59  30  33]]
Validation normalized_cm: [[0.547 0.279 0.068 0.105]
 [0.321 0.61  0.036 0.034]
 [0.275 0.138 0.35  0.237]
 [0.218 0.378 0.192 0.212]]
Validation acc: 0.5285547785547785
Validation class_accuracies: [0.5465768799102132, 0.6095076400679117, 0.35, 0.21153846153846154]
Validation sensitivity: 0.509090909090909
Validation specificity: 0.5465768799102132
Validation icbhi_score: 0.5278338945005612
Validation roc_auc: None
Validation avg_accuracy: 0.4294057453791466
Validation one_indexed_epoch: 35
The validation tracker metric at 0.530976430976431 hasn't increased by 0 in 15 epochs
Lr has been adjusted to 6.25000029685907e-05
There is no such attribute
68/68 - 157s - loss: 0.0035 - accuracy: 0.9989 - 157s/epoch - 2s/step
Epoch 36/60
Validation cm: [[503 234  58  96]
 [203 348  17  21]
 [ 28   8  25  19]
 [ 36  53  33  34]]
Validation normalized_cm: [[0.565 0.263 0.065 0.108]
 [0.345 0.591 0.029 0.036]
 [0.35  0.1   0.312 0.237]
 [0.231 0.34  0.212 0.218]]
Validation acc: 0.5303030303030303
Validation class_accuracies: [0.5645342312008979, 0.5908319185059423, 0.3125, 0.21794871794871795]
Validation sensitivity: 0.49333333333333335
Validation specificity: 0.5645342312008979
Validation icbhi_score: 0.5289337822671156
Validation roc_auc: None
Validation avg_accuracy: 0.42145371691388955
Validation one_indexed_epoch: 36
The validation tracker metric at 0.530976430976431 hasn't increased by 0 in 16 epochs
There is no such attribute
68/68 - 158s - loss: 0.0019 - accuracy: 0.9995 - 158s/epoch - 2s/step
Epoch 37/60
Validation cm: [[454 309  50  78]
 [156 394  20  19]
 [ 26  13  23  18]
 [ 31  61  33  31]]
Validation normalized_cm: [[0.51  0.347 0.056 0.088]
 [0.265 0.669 0.034 0.032]
 [0.325 0.163 0.287 0.225]
 [0.199 0.391 0.212 0.199]]
Validation acc: 0.5256410256410257
Validation class_accuracies: [0.5095398428731762, 0.6689303904923599, 0.2875, 0.1987179487179487]
Validation sensitivity: 0.5430303030303031
Validation specificity: 0.5095398428731762
Validation icbhi_score: 0.5262850729517397
Validation roc_auc: None
Validation avg_accuracy: 0.4161720455208712
Validation one_indexed_epoch: 37
The validation tracker metric at 0.530976430976431 hasn't increased by 0 in 17 epochs
There is no such attribute
68/68 - 159s - loss: 0.0033 - accuracy: 0.9991 - 159s/epoch - 2s/step
Epoch 38/60
Validation cm: [[495 254  51  91]
 [198 351  18  22]
 [ 28   8  25  19]
 [ 37  57  29  33]]
Validation normalized_cm: [[0.556 0.285 0.057 0.102]
 [0.336 0.596 0.031 0.037]
 [0.35  0.1   0.312 0.237]
 [0.237 0.365 0.186 0.212]]
Validation acc: 0.5268065268065268
Validation class_accuracies: [0.5555555555555556, 0.5959252971137521, 0.3125, 0.21153846153846154]
Validation sensitivity: 0.49575757575757573
Validation specificity: 0.5555555555555556
Validation icbhi_score: 0.5256565656565657
Validation roc_auc: None
Validation avg_accuracy: 0.4188798285519423
Validation one_indexed_epoch: 38
The validation tracker metric at 0.530976430976431 hasn't increased by 0 in 18 epochs
There is no such attribute
68/68 - 160s - loss: 0.0049 - accuracy: 0.9993 - 160s/epoch - 2s/step
Epoch 39/60
Validation cm: [[474 265  60  92]
 [190 359  20  20]
 [ 26   9  25  20]
 [ 35  58  30  33]]
Validation normalized_cm: [[0.532 0.297 0.067 0.103]
 [0.323 0.61  0.034 0.034]
 [0.325 0.113 0.312 0.25 ]
 [0.224 0.372 0.192 0.212]]
Validation acc: 0.5192307692307693
Validation class_accuracies: [0.531986531986532, 0.6095076400679117, 0.3125, 0.21153846153846154]
Validation sensitivity: 0.5054545454545455
Validation specificity: 0.531986531986532
Validation icbhi_score: 0.5187205387205387
Validation roc_auc: None
Validation avg_accuracy: 0.4163831583982263
Validation one_indexed_epoch: 39
The validation tracker metric at 0.530976430976431 hasn't increased by 0 in 19 epochs
There is no such attribute
68/68 - 160s - loss: 0.0011 - accuracy: 0.9998 - 160s/epoch - 2s/step
Epoch 40/60
Validation cm: [[480 272  56  83]
 [187 362  19  21]
 [ 24  10  27  19]
 [ 35  60  28  33]]
Validation normalized_cm: [[0.539 0.305 0.063 0.093]
 [0.317 0.615 0.032 0.036]
 [0.3   0.125 0.338 0.237]
 [0.224 0.385 0.179 0.212]]
Validation acc: 0.5256410256410257
Validation class_accuracies: [0.5387205387205387, 0.6146010186757216, 0.3375, 0.21153846153846154]
Validation sensitivity: 0.5115151515151515
Validation specificity: 0.5387205387205387
Validation icbhi_score: 0.5251178451178451
Validation roc_auc: None
Validation avg_accuracy: 0.4255900047336804
Validation one_indexed_epoch: 40
The validation tracker metric at 0.530976430976431 hasn't increased by 0 in 20 epochs
Lr has been adjusted to 3.125000148429535e-05
There is no such attribute
68/68 - 159s - loss: 0.0024 - accuracy: 0.9998 - 159s/epoch - 2s/step
Epoch 41/60
Validation cm: [[452 290  58  91]
 [180 364  19  26]
 [ 24  11  24  21]
 [ 31  62  27  36]]
Validation normalized_cm: [[0.507 0.325 0.065 0.102]
 [0.306 0.618 0.032 0.044]
 [0.3   0.138 0.3   0.263]
 [0.199 0.397 0.173 0.231]]
Validation acc: 0.5104895104895105
Validation class_accuracies: [0.5072951739618407, 0.6179966044142614, 0.3, 0.23076923076923078]
Validation sensitivity: 0.5139393939393939
Validation specificity: 0.5072951739618407
Validation icbhi_score: 0.5106172839506173
Validation roc_auc: None
Validation avg_accuracy: 0.41401525228633324
Validation one_indexed_epoch: 41
The validation tracker metric at 0.530976430976431 hasn't increased by 0 in 21 epochs
There is no such attribute
68/68 - 158s - loss: 0.0041 - accuracy: 0.9984 - 158s/epoch - 2s/step
Epoch 42/60
Validation cm: [[471 276  52  92]
 [182 365  18  24]
 [ 26  10  23  21]
 [ 34  61  23  38]]
Validation normalized_cm: [[0.529 0.31  0.058 0.103]
 [0.309 0.62  0.031 0.041]
 [0.325 0.125 0.287 0.263]
 [0.218 0.391 0.147 0.244]]
Validation acc: 0.5227272727272727
Validation class_accuracies: [0.5286195286195287, 0.6196943972835314, 0.2875, 0.24358974358974358]
Validation sensitivity: 0.5163636363636364
Validation specificity: 0.5286195286195287
Validation icbhi_score: 0.5224915824915826
Validation roc_auc: None
Validation avg_accuracy: 0.4198509173732009
Validation one_indexed_epoch: 42
The validation tracker metric at 0.530976430976431 hasn't increased by 0 in 22 epochs
There is no such attribute
68/68 - 160s - loss: 0.0045 - accuracy: 0.9982 - 160s/epoch - 2s/step
Epoch 43/60
Validation cm: [[477 268  55  91]
 [191 361  19  18]
 [ 24  10  26  20]
 [ 34  59  31  32]]
Validation normalized_cm: [[0.535 0.301 0.062 0.102]
 [0.324 0.613 0.032 0.031]
 [0.3   0.125 0.325 0.25 ]
 [0.218 0.378 0.199 0.205]]
Validation acc: 0.5221445221445221
Validation class_accuracies: [0.5353535353535354, 0.6129032258064516, 0.325, 0.20512820512820512]
Validation sensitivity: 0.5078787878787879
Validation specificity: 0.5353535353535354
Validation icbhi_score: 0.5216161616161616
Validation roc_auc: None
Validation avg_accuracy: 0.419596241572048
Validation one_indexed_epoch: 43
The validation tracker metric at 0.530976430976431 hasn't increased by 0 in 23 epochs
There is no such attribute
68/68 - 160s - loss: 0.0011 - accuracy: 1.0000 - 160s/epoch - 2s/step
Epoch 44/60
Validation cm: [[443 295  62  91]
 [174 378  19  18]
 [ 25  12  25  18]
 [ 30  61  31  34]]
Validation normalized_cm: [[0.497 0.331 0.07  0.102]
 [0.295 0.642 0.032 0.031]
 [0.312 0.15  0.312 0.225]
 [0.192 0.391 0.199 0.218]]
Validation acc: 0.5128205128205128
Validation class_accuracies: [0.49719416386083054, 0.6417657045840407, 0.3125, 0.21794871794871795]
Validation sensitivity: 0.5296969696969697
Validation specificity: 0.49719416386083054
Validation icbhi_score: 0.5134455667789001
Validation roc_auc: None
Validation avg_accuracy: 0.41735214659839726
Validation one_indexed_epoch: 44
The validation tracker metric at 0.530976430976431 hasn't increased by 0 in 24 epochs
There is no such attribute
68/68 - 161s - loss: 0.0023 - accuracy: 0.9993 - 161s/epoch - 2s/step
Epoch 45/60
Validation cm: [[445 296  58  92]
 [175 377  19  18]
 [ 26  10  24  20]
 [ 30  61  28  37]]
Validation normalized_cm: [[0.499 0.332 0.065 0.103]
 [0.297 0.64  0.032 0.031]
 [0.325 0.125 0.3   0.25 ]
 [0.192 0.391 0.179 0.237]]
Validation acc: 0.5145687645687645
Validation class_accuracies: [0.4994388327721661, 0.6400679117147708, 0.3, 0.23717948717948717]
Validation sensitivity: 0.5309090909090909
Validation specificity: 0.4994388327721661
Validation icbhi_score: 0.5151739618406285
Validation roc_auc: None
Validation avg_accuracy: 0.41917155791660604
Validation one_indexed_epoch: 45
The number of epochs since last 1% equals the patience
Lr has been adjusted to 1.5625000742147677e-05
There is no such attribute
68/68 - 161s - loss: 0.0014 - accuracy: 0.9998 - 161s/epoch - 2s/step
----------------------------------
The best metrics for this job are: 

Best icbhi_score: 0.530976430976431
Best cm: [[660 106  69  56]
 [332 226  19  12]
 [ 51   0  16  13]
 [ 77  25  31  23]]
Best normalized_cm: [[0.741 0.119 0.077 0.063]
 [0.564 0.384 0.032 0.02 ]
 [0.637 0.    0.2   0.163]
 [0.494 0.16  0.199 0.147]]
Best acc: 0.539044289044289
Best class_accuracies: [0.7407407407407407, 0.3837011884550085, 0.2, 0.14743589743589744]
Best sensitivity: 0.3212121212121212
Best specificity: 0.7407407407407407
Best roc_auc: None
Best avg_accuracy: 0.36796945665791164
Best one_indexed_epoch: 20
icbhi_score
model
cm
normalized_cm
acc
class_accuracies
sensitivity
specificity
roc_auc
avg_accuracy
one_indexed_epoch
