Tensorflow Version: 2.8.0
Num GPUs Available:  1
Collecting Variables...
All variables have been collected.
../cache/
cw
train133
Description:  SECOND RUN EFNET 2 only: debugging, mel, no normalizing, 1 optimizer w adaptive lr, overlap threshold = 0.15, 4 one hot encoder, softmax, oversampling, no spectral loss
-----------------------
Job id is 1.
Job dir: ../cache/cw/train133/1
- Loading Icbhi.
725 Icbhi audios have been loaded.
- Preparing Icbhi.
112 Icbhi groups of audio chunks (by filename or patients) have been prepared.
--- Samples are being split into training/val groups and de-grouped by patient ---
Job id is 2.
lengths
4349
1716
-----------------------
--- Final training dataset went from 0 to 4349 elements, with 0 none's, 0 crakles, 0 wheezes and 0 both ---
--- Final Validation dataset contains 1716 elements, with 0 none, 0 crackles, 0 wheezes and 0 both ---
Initializing weights...
Model: "leaf_model9_model_efnet2"
______________________________________________________________________________________________________________
 Layer (type)                                    Output Shape                                Param #          
==============================================================================================================
 mel_filterbanks (MelFilterbanks)                multiple                                    0                
                                                                                                              
 mel_filterbanks_1 (MelFilterbanks)              multiple                                    0 (unused)       
                                                                                                              
 sincnet (SincNet)                               multiple                                    0 (unused)       
                                                                                                              
 sequential (Sequential)                         (None, 4)                                   7774205          
                                                                                                              
==============================================================================================================
Total params: 7,774,367
Trainable params: 7,706,792
Non-trainable params: 67,575
______________________________________________________________________________________________________________
Target metric is icbhi_score
Epoch 1/60
WARNING:tensorflow:Gradients do not exist for variables ['kernel:0', 'Variable:0', 'Variable:0'] when minimizing the loss. If you're using `model.compile()`, did you forget to provide a `loss`argument?
WARNING:tensorflow:Gradients do not exist for variables ['kernel:0', 'Variable:0', 'Variable:0'] when minimizing the loss. If you're using `model.compile()`, did you forget to provide a `loss`argument?
WARNING:tensorflow:Gradients do not exist for variables ['kernel:0', 'Variable:0', 'Variable:0'] when minimizing the loss. If you're using `model.compile()`, did you forget to provide a `loss`argument?
WARNING:tensorflow:Gradients do not exist for variables ['kernel:0', 'Variable:0', 'Variable:0'] when minimizing the loss. If you're using `model.compile()`, did you forget to provide a `loss`argument?
Validation cm: [[828   2   7  54]
 [577   0   2  10]
 [ 71   0   1   8]
 [155   1   0   0]]
Validation normalized_cm: [[0.929 0.002 0.008 0.061]
 [0.98  0.    0.003 0.017]
 [0.887 0.    0.013 0.1  ]
 [0.994 0.006 0.    0.   ]]
Validation acc: 0.4831002331002331
Validation class_accuracies: [0.9292929292929293, 0.0, 0.0125, 0.0]
Validation sensitivity: 0.0012121212121212121
Validation specificity: 0.9292929292929293
Validation icbhi_score: 0.46525252525252525
Validation roc_auc: None
Validation avg_accuracy: 0.2354482323232323
Validation one_indexed_epoch: 1
-- New best results were achieved. --
There is no such attribute
68/68 - 181s - loss: 1.0705 - accuracy: 0.5328 - 181s/epoch - 3s/step
Epoch 2/60
Validation cm: [[891   0   0   0]
 [589   0   0   0]
 [ 80   0   0   0]
 [156   0   0   0]]
Validation normalized_cm: [[1. 0. 0. 0.]
 [1. 0. 0. 0.]
 [1. 0. 0. 0.]
 [1. 0. 0. 0.]]
Validation acc: 0.5192307692307693
Validation class_accuracies: [1.0, 0.0, 0.0, 0.0]
Validation sensitivity: 0.0
Validation specificity: 1.0
Validation icbhi_score: 0.5
Validation roc_auc: None
Validation avg_accuracy: 0.25
Validation one_indexed_epoch: 2
-- New best results were achieved. --
There is no such attribute
68/68 - 157s - loss: 0.7610 - accuracy: 0.6877 - 157s/epoch - 2s/step
Epoch 3/60
Validation cm: [[891   0   0   0]
 [589   0   0   0]
 [ 80   0   0   0]
 [156   0   0   0]]
Validation normalized_cm: [[1. 0. 0. 0.]
 [1. 0. 0. 0.]
 [1. 0. 0. 0.]
 [1. 0. 0. 0.]]
Validation acc: 0.5192307692307693
Validation class_accuracies: [1.0, 0.0, 0.0, 0.0]
Validation sensitivity: 0.0
Validation specificity: 1.0
Validation icbhi_score: 0.5
Validation roc_auc: None
Validation avg_accuracy: 0.25
Validation one_indexed_epoch: 3
The validation tracker metric at 0.5 hasn't increased by 0 in 1 epochs
There is no such attribute
68/68 - 157s - loss: 0.5776 - accuracy: 0.7724 - 157s/epoch - 2s/step
Epoch 4/60
Validation cm: [[879   0   0  12]
 [583   0   0   6]
 [ 79   0   0   1]
 [156   0   0   0]]
Validation normalized_cm: [[0.987 0.    0.    0.013]
 [0.99  0.    0.    0.01 ]
 [0.988 0.    0.    0.013]
 [1.    0.    0.    0.   ]]
Validation acc: 0.5122377622377622
Validation class_accuracies: [0.9865319865319865, 0.0, 0.0, 0.0]
Validation sensitivity: 0.0
Validation specificity: 0.9865319865319865
Validation icbhi_score: 0.49326599326599324
Validation roc_auc: None
Validation avg_accuracy: 0.24663299663299662
Validation one_indexed_epoch: 4
The validation tracker metric at 0.5 hasn't increased by 0 in 2 epochs
There is no such attribute
68/68 - 158s - loss: 0.4435 - accuracy: 0.8262 - 158s/epoch - 2s/step
Epoch 5/60
Validation cm: [[784  50   0  57]
 [538  36   0  15]
 [ 70   4   0   6]
 [135   7   8   6]]
Validation normalized_cm: [[0.88  0.056 0.    0.064]
 [0.913 0.061 0.    0.025]
 [0.875 0.05  0.    0.075]
 [0.865 0.045 0.051 0.038]]
Validation acc: 0.4813519813519814
Validation class_accuracies: [0.8799102132435466, 0.06112054329371817, 0.0, 0.038461538461538464]
Validation sensitivity: 0.05090909090909091
Validation specificity: 0.8799102132435466
Validation icbhi_score: 0.46540965207631874
Validation roc_auc: None
Validation avg_accuracy: 0.2448730737497008
Validation one_indexed_epoch: 5
The validation tracker metric at 0.5 hasn't increased by 0 in 3 epochs
There is no such attribute
68/68 - 160s - loss: 0.3527 - accuracy: 0.8705 - 160s/epoch - 2s/step
Epoch 6/60
Validation cm: [[878   7   1   5]
 [584   4   1   0]
 [ 74   2   4   0]
 [143   0  13   0]]
Validation normalized_cm: [[0.985 0.008 0.001 0.006]
 [0.992 0.007 0.002 0.   ]
 [0.925 0.025 0.05  0.   ]
 [0.917 0.    0.083 0.   ]]
Validation acc: 0.5163170163170163
Validation class_accuracies: [0.9854096520763187, 0.006791171477079796, 0.05, 0.0]
Validation sensitivity: 0.009696969696969697
Validation specificity: 0.9854096520763187
Validation icbhi_score: 0.4975533108866442
Validation roc_auc: None
Validation avg_accuracy: 0.2605502058883496
Validation one_indexed_epoch: 6
The validation tracker metric at 0.5 hasn't increased by 0 in 4 epochs
There is no such attribute
68/68 - 158s - loss: 0.2588 - accuracy: 0.9041 - 158s/epoch - 2s/step
Epoch 7/60
Validation cm: [[891   0   0   0]
 [589   0   0   0]
 [ 80   0   0   0]
 [156   0   0   0]]
Validation normalized_cm: [[1. 0. 0. 0.]
 [1. 0. 0. 0.]
 [1. 0. 0. 0.]
 [1. 0. 0. 0.]]
Validation acc: 0.5192307692307693
Validation class_accuracies: [1.0, 0.0, 0.0, 0.0]
Validation sensitivity: 0.0
Validation specificity: 1.0
Validation icbhi_score: 0.5
Validation roc_auc: None
Validation avg_accuracy: 0.25
Validation one_indexed_epoch: 7
The validation tracker metric at 0.5 hasn't increased by 0 in 5 epochs
Lr has been adjusted to 0.0005000000237487257
There is no such attribute
68/68 - 159s - loss: 0.2013 - accuracy: 0.9260 - 159s/epoch - 2s/step
Epoch 8/60
Validation cm: [[830   4   0  57]
 [568   1   0  20]
 [ 70   0   4   6]
 [135   1   2  18]]
Validation normalized_cm: [[0.932 0.004 0.    0.064]
 [0.964 0.002 0.    0.034]
 [0.875 0.    0.05  0.075]
 [0.865 0.006 0.013 0.115]]
Validation acc: 0.4970862470862471
Validation class_accuracies: [0.9315375982042648, 0.001697792869269949, 0.05, 0.11538461538461539]
Validation sensitivity: 0.027878787878787878
Validation specificity: 0.9315375982042648
Validation icbhi_score: 0.47970819304152634
Validation roc_auc: None
Validation avg_accuracy: 0.27465500161453754
Validation one_indexed_epoch: 8
The validation tracker metric at 0.5 hasn't increased by 0 in 6 epochs
There is no such attribute
68/68 - 159s - loss: 0.1067 - accuracy: 0.9625 - 159s/epoch - 2s/step
Epoch 9/60
Validation cm: [[843  12   5  31]
 [564   6   1  18]
 [ 68   0   5   7]
 [125   1  10  20]]
Validation normalized_cm: [[0.946 0.013 0.006 0.035]
 [0.958 0.01  0.002 0.031]
 [0.85  0.    0.062 0.087]
 [0.801 0.006 0.064 0.128]]
Validation acc: 0.5093240093240093
Validation class_accuracies: [0.9461279461279462, 0.010186757215619695, 0.0625, 0.1282051282051282]
Validation sensitivity: 0.037575757575757575
Validation specificity: 0.9461279461279462
Validation icbhi_score: 0.4918518518518519
Validation roc_auc: None
Validation avg_accuracy: 0.28675495788717353
Validation one_indexed_epoch: 9
The validation tracker metric at 0.5 hasn't increased by 0 in 7 epochs
There is no such attribute
68/68 - 160s - loss: 0.0430 - accuracy: 0.9883 - 160s/epoch - 2s/step
Epoch 10/60
Validation cm: [[746  92  14  39]
 [523  48   5  13]
 [ 48  12  13   7]
 [110   7  23  16]]
Validation normalized_cm: [[0.837 0.103 0.016 0.044]
 [0.888 0.081 0.008 0.022]
 [0.6   0.15  0.163 0.087]
 [0.705 0.045 0.147 0.103]]
Validation acc: 0.4796037296037296
Validation class_accuracies: [0.8372615039281706, 0.08149405772495756, 0.1625, 0.10256410256410256]
Validation sensitivity: 0.09333333333333334
Validation specificity: 0.8372615039281706
Validation icbhi_score: 0.46529741863075197
Validation roc_auc: None
Validation avg_accuracy: 0.2959549160543077
Validation one_indexed_epoch: 10
The validation tracker metric at 0.5 hasn't increased by 0 in 8 epochs
There is no such attribute
68/68 - 161s - loss: 0.0349 - accuracy: 0.9876 - 161s/epoch - 2s/step
Epoch 11/60
Validation cm: [[837  19   4  31]
 [573   7   0   9]
 [ 72   5   3   0]
 [147   8   0   1]]
Validation normalized_cm: [[0.939 0.021 0.004 0.035]
 [0.973 0.012 0.    0.015]
 [0.9   0.062 0.037 0.   ]
 [0.942 0.051 0.    0.006]]
Validation acc: 0.49417249417249415
Validation class_accuracies: [0.9393939393939394, 0.011884550084889643, 0.0375, 0.00641025641025641]
Validation sensitivity: 0.013333333333333334
Validation specificity: 0.9393939393939394
Validation icbhi_score: 0.4763636363636364
Validation roc_auc: None
Validation avg_accuracy: 0.24879718647227136
Validation one_indexed_epoch: 11
The validation tracker metric at 0.5 hasn't increased by 0 in 9 epochs
Mel loss: <tf.Variable 'Variable:0' shape=() dtype=float32, numpy=0.5>
sinc loss: <tf.Variable 'Variable:0' shape=() dtype=float32, numpy=0.5>
There is no such attribute
68/68 - 161s - loss: 0.0255 - accuracy: 0.9920 - 161s/epoch - 2s/step
Epoch 12/60
Validation cm: [[592 135  81  83]
 [385 158  26  20]
 [ 24  12  33  11]
 [ 45  27  63  21]]
Validation normalized_cm: [[0.664 0.152 0.091 0.093]
 [0.654 0.268 0.044 0.034]
 [0.3   0.15  0.412 0.138]
 [0.288 0.173 0.404 0.135]]
Validation acc: 0.46853146853146854
Validation class_accuracies: [0.6644219977553311, 0.26825127334465193, 0.4125, 0.1346153846153846]
Validation sensitivity: 0.25696969696969696
Validation specificity: 0.6644219977553311
Validation icbhi_score: 0.460695847362514
Validation roc_auc: None
Validation avg_accuracy: 0.36994716392884186
Validation one_indexed_epoch: 12
The validation tracker metric at 0.5 hasn't increased by 0 in 10 epochs
Lr has been adjusted to 0.0002500000118743628
There is no such attribute
68/68 - 161s - loss: 0.0352 - accuracy: 0.9864 - 161s/epoch - 2s/step
Epoch 13/60
Validation cm: [[797  29  19  46]
 [508  65   6  10]
 [ 54   3  13  10]
 [115   1  11  29]]
Validation normalized_cm: [[0.895 0.033 0.021 0.052]
 [0.862 0.11  0.01  0.017]
 [0.675 0.037 0.163 0.125]
 [0.737 0.006 0.071 0.186]]
Validation acc: 0.5268065268065268
Validation class_accuracies: [0.8945005611672279, 0.11035653650254669, 0.1625, 0.1858974358974359]
Validation sensitivity: 0.1296969696969697
Validation specificity: 0.8945005611672279
Validation icbhi_score: 0.5120987654320988
Validation roc_auc: None
Validation avg_accuracy: 0.33831363339180265
Validation one_indexed_epoch: 13
-- New best results were achieved. --
There is no such attribute
68/68 - 160s - loss: 0.0241 - accuracy: 0.9917 - 160s/epoch - 2s/step
Epoch 14/60
Validation cm: [[623 157  52  59]
 [314 253  14   8]
 [ 36  12  20  12]
 [ 59  42  38  17]]
Validation normalized_cm: [[0.699 0.176 0.058 0.066]
 [0.533 0.43  0.024 0.014]
 [0.45  0.15  0.25  0.15 ]
 [0.378 0.269 0.244 0.109]]
Validation acc: 0.532051282051282
Validation class_accuracies: [0.6992143658810326, 0.4295415959252971, 0.25, 0.10897435897435898]
Validation sensitivity: 0.3515151515151515
Validation specificity: 0.6992143658810326
Validation icbhi_score: 0.5253647586980921
Validation roc_auc: None
Validation avg_accuracy: 0.37193258019517217
Validation one_indexed_epoch: 14
-- New best results were achieved. --
There is no such attribute
68/68 - 159s - loss: 0.0096 - accuracy: 0.9984 - 159s/epoch - 2s/step
Epoch 15/60
Validation cm: [[377 420  50  44]
 [122 442  12  13]
 [ 19  28  19  14]
 [ 27  68  43  18]]
Validation normalized_cm: [[0.423 0.471 0.056 0.049]
 [0.207 0.75  0.02  0.022]
 [0.237 0.35  0.237 0.175]
 [0.173 0.436 0.276 0.115]]
Validation acc: 0.4988344988344988
Validation class_accuracies: [0.42312008978675647, 0.7504244482173175, 0.2375, 0.11538461538461539]
Validation sensitivity: 0.5806060606060606
Validation specificity: 0.42312008978675647
Validation icbhi_score: 0.5018630751964085
Validation roc_auc: None
Validation avg_accuracy: 0.38160728834717234
Validation one_indexed_epoch: 15
The validation tracker metric at 0.5253647586980921 hasn't increased by 0 in 1 epochs
There is no such attribute
68/68 - 160s - loss: 0.0133 - accuracy: 0.9961 - 160s/epoch - 2s/step
Epoch 16/60
