Tensorflow Version: 2.8.0
Num GPUs Available:  1
Collecting Variables...
All variables have been collected.
../cache/
cw
train139
Description:  effnet: kfold, mel, no normalizing, 1 optimizer w adaptive lr, overlap threshold = 0.3,
-----------------------
Job id is 1.
Job dir: ../cache/cw/train139/1
- Loading Icbhi.
725 Icbhi audios have been loaded.
- Preparing Icbhi.
112 Icbhi groups of audio chunks (by filename or patients) have been prepared.
--- Samples are being split into training/val groups and de-grouped by patient ---
Job id is 2.
-----------------------
--- Final training dataset went from 0 to 4349 elements, with 0 none's, 0 crakles, 0 wheezes and 0 both ---
--- Final Validation dataset contains 1716 elements, with 0 none, 0 crackles, 0 wheezes and 0 both ---
Initializing weights...
Model: "leaf_model9_model_efnet1"
______________________________________________________________________________________________________________
 Layer (type)                                    Output Shape                                Param #          
==============================================================================================================
 mel_filterbanks (MelFilterbanks)                multiple                                    0                
                                                                                                              
 mel_filterbanks_1 (MelFilterbanks)              multiple                                    0 (unused)       
                                                                                                              
 sincnet (SincNet)                               multiple                                    0 (unused)       
                                                                                                              
 sequential (Sequential)                         (None, 4)                                   6713713          
                                                                                                              
==============================================================================================================
Total params: 6,713,875
Trainable params: 6,649,260
Non-trainable params: 64,615
______________________________________________________________________________________________________________
Target metric is icbhi_score
Epoch 1/80
WARNING:tensorflow:Gradients do not exist for variables ['kernel:0', 'Variable:0', 'Variable:0'] when minimizing the loss. If you're using `model.compile()`, did you forget to provide a `loss`argument?
WARNING:tensorflow:Gradients do not exist for variables ['kernel:0', 'Variable:0', 'Variable:0'] when minimizing the loss. If you're using `model.compile()`, did you forget to provide a `loss`argument?
WARNING:tensorflow:Gradients do not exist for variables ['kernel:0', 'Variable:0', 'Variable:0'] when minimizing the loss. If you're using `model.compile()`, did you forget to provide a `loss`argument?
WARNING:tensorflow:Gradients do not exist for variables ['kernel:0', 'Variable:0', 'Variable:0'] when minimizing the loss. If you're using `model.compile()`, did you forget to provide a `loss`argument?
Validation cm: [[958   0   0   0]
 [562   0   0   0]
 [ 69   0   0   0]
 [127   0   0   0]]
Validation normalized_cm: [[1. 0. 0. 0.]
 [1. 0. 0. 0.]
 [1. 0. 0. 0.]
 [1. 0. 0. 0.]]
Validation acc: 0.5582750582750583
Validation class_accuracies: [1.0, 0.0, 0.0, 0.0]
Validation sensitivity: 0.0
Validation specificity: 1.0
Validation icbhi_score: 0.5
Validation roc_auc: None
Validation avg_accuracy: 0.25
Validation one_indexed_epoch: 1
-- New best results were achieved. --
There is no such attribute
272/272 - 150s - loss: 1.2403 - accuracy: 0.4413 - 150s/epoch - 550ms/step
Epoch 2/80
Validation cm: [[955   3   0   0]
 [543  19   0   0]
 [ 69   0   0   0]
 [121   6   0   0]]
Validation normalized_cm: [[0.997 0.003 0.    0.   ]
 [0.966 0.034 0.    0.   ]
 [1.    0.    0.    0.   ]
 [0.953 0.047 0.    0.   ]]
Validation acc: 0.5675990675990676
Validation class_accuracies: [0.9968684759916493, 0.033807829181494664, 0.0, 0.0]
Validation sensitivity: 0.025065963060686015
Validation specificity: 0.9968684759916493
Validation icbhi_score: 0.5109672195261676
Validation roc_auc: None
Validation avg_accuracy: 0.257669076293286
Validation one_indexed_epoch: 2
-- New best results were achieved. --
There is no such attribute
272/272 - 133s - loss: 1.0424 - accuracy: 0.5440 - 133s/epoch - 490ms/step
Epoch 3/80
Validation cm: [[809  76  45  28]
 [448  94  14   6]
 [ 52   3  11   3]
 [ 88  16  16   7]]
Validation normalized_cm: [[0.844 0.079 0.047 0.029]
 [0.797 0.167 0.025 0.011]
 [0.754 0.043 0.159 0.043]
 [0.693 0.126 0.126 0.055]]
Validation acc: 0.5367132867132867
Validation class_accuracies: [0.8444676409185804, 0.16725978647686832, 0.15942028985507245, 0.05511811023622047]
Validation sensitivity: 0.14775725593667546
Validation specificity: 0.8444676409185804
Validation icbhi_score: 0.4961124484276279
Validation roc_auc: None
Validation avg_accuracy: 0.3065664568716854
Validation one_indexed_epoch: 3
The validation tracker metric at 0.5109672195261676 hasn't increased by 0 in 1 epochs
There is no such attribute
272/272 - 135s - loss: 0.9345 - accuracy: 0.6063 - 135s/epoch - 496ms/step
Epoch 4/80
Validation cm: [[812  76   6  64]
 [376 174   5   7]
 [ 48   4   5  12]
 [ 75  24   8  20]]
Validation normalized_cm: [[0.848 0.079 0.006 0.067]
 [0.669 0.31  0.009 0.012]
 [0.696 0.058 0.072 0.174]
 [0.591 0.189 0.063 0.157]]
Validation acc: 0.5891608391608392
Validation class_accuracies: [0.8475991649269311, 0.3096085409252669, 0.07246376811594203, 0.15748031496062992]
Validation sensitivity: 0.262532981530343
Validation specificity: 0.8475991649269311
Validation icbhi_score: 0.555066073228637
Validation roc_auc: None
Validation avg_accuracy: 0.34678794723219253
Validation one_indexed_epoch: 4
-- New best results were achieved. --
There is no such attribute
272/272 - 134s - loss: 0.8448 - accuracy: 0.6415 - 134s/epoch - 493ms/step
Epoch 5/80
Validation cm: [[938  12   8   0]
 [526  32   4   0]
 [ 63   0   6   0]
 [106   6  15   0]]
Validation normalized_cm: [[0.979 0.013 0.008 0.   ]
 [0.936 0.057 0.007 0.   ]
 [0.913 0.    0.087 0.   ]
 [0.835 0.047 0.118 0.   ]]
Validation acc: 0.5687645687645687
Validation class_accuracies: [0.9791231732776617, 0.05693950177935943, 0.08695652173913043, 0.0]
Validation sensitivity: 0.05013192612137203
Validation specificity: 0.9791231732776617
Validation icbhi_score: 0.5146275496995169
Validation roc_auc: None
Validation avg_accuracy: 0.2807547991990379
Validation one_indexed_epoch: 5
The validation tracker metric at 0.555066073228637 hasn't increased by 0 in 1 epochs
There is no such attribute
272/272 - 134s - loss: 0.7407 - accuracy: 0.7009 - 134s/epoch - 493ms/step
Epoch 6/80
Validation cm: [[493 324  26 115]
 [220 318   5  19]
 [ 32  14   7  16]
 [ 44  52  10  21]]
Validation normalized_cm: [[0.515 0.338 0.027 0.12 ]
 [0.391 0.566 0.009 0.034]
 [0.464 0.203 0.101 0.232]
 [0.346 0.409 0.079 0.165]]
Validation acc: 0.48892773892773894
Validation class_accuracies: [0.5146137787056367, 0.5658362989323843, 0.10144927536231885, 0.16535433070866143]
Validation sensitivity: 0.45646437994722955
Validation specificity: 0.5146137787056367
Validation icbhi_score: 0.48553907932643314
Validation roc_auc: None
Validation avg_accuracy: 0.3368134209272503
Validation one_indexed_epoch: 6
The validation tracker metric at 0.555066073228637 hasn't increased by 0 in 2 epochs
There is no such attribute
272/272 - 134s - loss: 0.6461 - accuracy: 0.7342 - 134s/epoch - 493ms/step
Epoch 7/80
Validation cm: [[447 502   0   9]
 [171 390   0   1]
 [ 28  36   3   2]
 [ 32  78   4  13]]
Validation normalized_cm: [[0.467 0.524 0.    0.009]
 [0.304 0.694 0.    0.002]
 [0.406 0.522 0.043 0.029]
 [0.252 0.614 0.031 0.102]]
Validation acc: 0.4970862470862471
Validation class_accuracies: [0.46659707724425886, 0.693950177935943, 0.043478260869565216, 0.10236220472440945]
Validation sensitivity: 0.5356200527704486
Validation specificity: 0.46659707724425886
Validation icbhi_score: 0.5011085650073537
Validation roc_auc: None
Validation avg_accuracy: 0.32659693019354413
Validation one_indexed_epoch: 7
The validation tracker metric at 0.555066073228637 hasn't increased by 0 in 3 epochs
There is no such attribute
272/272 - 134s - loss: 0.5417 - accuracy: 0.7873 - 134s/epoch - 492ms/step
Epoch 8/80
Validation cm: [[860  54   4  40]
 [490  67   0   5]
 [ 55   4   1   9]
 [101   8   3  15]]
Validation normalized_cm: [[0.898 0.056 0.004 0.042]
 [0.872 0.119 0.    0.009]
 [0.797 0.058 0.014 0.13 ]
 [0.795 0.063 0.024 0.118]]
Validation acc: 0.5495337995337995
Validation class_accuracies: [0.8977035490605428, 0.11921708185053381, 0.014492753623188406, 0.11811023622047244]
Validation sensitivity: 0.10949868073878628
Validation specificity: 0.8977035490605428
Validation icbhi_score: 0.5036011148996645
Validation roc_auc: None
Validation avg_accuracy: 0.28738090518868437
Validation one_indexed_epoch: 8
The validation tracker metric at 0.555066073228637 hasn't increased by 0 in 4 epochs
There is no such attribute
272/272 - 134s - loss: 0.4877 - accuracy: 0.8170 - 134s/epoch - 491ms/step
Epoch 9/80
Validation cm: [[633 198  52  75]
 [225 308  15  14]
 [ 26  16  11  16]
 [ 37  39  18  33]]
Validation normalized_cm: [[0.661 0.207 0.054 0.078]
 [0.4   0.548 0.027 0.025]
 [0.377 0.232 0.159 0.232]
 [0.291 0.307 0.142 0.26 ]]
Validation acc: 0.574009324009324
Validation class_accuracies: [0.6607515657620042, 0.5480427046263345, 0.15942028985507245, 0.25984251968503935]
Validation sensitivity: 0.46437994722955145
Validation specificity: 0.6607515657620042
Validation icbhi_score: 0.5625657564957778
Validation roc_auc: None
Validation avg_accuracy: 0.40701426998211265
Validation one_indexed_epoch: 9
-- New best results were achieved. --
There is no such attribute
272/272 - 133s - loss: 0.4233 - accuracy: 0.8384 - 133s/epoch - 490ms/step
Epoch 10/80
Validation cm: [[385 481  22  70]
 [125 421   9   7]
 [ 20  28  10  11]
 [ 13  79   6  29]]
Validation normalized_cm: [[0.402 0.502 0.023 0.073]
 [0.222 0.749 0.016 0.012]
 [0.29  0.406 0.145 0.159]
 [0.102 0.622 0.047 0.228]]
Validation acc: 0.49242424242424243
Validation class_accuracies: [0.40187891440501045, 0.7491103202846975, 0.14492753623188406, 0.2283464566929134]
Validation sensitivity: 0.6068601583113457
Validation specificity: 0.40187891440501045
Validation icbhi_score: 0.504369536358178
Validation roc_auc: None
Validation avg_accuracy: 0.38106580690362635
Validation one_indexed_epoch: 10
The validation tracker metric at 0.5625657564957778 hasn't increased by 0 in 1 epochs
There is no such attribute
272/272 - 134s - loss: 0.3478 - accuracy: 0.8777 - 134s/epoch - 493ms/step
Epoch 11/80
Validation cm: [[374 466  20  98]
 [114 430   2  16]
 [ 10  33   3  23]
 [ 15  65   5  42]]
Validation normalized_cm: [[0.39  0.486 0.021 0.102]
 [0.203 0.765 0.004 0.028]
 [0.145 0.478 0.043 0.333]
 [0.118 0.512 0.039 0.331]]
Validation acc: 0.49475524475524474
Validation class_accuracies: [0.3903966597077244, 0.7651245551601423, 0.043478260869565216, 0.33070866141732286]
Validation sensitivity: 0.6266490765171504
Validation specificity: 0.3903966597077244
Validation icbhi_score: 0.5085228681124374
Validation roc_auc: None
Validation avg_accuracy: 0.38242703428868874
Validation one_indexed_epoch: 11
The validation tracker metric at 0.5625657564957778 hasn't increased by 0 in 2 epochs
Mel loss: <tf.Variable 'Variable:0' shape=() dtype=float32, numpy=0.5>
sinc loss: <tf.Variable 'Variable:0' shape=() dtype=float32, numpy=0.5>
There is no such attribute
272/272 - 134s - loss: 0.2961 - accuracy: 0.8970 - 134s/epoch - 492ms/step
Epoch 12/80
Validation cm: [[345 548   9  56]
 [118 429   2  13]
 [ 16  35   7  11]
 [ 18  75   7  27]]
Validation normalized_cm: [[0.36  0.572 0.009 0.058]
 [0.21  0.763 0.004 0.023]
 [0.232 0.507 0.101 0.159]
 [0.142 0.591 0.055 0.213]]
Validation acc: 0.47086247086247085
Validation class_accuracies: [0.36012526096033404, 0.7633451957295374, 0.10144927536231885, 0.2125984251968504]
Validation sensitivity: 0.6108179419525066
Validation specificity: 0.36012526096033404
Validation icbhi_score: 0.4854716014564203
Validation roc_auc: None
Validation avg_accuracy: 0.3593795393122602
Validation one_indexed_epoch: 12
The validation tracker metric at 0.5625657564957778 hasn't increased by 0 in 3 epochs
There is no such attribute
272/272 - 134s - loss: 0.2559 - accuracy: 0.9138 - 134s/epoch - 492ms/step
Epoch 13/80
Validation cm: [[606 296   7  49]
 [238 308   5  11]
 [ 26  22  10  11]
 [ 44  36   6  41]]
Validation normalized_cm: [[0.633 0.309 0.007 0.051]
 [0.423 0.548 0.009 0.02 ]
 [0.377 0.319 0.145 0.159]
 [0.346 0.283 0.047 0.323]]
Validation acc: 0.5623543123543123
Validation class_accuracies: [0.6325678496868476, 0.5480427046263345, 0.14492753623188406, 0.3228346456692913]
Validation sensitivity: 0.4736147757255937
Validation specificity: 0.6325678496868476
Validation icbhi_score: 0.5530913127062207
Validation roc_auc: None
Validation avg_accuracy: 0.4120931840535894
Validation one_indexed_epoch: 13
The validation tracker metric at 0.5625657564957778 hasn't increased by 0 in 4 epochs
There is no such attribute
272/272 - 133s - loss: 0.2139 - accuracy: 0.9289 - 133s/epoch - 488ms/step
Epoch 14/80
Validation cm: [[411 273 156 118]
 [125 362  42  33]
 [ 16  14  24  15]
 [ 18  37  45  27]]
Validation normalized_cm: [[0.429 0.285 0.163 0.123]
 [0.222 0.644 0.075 0.059]
 [0.232 0.203 0.348 0.217]
 [0.142 0.291 0.354 0.213]]
Validation acc: 0.4801864801864802
Validation class_accuracies: [0.4290187891440501, 0.6441281138790036, 0.34782608695652173, 0.2125984251968504]
Validation sensitivity: 0.5448548812664907
Validation specificity: 0.4290187891440501
Validation icbhi_score: 0.4869368352052704
Validation roc_auc: None
Validation avg_accuracy: 0.40839285379410645
Validation one_indexed_epoch: 14
The validation tracker metric at 0.5625657564957778 hasn't increased by 0 in 5 epochs
There is no such attribute
272/272 - 134s - loss: 0.1883 - accuracy: 0.9381 - 134s/epoch - 491ms/step
Epoch 15/80
Validation cm: [[564 302  10  82]
 [233 307   4  18]
 [ 19  25   4  21]
 [ 41  36   5  45]]
Validation normalized_cm: [[0.589 0.315 0.01  0.086]
 [0.415 0.546 0.007 0.032]
 [0.275 0.362 0.058 0.304]
 [0.323 0.283 0.039 0.354]]
Validation acc: 0.5361305361305362
Validation class_accuracies: [0.5887265135699373, 0.5462633451957295, 0.057971014492753624, 0.3543307086614173]
Validation sensitivity: 0.46965699208443273
Validation specificity: 0.5887265135699373
Validation icbhi_score: 0.529191752827185
Validation roc_auc: None
Validation avg_accuracy: 0.38682289547995946
Validation one_indexed_epoch: 15
The validation tracker metric at 0.5625657564957778 hasn't increased by 0 in 6 epochs
There is no such attribute
272/272 - 139s - loss: 0.1814 - accuracy: 0.9416 - 139s/epoch - 510ms/step
Epoch 16/80
Validation cm: [[583 229  66  80]
 [253 269  25  15]
 [ 32  10  10  17]
 [ 35  38  14  40]]
Validation normalized_cm: [[0.609 0.239 0.069 0.084]
 [0.45  0.479 0.044 0.027]
 [0.464 0.145 0.145 0.246]
 [0.276 0.299 0.11  0.315]]
Validation acc: 0.5256410256410257
Validation class_accuracies: [0.6085594989561587, 0.4786476868327402, 0.14492753623188406, 0.31496062992125984]
Validation sensitivity: 0.420844327176781
Validation specificity: 0.6085594989561587
Validation icbhi_score: 0.5147019130664698
Validation roc_auc: None
Validation avg_accuracy: 0.3867738379855107
Validation one_indexed_epoch: 16
The validation tracker metric at 0.5625657564957778 hasn't increased by 0 in 7 epochs
There is no such attribute
272/272 - 144s - loss: 0.1663 - accuracy: 0.9499 - 144s/epoch - 529ms/step
Epoch 17/80
Validation cm: [[276 388  44 250]
 [116 353  24  69]
 [ 12  19  10  28]
 [ 14  47  13  53]]
Validation normalized_cm: [[0.288 0.405 0.046 0.261]
 [0.206 0.628 0.043 0.123]
 [0.174 0.275 0.145 0.406]
 [0.11  0.37  0.102 0.417]]
Validation acc: 0.40326340326340326
Validation class_accuracies: [0.2881002087682672, 0.6281138790035588, 0.14492753623188406, 0.41732283464566927]
Validation sensitivity: 0.5488126649076517
Validation specificity: 0.2881002087682672
Validation icbhi_score: 0.4184564368379594
Validation roc_auc: None
Validation avg_accuracy: 0.3696161146623448
Validation one_indexed_epoch: 17
The validation tracker metric at 0.5625657564957778 hasn't increased by 0 in 8 epochs
There is no such attribute
272/272 - 147s - loss: 0.1549 - accuracy: 0.9487 - 147s/epoch - 539ms/step
Epoch 18/80
Validation cm: [[519 395   7  37]
 [156 396   1   9]
 [ 32  23   4  10]
 [ 22  68   6  31]]
Validation normalized_cm: [[0.542 0.412 0.007 0.039]
 [0.278 0.705 0.002 0.016]
 [0.464 0.333 0.058 0.145]
 [0.173 0.535 0.047 0.244]]
Validation acc: 0.5536130536130536
Validation class_accuracies: [0.5417536534446764, 0.7046263345195729, 0.057971014492753624, 0.2440944881889764]
Validation sensitivity: 0.5686015831134564
Validation specificity: 0.5417536534446764
Validation icbhi_score: 0.5551776182790664
Validation roc_auc: None
Validation avg_accuracy: 0.3871113726614948
Validation one_indexed_epoch: 18
The validation tracker metric at 0.5625657564957778 hasn't increased by 0 in 9 epochs
There is no such attribute
272/272 - 178s - loss: 0.1356 - accuracy: 0.9575 - 178s/epoch - 654ms/step
Epoch 19/80
Validation cm: [[480 328   7 143]
 [194 328   2  38]
 [ 21  17   5  26]
 [ 27  47   4  49]]
Validation normalized_cm: [[0.501 0.342 0.007 0.149]
 [0.345 0.584 0.004 0.068]
 [0.304 0.246 0.072 0.377]
 [0.213 0.37  0.031 0.386]]
Validation acc: 0.5023310023310024
Validation class_accuracies: [0.5010438413361169, 0.5836298932384342, 0.07246376811594203, 0.3858267716535433]
Validation sensitivity: 0.503957783641161
Validation specificity: 0.5010438413361169
Validation icbhi_score: 0.502500812488639
Validation roc_auc: None
Validation avg_accuracy: 0.3857410685860091
Validation one_indexed_epoch: 19
The validation tracker metric at 0.5625657564957778 hasn't increased by 0 in 10 epochs
There is no such attribute
272/272 - 158s - loss: 0.1231 - accuracy: 0.9600 - 158s/epoch - 580ms/step
Epoch 20/80
Validation cm: [[461 379  46  72]
 [146 397  10   9]
 [ 19  22  14  14]
 [ 26  56  13  32]]
Validation normalized_cm: [[0.481 0.396 0.048 0.075]
 [0.26  0.706 0.018 0.016]
 [0.275 0.319 0.203 0.203]
 [0.205 0.441 0.102 0.252]]
Validation acc: 0.5268065268065268
Validation class_accuracies: [0.4812108559498956, 0.7064056939501779, 0.2028985507246377, 0.25196850393700787]
Validation sensitivity: 0.5844327176781002
Validation specificity: 0.4812108559498956
Validation icbhi_score: 0.5328217868139979
Validation roc_auc: None
Validation avg_accuracy: 0.41062090114042976
Validation one_indexed_epoch: 20
The validation tracker metric at 0.5625657564957778 hasn't increased by 0 in 11 epochs
There is no such attribute
272/272 - 261s - loss: 0.1330 - accuracy: 0.9563 - 261s/epoch - 959ms/step
Epoch 21/80
Validation cm: [[688 233  15  22]
 [239 303  12   8]
 [ 38  12   9  10]
 [ 39  51  17  20]]
Validation normalized_cm: [[0.718 0.243 0.016 0.023]
 [0.425 0.539 0.021 0.014]
 [0.551 0.174 0.13  0.145]
 [0.307 0.402 0.134 0.157]]
Validation acc: 0.5944055944055944
Validation class_accuracies: [0.7181628392484343, 0.5391459074733096, 0.13043478260869565, 0.15748031496062992]
Validation sensitivity: 0.43799472295514513
Validation specificity: 0.7181628392484343
Validation icbhi_score: 0.5780787811017897
Validation roc_auc: None
Validation avg_accuracy: 0.3863059610727673
Validation one_indexed_epoch: 21
-- New best results were achieved. --
Mel loss: <tf.Variable 'Variable:0' shape=() dtype=float32, numpy=0.5>
sinc loss: <tf.Variable 'Variable:0' shape=() dtype=float32, numpy=0.5>
There is no such attribute
272/272 - 260s - loss: 0.1342 - accuracy: 0.9579 - 260s/epoch - 956ms/step
Epoch 22/80
Validation cm: [[592 272  25  69]
 [248 287   7  20]
 [ 36   9  13  11]
 [ 43  35  17  32]]
Validation normalized_cm: [[0.618 0.284 0.026 0.072]
 [0.441 0.511 0.012 0.036]
 [0.522 0.13  0.188 0.159]
 [0.339 0.276 0.134 0.252]]
Validation acc: 0.5384615384615384
Validation class_accuracies: [0.6179540709812108, 0.5106761565836299, 0.18840579710144928, 0.25196850393700787]
Validation sensitivity: 0.43799472295514513
Validation specificity: 0.6179540709812108
Validation icbhi_score: 0.5279743969681779
Validation roc_auc: None
Validation avg_accuracy: 0.3922511321508244
Validation one_indexed_epoch: 22
The validation tracker metric at 0.5780787811017897 hasn't increased by 0 in 1 epochs
There is no such attribute
272/272 - 262s - loss: 0.1040 - accuracy: 0.9664 - 262s/epoch - 962ms/step
Epoch 23/80
Validation cm: [[470 425   2  61]
 [153 397   1  11]
 [ 31  26   2  10]
 [ 34  61   3  29]]
Validation normalized_cm: [[0.491 0.444 0.002 0.064]
 [0.272 0.706 0.002 0.02 ]
 [0.449 0.377 0.029 0.145]
 [0.268 0.48  0.024 0.228]]
Validation acc: 0.5233100233100233
Validation class_accuracies: [0.4906054279749478, 0.7064056939501779, 0.028985507246376812, 0.2283464566929134]
Validation sensitivity: 0.5646437994722955
Validation specificity: 0.4906054279749478
Validation icbhi_score: 0.5276246137236217
Validation roc_auc: None
Validation avg_accuracy: 0.363585771466104
Validation one_indexed_epoch: 23
The validation tracker metric at 0.5780787811017897 hasn't increased by 0 in 2 epochs
There is no such attribute
272/272 - 256s - loss: 0.0893 - accuracy: 0.9680 - 256s/epoch - 942ms/step
Epoch 24/80
Validation cm: [[313 514  34  97]
 [109 429   8  16]
 [ 18  24  17  10]
 [ 15  66  19  27]]
Validation normalized_cm: [[0.327 0.537 0.035 0.101]
 [0.194 0.763 0.014 0.028]
 [0.261 0.348 0.246 0.145]
 [0.118 0.52  0.15  0.213]]
Validation acc: 0.458041958041958
Validation class_accuracies: [0.3267223382045929, 0.7633451957295374, 0.2463768115942029, 0.2125984251968504]
Validation sensitivity: 0.6240105540897097
Validation specificity: 0.3267223382045929
Validation icbhi_score: 0.4753664461471513
Validation roc_auc: None
Validation avg_accuracy: 0.3872606926812959
Validation one_indexed_epoch: 24
The validation tracker metric at 0.5780787811017897 hasn't increased by 0 in 3 epochs
There is no such attribute
272/272 - 180s - loss: 0.0847 - accuracy: 0.9719 - 180s/epoch - 663ms/step
Epoch 25/80
Validation cm: [[573 359  13  13]
 [217 332   7   6]
 [ 28  29   9   3]
 [ 38  58  20  11]]
Validation normalized_cm: [[0.598 0.375 0.014 0.014]
 [0.386 0.591 0.012 0.011]
 [0.406 0.42  0.13  0.043]
 [0.299 0.457 0.157 0.087]]
Validation acc: 0.539044289044289
Validation class_accuracies: [0.5981210855949896, 0.5907473309608541, 0.13043478260869565, 0.08661417322834646]
Validation sensitivity: 0.46437994722955145
Validation specificity: 0.5981210855949896
Validation icbhi_score: 0.5312505164122705
Validation roc_auc: None
Validation avg_accuracy: 0.35147934309822143
Validation one_indexed_epoch: 25
The validation tracker metric at 0.5780787811017897 hasn't increased by 0 in 4 epochs
There is no such attribute
272/272 - 259s - loss: 0.0847 - accuracy: 0.9713 - 259s/epoch - 952ms/step
Epoch 26/80
Validation cm: [[537 389  27   5]
 [214 338   9   1]
 [ 20  34  12   3]
 [ 33  63  24   7]]
Validation normalized_cm: [[0.561 0.406 0.028 0.005]
 [0.381 0.601 0.016 0.002]
 [0.29  0.493 0.174 0.043]
 [0.26  0.496 0.189 0.055]]
Validation acc: 0.5209790209790209
Validation class_accuracies: [0.5605427974947808, 0.6014234875444839, 0.17391304347826086, 0.05511811023622047]
Validation sensitivity: 0.470976253298153
Validation specificity: 0.5605427974947808
Validation icbhi_score: 0.5157595253964669
Validation roc_auc: None
Validation avg_accuracy: 0.34774935968843645
Validation one_indexed_epoch: 26
The validation tracker metric at 0.5780787811017897 hasn't increased by 0 in 5 epochs
There is no such attribute
272/272 - 262s - loss: 0.0920 - accuracy: 0.9710 - 262s/epoch - 964ms/step
Epoch 27/80
Validation cm: [[487 399  14  58]
 [170 375   9   8]
 [ 17  25  12  15]
 [ 20  55  13  39]]
Validation normalized_cm: [[0.508 0.416 0.015 0.061]
 [0.302 0.667 0.016 0.014]
 [0.246 0.362 0.174 0.217]
 [0.157 0.433 0.102 0.307]]
Validation acc: 0.532051282051282
Validation class_accuracies: [0.5083507306889353, 0.6672597864768683, 0.17391304347826086, 0.30708661417322836]
Validation sensitivity: 0.5620052770448549
Validation specificity: 0.5083507306889353
Validation icbhi_score: 0.5351780038668952
Validation roc_auc: None
Validation avg_accuracy: 0.4141525437043232
Validation one_indexed_epoch: 27
The validation tracker metric at 0.5780787811017897 hasn't increased by 0 in 6 epochs
There is no such attribute
272/272 - 260s - loss: 0.0928 - accuracy: 0.9703 - 260s/epoch - 956ms/step
Epoch 28/80
Validation cm: [[567 371   6  14]
 [180 372   5   5]
 [ 32  26   5   6]
 [ 35  68   5  19]]
Validation normalized_cm: [[0.592 0.387 0.006 0.015]
 [0.32  0.662 0.009 0.009]
 [0.464 0.377 0.072 0.087]
 [0.276 0.535 0.039 0.15 ]]
Validation acc: 0.5611888111888111
Validation class_accuracies: [0.5918580375782881, 0.6619217081850534, 0.07246376811594203, 0.14960629921259844]
Validation sensitivity: 0.5224274406332454
Validation specificity: 0.5918580375782881
Validation icbhi_score: 0.5571427391057668
Validation roc_auc: None
Validation avg_accuracy: 0.3689624532729705
Validation one_indexed_epoch: 28
The validation tracker metric at 0.5780787811017897 hasn't increased by 0 in 7 epochs
There is no such attribute
272/272 - 260s - loss: 0.0922 - accuracy: 0.9733 - 260s/epoch - 956ms/step
Epoch 29/80
Validation cm: [[466 385  23  84]
 [135 395  12  20]
 [ 15  24  13  17]
 [ 19  51  21  36]]
Validation normalized_cm: [[0.486 0.402 0.024 0.088]
 [0.24  0.703 0.021 0.036]
 [0.217 0.348 0.188 0.246]
 [0.15  0.402 0.165 0.283]]
Validation acc: 0.5303030303030303
Validation class_accuracies: [0.48643006263048016, 0.702846975088968, 0.18840579710144928, 0.28346456692913385]
Validation sensitivity: 0.5857519788918206
Validation specificity: 0.48643006263048016
Validation icbhi_score: 0.5360910207611504
Validation roc_auc: None
Validation avg_accuracy: 0.4152868504375078
Validation one_indexed_epoch: 29
The validation tracker metric at 0.5780787811017897 hasn't increased by 0 in 8 epochs
There is no such attribute
272/272 - 180s - loss: 0.0671 - accuracy: 0.9791 - 180s/epoch - 664ms/step
Epoch 30/80
Validation cm: [[399 391  38 130]
 [105 417   9  31]
 [ 22  18  12  17]
 [ 15  52  21  39]]
Validation normalized_cm: [[0.416 0.408 0.04  0.136]
 [0.187 0.742 0.016 0.055]
 [0.319 0.261 0.174 0.246]
 [0.118 0.409 0.165 0.307]]
Validation acc: 0.5052447552447552
Validation class_accuracies: [0.4164926931106472, 0.7419928825622776, 0.17391304347826086, 0.30708661417322836]
Validation sensitivity: 0.6174142480211082
Validation specificity: 0.4164926931106472
Validation icbhi_score: 0.5169534705658777
Validation roc_auc: None
Validation avg_accuracy: 0.4098713083311034
Validation one_indexed_epoch: 30
The validation tracker metric at 0.5780787811017897 hasn't increased by 0 in 9 epochs
There is no such attribute
272/272 - 252s - loss: 0.0668 - accuracy: 0.9770 - 252s/epoch - 925ms/step
Epoch 31/80
Validation cm: [[513 244  58 143]
 [168 318  28  48]
 [ 26  11  14  18]
 [ 20  41  32  34]]
Validation normalized_cm: [[0.535 0.255 0.061 0.149]
 [0.299 0.566 0.05  0.085]
 [0.377 0.159 0.203 0.261]
 [0.157 0.323 0.252 0.268]]
Validation acc: 0.5122377622377622
Validation class_accuracies: [0.535490605427975, 0.5658362989323843, 0.2028985507246377, 0.2677165354330709]
Validation sensitivity: 0.48284960422163586
Validation specificity: 0.535490605427975
Validation icbhi_score: 0.5091701048248054
Validation roc_auc: None
Validation avg_accuracy: 0.39298549762951696
Validation one_indexed_epoch: 31
The validation tracker metric at 0.5780787811017897 hasn't increased by 0 in 10 epochs
Mel loss: <tf.Variable 'Variable:0' shape=() dtype=float32, numpy=0.5>
sinc loss: <tf.Variable 'Variable:0' shape=() dtype=float32, numpy=0.5>
There is no such attribute
272/272 - 265s - loss: 0.0709 - accuracy: 0.9800 - 265s/epoch - 973ms/step
Epoch 32/80
Validation cm: [[506 380  43  29]
 [161 381  12   8]
 [ 21  28  16   4]
 [ 23  60  33  11]]
Validation normalized_cm: [[0.528 0.397 0.045 0.03 ]
 [0.286 0.678 0.021 0.014]
 [0.304 0.406 0.232 0.058]
 [0.181 0.472 0.26  0.087]]
Validation acc: 0.5326340326340326
Validation class_accuracies: [0.5281837160751566, 0.6779359430604982, 0.2318840579710145, 0.08661417322834646]
Validation sensitivity: 0.5382585751978892
Validation specificity: 0.5281837160751566
Validation icbhi_score: 0.5332211456365229
Validation roc_auc: None
Validation avg_accuracy: 0.3811544725837539
Validation one_indexed_epoch: 32
The validation tracker metric at 0.5780787811017897 hasn't increased by 0 in 11 epochs
There is no such attribute
272/272 - 263s - loss: 0.0583 - accuracy: 0.9793 - 263s/epoch - 969ms/step
Epoch 33/80
Validation cm: [[523 301  51  83]
 [203 325  16  18]
 [ 18  18  18  15]
 [ 23  41  39  24]]
Validation normalized_cm: [[0.546 0.314 0.053 0.087]
 [0.361 0.578 0.028 0.032]
 [0.261 0.261 0.261 0.217]
 [0.181 0.323 0.307 0.189]]
Validation acc: 0.5186480186480187
Validation class_accuracies: [0.545929018789144, 0.5782918149466192, 0.2608695652173913, 0.1889763779527559]
Validation sensitivity: 0.4841688654353562
Validation specificity: 0.545929018789144
Validation icbhi_score: 0.5150489421122502
Validation roc_auc: None
Validation avg_accuracy: 0.3935166942264776
Validation one_indexed_epoch: 33
The validation tracker metric at 0.5780787811017897 hasn't increased by 0 in 12 epochs
There is no such attribute
272/272 - 250s - loss: 0.0655 - accuracy: 0.9791 - 250s/epoch - 918ms/step
Epoch 34/80
Validation cm: [[479 412  27  40]
 [139 406  12   5]
 [ 16  33  16   4]
 [ 21  62  25  19]]
Validation normalized_cm: [[0.5   0.43  0.028 0.042]
 [0.247 0.722 0.021 0.009]
 [0.232 0.478 0.232 0.058]
 [0.165 0.488 0.197 0.15 ]]
Validation acc: 0.5361305361305362
Validation class_accuracies: [0.5, 0.7224199288256228, 0.2318840579710145, 0.14960629921259844]
Validation sensitivity: 0.5817941952506597
Validation specificity: 0.5
Validation icbhi_score: 0.5408970976253298
Validation roc_auc: None
Validation avg_accuracy: 0.4009775715023089
Validation one_indexed_epoch: 34
The validation tracker metric at 0.5780787811017897 hasn't increased by 0 in 13 epochs
There is no such attribute
272/272 - 181s - loss: 0.0504 - accuracy: 0.9860 - 181s/epoch - 664ms/step
Epoch 35/80
Validation cm: [[516 367  32  43]
 [196 339  22   5]
 [ 24  23  13   9]
 [ 41  49  10  27]]
Validation normalized_cm: [[0.539 0.383 0.033 0.045]
 [0.349 0.603 0.039 0.009]
 [0.348 0.333 0.188 0.13 ]
 [0.323 0.386 0.079 0.213]]
Validation acc: 0.5215617715617715
Validation class_accuracies: [0.5386221294363257, 0.603202846975089, 0.18840579710144928, 0.2125984251968504]
Validation sensitivity: 0.5
Validation specificity: 0.5386221294363257
Validation icbhi_score: 0.5193110647181629
Validation roc_auc: None
Validation avg_accuracy: 0.38570729967742856
Validation one_indexed_epoch: 35
The validation tracker metric at 0.5780787811017897 hasn't increased by 0 in 14 epochs
There is no such attribute
272/272 - 266s - loss: 0.0619 - accuracy: 0.9800 - 266s/epoch - 978ms/step
Epoch 36/80
Validation cm: [[503 375  38  42]
 [149 383  18  12]
 [ 17  23  16  13]
 [ 20  57  22  28]]
Validation normalized_cm: [[0.525 0.391 0.04  0.044]
 [0.265 0.681 0.032 0.021]
 [0.246 0.333 0.232 0.188]
 [0.157 0.449 0.173 0.22 ]]
Validation acc: 0.541958041958042
Validation class_accuracies: [0.5250521920668059, 0.6814946619217082, 0.2318840579710145, 0.2204724409448819]
Validation sensitivity: 0.5633245382585752
Validation specificity: 0.5250521920668059
Validation icbhi_score: 0.5441883651626905
Validation roc_auc: None
Validation avg_accuracy: 0.4147258382261026
Validation one_indexed_epoch: 36
The validation tracker metric at 0.5780787811017897 hasn't increased by 0 in 15 epochs
There is no such attribute
272/272 - 264s - loss: 0.0592 - accuracy: 0.9805 - 264s/epoch - 972ms/step
Epoch 37/80
Validation cm: [[452 342  49 115]
 [171 354  13  24]
 [ 26  12  17  14]
 [ 19  54  24  30]]
Validation normalized_cm: [[0.472 0.357 0.051 0.12 ]
 [0.304 0.63  0.023 0.043]
 [0.377 0.174 0.246 0.203]
 [0.15  0.425 0.189 0.236]]
Validation acc: 0.4970862470862471
Validation class_accuracies: [0.4718162839248434, 0.6298932384341637, 0.2463768115942029, 0.23622047244094488]
Validation sensitivity: 0.5290237467018469
Validation specificity: 0.4718162839248434
Validation icbhi_score: 0.5004200153133451
Validation roc_auc: None
Validation avg_accuracy: 0.39607670159853875
Validation one_indexed_epoch: 37
The validation tracker metric at 0.5780787811017897 hasn't increased by 0 in 16 epochs
There is no such attribute
272/272 - 265s - loss: 0.0465 - accuracy: 0.9855 - 265s/epoch - 975ms/step
Epoch 38/80
Validation cm: [[612 220  29  97]
 [261 263  18  20]
 [ 33   8  13  15]
 [ 35  28  11  53]]
Validation normalized_cm: [[0.639 0.23  0.03  0.101]
 [0.464 0.468 0.032 0.036]
 [0.478 0.116 0.188 0.217]
 [0.276 0.22  0.087 0.417]]
Validation acc: 0.5483682983682984
Validation class_accuracies: [0.6388308977035491, 0.4679715302491103, 0.18840579710144928, 0.41732283464566927]
Validation sensitivity: 0.4340369393139842
Validation specificity: 0.6388308977035491
Validation icbhi_score: 0.5364339185087666
Validation roc_auc: None
Validation avg_accuracy: 0.42813276492494445
Validation one_indexed_epoch: 38
The validation tracker metric at 0.5780787811017897 hasn't increased by 0 in 17 epochs
There is no such attribute
272/272 - 251s - loss: 0.0424 - accuracy: 0.9867 - 251s/epoch - 923ms/step
Epoch 39/80
Validation cm: [[537 322  16  83]
 [161 372   9  20]
 [ 31  10  14  14]
 [ 31  36  12  48]]
Validation normalized_cm: [[0.561 0.336 0.017 0.087]
 [0.286 0.662 0.016 0.036]
 [0.449 0.145 0.203 0.203]
 [0.244 0.283 0.094 0.378]]
Validation acc: 0.5658508158508159
Validation class_accuracies: [0.5605427974947808, 0.6619217081850534, 0.2028985507246377, 0.3779527559055118]
Validation sensitivity: 0.5725593667546174
Validation specificity: 0.5605427974947808
Validation icbhi_score: 0.5665510821246991
Validation roc_auc: None
Validation avg_accuracy: 0.4508289530774959
Validation one_indexed_epoch: 39
The validation tracker metric at 0.5780787811017897 hasn't increased by 0 in 18 epochs
There is no such attribute
272/272 - 181s - loss: 0.0651 - accuracy: 0.9807 - 181s/epoch - 667ms/step
Epoch 40/80
Validation cm: [[520 319  45  74]
 [180 345  28   9]
 [ 23  14  16  16]
 [ 28  39  41  19]]
Validation normalized_cm: [[0.543 0.333 0.047 0.077]
 [0.32  0.614 0.05  0.016]
 [0.333 0.203 0.232 0.232]
 [0.22  0.307 0.323 0.15 ]]
Validation acc: 0.5244755244755245
Validation class_accuracies: [0.5427974947807933, 0.6138790035587188, 0.2318840579710145, 0.14960629921259844]
Validation sensitivity: 0.5013192612137203
Validation specificity: 0.5427974947807933
Validation icbhi_score: 0.5220583779972567
Validation roc_auc: None
Validation avg_accuracy: 0.38454171388078123
Validation one_indexed_epoch: 40
The validation tracker metric at 0.5780787811017897 hasn't increased by 0 in 19 epochs
There is no such attribute
272/272 - 259s - loss: 0.0508 - accuracy: 0.9834 - 259s/epoch - 951ms/step
Epoch 41/80
Validation cm: [[522 321  13 102]
 [170 364  11  17]
 [ 23  14  11  21]
 [ 23  43   9  52]]
Validation normalized_cm: [[0.545 0.335 0.014 0.106]
 [0.302 0.648 0.02  0.03 ]
 [0.333 0.203 0.159 0.304]
 [0.181 0.339 0.071 0.409]]
Validation acc: 0.553030303030303
Validation class_accuracies: [0.5448851774530271, 0.6476868327402135, 0.15942028985507245, 0.4094488188976378]
Validation sensitivity: 0.5633245382585752
Validation specificity: 0.5448851774530271
Validation icbhi_score: 0.5541048578558012
Validation roc_auc: None
Validation avg_accuracy: 0.4403602797364877
Validation one_indexed_epoch: 41
The validation tracker metric at 0.5780787811017897 hasn't increased by 0 in 20 epochs
There is no such attribute
272/272 - 264s - loss: 0.0470 - accuracy: 0.9862 - 264s/epoch - 970ms/step
Epoch 42/80
Validation cm: [[529 280  19 130]
 [182 336  15  29]
 [ 24  14  12  19]
 [ 27  30  13  57]]
Validation normalized_cm: [[0.552 0.292 0.02  0.136]
 [0.324 0.598 0.027 0.052]
 [0.348 0.203 0.174 0.275]
 [0.213 0.236 0.102 0.449]]
Validation acc: 0.5442890442890443
Validation class_accuracies: [0.5521920668058455, 0.597864768683274, 0.17391304347826086, 0.44881889763779526]
Validation sensitivity: 0.5343007915567283
Validation specificity: 0.5521920668058455
Validation icbhi_score: 0.5432464291812868
Validation roc_auc: None
Validation avg_accuracy: 0.4431971941512939
Validation one_indexed_epoch: 42
The validation tracker metric at 0.5780787811017897 hasn't increased by 0 in 21 epochs
There is no such attribute
272/272 - 265s - loss: 0.0344 - accuracy: 0.9890 - 265s/epoch - 973ms/step
Epoch 43/80
Validation cm: [[402 448  13  95]
 [115 434   2  11]
 [ 18  27   5  19]
 [ 21  50   6  50]]
Validation normalized_cm: [[0.42  0.468 0.014 0.099]
 [0.205 0.772 0.004 0.02 ]
 [0.261 0.391 0.072 0.275]
 [0.165 0.394 0.047 0.394]]
Validation acc: 0.5192307692307693
Validation class_accuracies: [0.4196242171189979, 0.7722419928825622, 0.07246376811594203, 0.3937007874015748]
Validation sensitivity: 0.6451187335092349
Validation specificity: 0.4196242171189979
Validation icbhi_score: 0.5323714753141164
Validation roc_auc: None
Validation avg_accuracy: 0.4145076913797693
Validation one_indexed_epoch: 43
The validation tracker metric at 0.5780787811017897 hasn't increased by 0 in 22 epochs
There is no such attribute
272/272 - 258s - loss: 0.0412 - accuracy: 0.9887 - 258s/epoch - 950ms/step
Epoch 44/80
Validation cm: [[584 334   6  34]
 [169 388   2   3]
 [ 32  23   1  13]
 [ 33  59   6  29]]
Validation normalized_cm: [[0.61  0.349 0.006 0.035]
 [0.301 0.69  0.004 0.005]
 [0.464 0.333 0.014 0.188]
 [0.26  0.465 0.047 0.228]]
Validation acc: 0.583916083916084
Validation class_accuracies: [0.6096033402922756, 0.6903914590747331, 0.014492753623188406, 0.2283464566929134]
Validation sensitivity: 0.5514511873350924
Validation specificity: 0.6096033402922756
Validation icbhi_score: 0.580527263813684
Validation roc_auc: None
Validation avg_accuracy: 0.38570850242077764
Validation one_indexed_epoch: 44
-- New best results were achieved. --
There is no such attribute
272/272 - 182s - loss: 0.0517 - accuracy: 0.9851 - 182s/epoch - 671ms/step
Epoch 45/80
Validation cm: [[472 334  32 120]
 [152 374  19  17]
 [ 25  22   6  16]
 [ 32  51  10  34]]
Validation normalized_cm: [[0.493 0.349 0.033 0.125]
 [0.27  0.665 0.034 0.03 ]
 [0.362 0.319 0.087 0.232]
 [0.252 0.402 0.079 0.268]]
Validation acc: 0.5163170163170163
Validation class_accuracies: [0.49269311064718163, 0.6654804270462633, 0.08695652173913043, 0.2677165354330709]
Validation sensitivity: 0.5461741424802111
Validation specificity: 0.49269311064718163
Validation icbhi_score: 0.5194336265636964
Validation roc_auc: None
Validation avg_accuracy: 0.37821164871641155
Validation one_indexed_epoch: 45
The validation tracker metric at 0.580527263813684 hasn't increased by 0 in 1 epochs
There is no such attribute
272/272 - 259s - loss: 0.0488 - accuracy: 0.9853 - 259s/epoch - 953ms/step
Epoch 46/80
Validation cm: [[640 182  56  80]
 [254 255  26  27]
 [ 31  10  14  14]
 [ 36  24  20  47]]
Validation normalized_cm: [[0.668 0.19  0.058 0.084]
 [0.452 0.454 0.046 0.048]
 [0.449 0.145 0.203 0.203]
 [0.283 0.189 0.157 0.37 ]]
Validation acc: 0.5571095571095571
Validation class_accuracies: [0.6680584551148225, 0.45373665480427045, 0.2028985507246377, 0.3700787401574803]
Validation sensitivity: 0.41688654353562005
Validation specificity: 0.6680584551148225
Validation icbhi_score: 0.5424724993252212
Validation roc_auc: None
Validation avg_accuracy: 0.42369310020030276
Validation one_indexed_epoch: 46
