Tensorflow Version: 2.8.0
Num GPUs Available:  1
Collecting Variables...
All variables have been collected.
../cache/
cw
train145
Description:  effnet: kfold, mel, no normalizing, 1 optimizer w adaptive lr, overlap threshold = 0.3,
-----------------------
Job id is 1.
Job dir: ../cache/cw/train145/1
- Loading Icbhi.
725 Icbhi audios have been loaded.
- Preparing Icbhi.
112 Icbhi groups of audio chunks (by filename or patients) have been prepared.
--- Samples are being split into training/val groups and de-grouped by patient ---
Job id is 2.
-----------------------
--- Final training dataset went from 0 to 4349 elements, with 0 none's, 0 crakles, 0 wheezes and 0 both ---
--- Final Validation dataset contains 1716 elements, with 0 none, 0 crackles, 0 wheezes and 0 both ---
Initializing weights...
Model: "leaf_model9_model_mixednet"
______________________________________________________________________________________________________________
 Layer (type)                                    Output Shape                                Param #          
==============================================================================================================
 mel_filterbanks (MelFilterbanks)                multiple                                    0                
                                                                                                              
 mel_filterbanks_1 (MelFilterbanks)              multiple                                    0 (unused)       
                                                                                                              
 sincnet (SincNet)                               multiple                                    0 (unused)       
                                                                                                              
 sequential (Sequential)                         (None, 4)                                   106354           
                                                                                                              
==============================================================================================================
Total params: 106,516
Trainable params: 106,020
Non-trainable params: 496
______________________________________________________________________________________________________________
Target metric is icbhi_score
Epoch 1/80
WARNING:tensorflow:Gradients do not exist for variables ['kernel:0', 'Variable:0', 'Variable:0'] when minimizing the loss. If you're using `model.compile()`, did you forget to provide a `loss`argument?
WARNING:tensorflow:Gradients do not exist for variables ['kernel:0', 'Variable:0', 'Variable:0'] when minimizing the loss. If you're using `model.compile()`, did you forget to provide a `loss`argument?
WARNING:tensorflow:Gradients do not exist for variables ['kernel:0', 'Variable:0', 'Variable:0'] when minimizing the loss. If you're using `model.compile()`, did you forget to provide a `loss`argument?
WARNING:tensorflow:Gradients do not exist for variables ['kernel:0', 'Variable:0', 'Variable:0'] when minimizing the loss. If you're using `model.compile()`, did you forget to provide a `loss`argument?
Validation cm: [[  0 958   0   0]
 [  0 562   0   0]
 [  0  69   0   0]
 [  0 127   0   0]]
Validation normalized_cm: [[0. 1. 0. 0.]
 [0. 1. 0. 0.]
 [0. 1. 0. 0.]
 [0. 1. 0. 0.]]
Validation acc: 0.3275058275058275
Validation class_accuracies: [0.0, 1.0, 0.0, 0.0]
Validation sensitivity: 0.741424802110818
Validation specificity: 0.0
Validation icbhi_score: 0.370712401055409
Validation roc_auc: None
Validation avg_accuracy: 0.25
Validation one_indexed_epoch: 1
-- New best results were achieved. --
There is no such attribute
272/272 - 131s - loss: 1.3900 - accuracy: 0.2902 - 131s/epoch - 483ms/step
Epoch 2/80
Validation cm: [[704 251   0   3]
 [261 297   0   4]
 [ 50  19   0   0]
 [ 59  68   0   0]]
Validation normalized_cm: [[0.735 0.262 0.    0.003]
 [0.464 0.528 0.    0.007]
 [0.725 0.275 0.    0.   ]
 [0.465 0.535 0.    0.   ]]
Validation acc: 0.5833333333333334
Validation class_accuracies: [0.7348643006263048, 0.5284697508896797, 0.0, 0.0]
Validation sensitivity: 0.391820580474934
Validation specificity: 0.7348643006263048
Validation icbhi_score: 0.5633424405506194
Validation roc_auc: None
Validation avg_accuracy: 0.31583351287899614
Validation one_indexed_epoch: 2
-- New best results were achieved. --
There is no such attribute
272/272 - 128s - loss: 1.3661 - accuracy: 0.3419 - 128s/epoch - 471ms/step
Epoch 3/80
Validation cm: [[453 358  25 122]
 [143 295  29  95]
 [ 26  23   3  17]
 [ 33  67   5  22]]
Validation normalized_cm: [[0.473 0.374 0.026 0.127]
 [0.254 0.525 0.052 0.169]
 [0.377 0.333 0.043 0.246]
 [0.26  0.528 0.039 0.173]]
Validation acc: 0.45046620046620045
Validation class_accuracies: [0.47286012526096033, 0.5249110320284698, 0.043478260869565216, 0.1732283464566929]
Validation sensitivity: 0.42216358839050133
Validation specificity: 0.47286012526096033
Validation icbhi_score: 0.4475118568257308
Validation roc_auc: None
Validation avg_accuracy: 0.30361944115392203
Validation one_indexed_epoch: 3
The validation tracker metric at 0.5633424405506194 hasn't increased by 0 in 1 epochs
There is no such attribute
272/272 - 130s - loss: 1.3483 - accuracy: 0.3746 - 130s/epoch - 477ms/step
Epoch 4/80
Validation cm: [[375 442  45  96]
 [117 345  58  42]
 [ 20  35   5   9]
 [ 21  88  11   7]]
Validation normalized_cm: [[0.391 0.461 0.047 0.1  ]
 [0.208 0.614 0.103 0.075]
 [0.29  0.507 0.072 0.13 ]
 [0.165 0.693 0.087 0.055]]
Validation acc: 0.42657342657342656
Validation class_accuracies: [0.3914405010438413, 0.6138790035587188, 0.07246376811594203, 0.05511811023622047]
Validation sensitivity: 0.470976253298153
Validation specificity: 0.3914405010438413
Validation icbhi_score: 0.43120837717099714
Validation roc_auc: None
Validation avg_accuracy: 0.2832253457386807
Validation one_indexed_epoch: 4
The validation tracker metric at 0.5633424405506194 hasn't increased by 0 in 2 epochs
There is no such attribute
272/272 - 126s - loss: 1.3342 - accuracy: 0.4040 - 126s/epoch - 463ms/step
Epoch 5/80
Validation cm: [[404 441  22  91]
 [122 357  37  46]
 [ 24  33   4   8]
 [ 22  89   9   7]]
Validation normalized_cm: [[0.422 0.46  0.023 0.095]
 [0.217 0.635 0.066 0.082]
 [0.348 0.478 0.058 0.116]
 [0.173 0.701 0.071 0.055]]
Validation acc: 0.44988344988344986
Validation class_accuracies: [0.42171189979123175, 0.6352313167259787, 0.057971014492753624, 0.05511811023622047]
Validation sensitivity: 0.48548812664907653
Validation specificity: 0.42171189979123175
Validation icbhi_score: 0.45360001322015414
Validation roc_auc: None
Validation avg_accuracy: 0.2925080853115461
Validation one_indexed_epoch: 5
The validation tracker metric at 0.5633424405506194 hasn't increased by 0 in 3 epochs
There is no such attribute
272/272 - 124s - loss: 1.3198 - accuracy: 0.4125 - 124s/epoch - 456ms/step
Epoch 6/80
Validation cm: [[371 487  15  85]
 [118 387  21  36]
 [ 23  37   3   6]
 [ 24  93   4   6]]
Validation normalized_cm: [[0.387 0.508 0.016 0.089]
 [0.21  0.689 0.037 0.064]
 [0.333 0.536 0.043 0.087]
 [0.189 0.732 0.031 0.047]]
Validation acc: 0.44696969696969696
Validation class_accuracies: [0.3872651356993737, 0.6886120996441281, 0.043478260869565216, 0.047244094488188976]
Validation sensitivity: 0.5224274406332454
Validation specificity: 0.3872651356993737
Validation icbhi_score: 0.45484628816630956
Validation roc_auc: None
Validation avg_accuracy: 0.29164989767531396
Validation one_indexed_epoch: 6
The validation tracker metric at 0.5633424405506194 hasn't increased by 0 in 4 epochs
There is no such attribute
272/272 - 129s - loss: 1.3103 - accuracy: 0.4327 - 129s/epoch - 473ms/step
Epoch 7/80
Validation cm: [[526 314   7 111]
 [189 295  16  62]
 [ 37  17   1  14]
 [ 37  65   2  23]]
Validation normalized_cm: [[0.549 0.328 0.007 0.116]
 [0.336 0.525 0.028 0.11 ]
 [0.536 0.246 0.014 0.203]
 [0.291 0.512 0.016 0.181]]
Validation acc: 0.49242424242424243
Validation class_accuracies: [0.5490605427974948, 0.5249110320284698, 0.014492753623188406, 0.18110236220472442]
Validation sensitivity: 0.420844327176781
Validation specificity: 0.5490605427974948
Validation icbhi_score: 0.4849524349871379
Validation roc_auc: None
Validation avg_accuracy: 0.31739167266346935
Validation one_indexed_epoch: 7
The validation tracker metric at 0.5633424405506194 hasn't increased by 0 in 5 epochs
There is no such attribute
272/272 - 130s - loss: 1.2973 - accuracy: 0.4479 - 130s/epoch - 479ms/step
Epoch 8/80
Validation cm: [[443 423   7  85]
 [146 363  15  38]
 [ 32  29   2   6]
 [ 27  91   2   7]]
Validation normalized_cm: [[0.462 0.442 0.007 0.089]
 [0.26  0.646 0.027 0.068]
 [0.464 0.42  0.029 0.087]
 [0.213 0.717 0.016 0.055]]
Validation acc: 0.47494172494172493
Validation class_accuracies: [0.46242171189979125, 0.6459074733096085, 0.028985507246376812, 0.05511811023622047]
Validation sensitivity: 0.49076517150395776
Validation specificity: 0.46242171189979125
Validation icbhi_score: 0.4765934417018745
Validation roc_auc: None
Validation avg_accuracy: 0.2981082006729992
Validation one_indexed_epoch: 8
The validation tracker metric at 0.5633424405506194 hasn't increased by 0 in 6 epochs
There is no such attribute
272/272 - 130s - loss: 1.2880 - accuracy: 0.4555 - 130s/epoch - 477ms/step
Epoch 9/80
Validation cm: [[372 502   4  80]
 [117 406   9  30]
 [ 23  39   1   6]
 [ 22  97   2   6]]
Validation normalized_cm: [[0.388 0.524 0.004 0.084]
 [0.208 0.722 0.016 0.053]
 [0.333 0.565 0.014 0.087]
 [0.173 0.764 0.016 0.047]]
Validation acc: 0.4574592074592075
Validation class_accuracies: [0.3883089770354906, 0.7224199288256228, 0.014492753623188406, 0.047244094488188976]
Validation sensitivity: 0.5448548812664907
Validation specificity: 0.3883089770354906
Validation icbhi_score: 0.46658192915099067
Validation roc_auc: None
Validation avg_accuracy: 0.2931164384931227
Validation one_indexed_epoch: 9
The validation tracker metric at 0.5633424405506194 hasn't increased by 0 in 7 epochs
There is no such attribute
272/272 - 129s - loss: 1.2794 - accuracy: 0.4670 - 129s/epoch - 474ms/step
Epoch 10/80
Validation cm: [[433 442   1  82]
 [140 383   4  35]
 [ 30  32   0   7]
 [ 27  93   1   6]]
Validation normalized_cm: [[0.452 0.461 0.001 0.086]
 [0.249 0.681 0.007 0.062]
 [0.435 0.464 0.    0.101]
 [0.213 0.732 0.008 0.047]]
Validation acc: 0.479020979020979
Validation class_accuracies: [0.4519832985386221, 0.6814946619217082, 0.0, 0.047244094488188976]
Validation sensitivity: 0.5131926121372031
Validation specificity: 0.4519832985386221
Validation icbhi_score: 0.48258795533791266
Validation roc_auc: None
Validation avg_accuracy: 0.2951805137371298
Validation one_indexed_epoch: 10
The validation tracker metric at 0.5633424405506194 hasn't increased by 0 in 8 epochs
There is no such attribute
272/272 - 131s - loss: 1.2699 - accuracy: 0.4723 - 131s/epoch - 483ms/step
Epoch 11/80
Validation cm: [[408 461   6  83]
 [131 391   9  31]
 [ 30  31   0   8]
 [ 27  94   0   6]]
Validation normalized_cm: [[0.426 0.481 0.006 0.087]
 [0.233 0.696 0.016 0.055]
 [0.435 0.449 0.    0.116]
 [0.213 0.74  0.    0.047]]
Validation acc: 0.46911421911421913
Validation class_accuracies: [0.42588726513569936, 0.6957295373665481, 0.0, 0.047244094488188976]
Validation sensitivity: 0.5237467018469657
Validation specificity: 0.42588726513569936
Validation icbhi_score: 0.4748169834913325
Validation roc_auc: None
Validation avg_accuracy: 0.2922152242476091
Validation one_indexed_epoch: 11
The validation tracker metric at 0.5633424405506194 hasn't increased by 0 in 9 epochs
Mel loss: <tf.Variable 'Variable:0' shape=() dtype=float32, numpy=0.5>
sinc loss: <tf.Variable 'Variable:0' shape=() dtype=float32, numpy=0.5>
There is no such attribute
272/272 - 133s - loss: 1.2646 - accuracy: 0.4776 - 133s/epoch - 488ms/step
Epoch 12/80
Validation cm: [[419 447   6  86]
 [141 386   5  30]
 [ 31  32   0   6]
 [ 28  92   1   6]]
Validation normalized_cm: [[0.437 0.467 0.006 0.09 ]
 [0.251 0.687 0.009 0.053]
 [0.449 0.464 0.    0.087]
 [0.22  0.724 0.008 0.047]]
Validation acc: 0.4726107226107226
Validation class_accuracies: [0.4373695198329854, 0.6868327402135231, 0.0, 0.047244094488188976]
Validation sensitivity: 0.5171503957783641
Validation specificity: 0.4373695198329854
Validation icbhi_score: 0.47725995780567476
Validation roc_auc: None
Validation avg_accuracy: 0.29286158863367434
Validation one_indexed_epoch: 12
The validation tracker metric at 0.5633424405506194 hasn't increased by 0 in 10 epochs
There is no such attribute
272/272 - 131s - loss: 1.2524 - accuracy: 0.4863 - 131s/epoch - 480ms/step
Epoch 13/80
Validation cm: [[378 496   8  76]
 [121 409   7  25]
 [ 25  36   2   6]
 [ 25  96   0   6]]
Validation normalized_cm: [[0.395 0.518 0.008 0.079]
 [0.215 0.728 0.012 0.044]
 [0.362 0.522 0.029 0.087]
 [0.197 0.756 0.    0.047]]
Validation acc: 0.4632867132867133
Validation class_accuracies: [0.3945720250521921, 0.7277580071174378, 0.028985507246376812, 0.047244094488188976]
Validation sensitivity: 0.5501319261213721
Validation specificity: 0.3945720250521921
Validation icbhi_score: 0.4723519755867821
Validation roc_auc: None
Validation avg_accuracy: 0.2996399084760489
Validation one_indexed_epoch: 13
The validation tracker metric at 0.5633424405506194 hasn't increased by 0 in 11 epochs
There is no such attribute
272/272 - 129s - loss: 1.2457 - accuracy: 0.4923 - 129s/epoch - 475ms/step
Epoch 14/80
Validation cm: [[427 436  12  83]
 [147 382   6  27]
 [ 30  32   1   6]
 [ 29  91   0   7]]
Validation normalized_cm: [[0.446 0.455 0.013 0.087]
 [0.262 0.68  0.011 0.048]
 [0.435 0.464 0.014 0.087]
 [0.228 0.717 0.    0.055]]
Validation acc: 0.4761072261072261
Validation class_accuracies: [0.44572025052192066, 0.6797153024911032, 0.014492753623188406, 0.05511811023622047]
Validation sensitivity: 0.5145118733509235
Validation specificity: 0.44572025052192066
Validation icbhi_score: 0.4801160619364221
Validation roc_auc: None
Validation avg_accuracy: 0.29876160421810816
Validation one_indexed_epoch: 14
The validation tracker metric at 0.5633424405506194 hasn't increased by 0 in 12 epochs
There is no such attribute
272/272 - 133s - loss: 1.2367 - accuracy: 0.4990 - 133s/epoch - 491ms/step
Epoch 15/80
Validation cm: [[473 383  12  90]
 [162 366   3  31]
 [ 34  27   0   8]
 [ 32  87   0   8]]
Validation normalized_cm: [[0.494 0.4   0.013 0.094]
 [0.288 0.651 0.005 0.055]
 [0.493 0.391 0.    0.116]
 [0.252 0.685 0.    0.063]]
Validation acc: 0.4935897435897436
Validation class_accuracies: [0.49373695198329853, 0.6512455516014235, 0.0, 0.06299212598425197]
Validation sensitivity: 0.49340369393139843
Validation specificity: 0.49373695198329853
Validation icbhi_score: 0.4935703229573485
Validation roc_auc: None
Validation avg_accuracy: 0.3019936573922435
Validation one_indexed_epoch: 15
The validation tracker metric at 0.5633424405506194 hasn't increased by 0 in 13 epochs
There is no such attribute
272/272 - 131s - loss: 1.2304 - accuracy: 0.5020 - 131s/epoch - 482ms/step
Epoch 16/80
Validation cm: [[487 384  12  75]
 [171 361   4  26]
 [ 35  28   0   6]
 [ 33  88   0   6]]
Validation normalized_cm: [[0.508 0.401 0.013 0.078]
 [0.304 0.642 0.007 0.046]
 [0.507 0.406 0.    0.087]
 [0.26  0.693 0.    0.047]]
Validation acc: 0.4976689976689977
Validation class_accuracies: [0.5083507306889353, 0.6423487544483986, 0.0, 0.047244094488188976]
Validation sensitivity: 0.4841688654353562
Validation specificity: 0.5083507306889353
Validation icbhi_score: 0.49625979806214576
Validation roc_auc: None
Validation avg_accuracy: 0.29948589490638067
Validation one_indexed_epoch: 16
The validation tracker metric at 0.5633424405506194 hasn't increased by 0 in 14 epochs
There is no such attribute
272/272 - 131s - loss: 1.2221 - accuracy: 0.5031 - 131s/epoch - 481ms/step
Epoch 17/80
Validation cm: [[396 452  36  74]
 [125 396  15  26]
 [ 28  33   2   6]
 [ 25  95   1   6]]
Validation normalized_cm: [[0.413 0.472 0.038 0.077]
 [0.222 0.705 0.027 0.046]
 [0.406 0.478 0.029 0.087]
 [0.197 0.748 0.008 0.047]]
Validation acc: 0.4662004662004662
Validation class_accuracies: [0.4133611691022965, 0.7046263345195729, 0.028985507246376812, 0.047244094488188976]
Validation sensitivity: 0.5329815303430079
Validation specificity: 0.4133611691022965
Validation icbhi_score: 0.4731713497226522
Validation roc_auc: None
Validation avg_accuracy: 0.29855427633910875
Validation one_indexed_epoch: 17
The number of epochs since last 1% equals the patience
There is no such attribute
272/272 - 134s - loss: 1.2138 - accuracy: 0.5056 - 134s/epoch - 492ms/step
----------------------------------
The best metrics for this job are: 

Best icbhi_score: 0.5633424405506194
Best cm: [[704 251   0   3]
 [261 297   0   4]
 [ 50  19   0   0]
 [ 59  68   0   0]]
Best normalized_cm: [[0.735 0.262 0.    0.003]
 [0.464 0.528 0.    0.007]
 [0.725 0.275 0.    0.   ]
 [0.465 0.535 0.    0.   ]]
Best acc: 0.5833333333333334
Best class_accuracies: [0.7348643006263048, 0.5284697508896797, 0.0, 0.0]
Best sensitivity: 0.391820580474934
Best specificity: 0.7348643006263048
Best roc_auc: None
Best avg_accuracy: 0.31583351287899614
Best one_indexed_epoch: 2
icbhi_score
model
cm
normalized_cm
acc
class_accuracies
sensitivity
specificity
roc_auc
avg_accuracy
one_indexed_epoch
Initial weights
[]
Post training weights
[]
Weight difference
[]
{'loss': [1.390022873878479, 1.366142749786377, 1.348308801651001, 1.3341926336288452, 1.319775104522705, 1.3103291988372803, 1.2973270416259766, 1.2879809141159058, 1.2793800830841064, 1.269861102104187, 1.2646158933639526, 1.2523969411849976, 1.2457047700881958, 1.2366844415664673, 1.2304431200027466, 1.2221430540084839, 1.2137693166732788], 'accuracy': [0.29018163681030273, 0.3419176936149597, 0.3745688796043396, 0.4040009081363678, 0.41250863671302795, 0.4327431619167328, 0.4479190707206726, 0.4555070102214813, 0.4670039117336273, 0.4722924828529358, 0.47758105397224426, 0.4863187074661255, 0.49229708313941956, 0.4989652931690216, 0.5019544959068298, 0.5031041502952576, 0.5056334733963013]}
Job id is 3.
-----------------------
--- Final training dataset went from 0 to 4634 elements, with 0 none's, 0 crakles, 0 wheezes and 0 both ---
--- Final Validation dataset contains 1431 elements, with 0 none, 0 crackles, 0 wheezes and 0 both ---
Initializing weights...
Model: "leaf_model9_model_mixednet_1"
______________________________________________________________________________________________________________
 Layer (type)                                    Output Shape                                Param #          
==============================================================================================================
 mel_filterbanks_2 (MelFilterbanks)              multiple                                    0                
                                                                                                              
 mel_filterbanks_3 (MelFilterbanks)              multiple                                    0 (unused)       
                                                                                                              
 sincnet (SincNet)                               multiple                                    0 (unused)       
                                                                                                              
 sequential_1 (Sequential)                       (None, 4)                                   106354           
                                                                                                              
==============================================================================================================
Total params: 106,516
Trainable params: 106,020
Non-trainable params: 496
______________________________________________________________________________________________________________
Target metric is icbhi_score
Epoch 1/80
/home/alirachidi/classification_algorithm/trainers/modules/main/global_helpers.py:48: UserWarning: Matplotlib is currently using agg, which is a non-GUI backend, so cannot show the figure.
  plt.show()
WARNING:tensorflow:Gradients do not exist for variables ['kernel:0', 'Variable:0', 'Variable:0'] when minimizing the loss. If you're using `model.compile()`, did you forget to provide a `loss`argument?
WARNING:tensorflow:Gradients do not exist for variables ['kernel:0', 'Variable:0', 'Variable:0'] when minimizing the loss. If you're using `model.compile()`, did you forget to provide a `loss`argument?
WARNING:tensorflow:Gradients do not exist for variables ['kernel:0', 'Variable:0', 'Variable:0'] when minimizing the loss. If you're using `model.compile()`, did you forget to provide a `loss`argument?
WARNING:tensorflow:Gradients do not exist for variables ['kernel:0', 'Variable:0', 'Variable:0'] when minimizing the loss. If you're using `model.compile()`, did you forget to provide a `loss`argument?
Validation cm: [[535   0   0   0]
 [492   0   0   0]
 [198   0   0   0]
 [206   0   0   0]]
Validation normalized_cm: [[1. 0. 0. 0.]
 [1. 0. 0. 0.]
 [1. 0. 0. 0.]
 [1. 0. 0. 0.]]
Validation acc: 0.37386443046820406
Validation class_accuracies: [1.0, 0.0, 0.0, 0.0]
Validation sensitivity: 0.0
Validation specificity: 1.0
Validation icbhi_score: 0.5
Validation roc_auc: None
Validation avg_accuracy: 0.25
Validation one_indexed_epoch: 1
-- New best results were achieved. --
There is no such attribute
290/290 - 126s - loss: 1.3828 - accuracy: 0.3444 - 126s/epoch - 435ms/step
Epoch 2/80
Validation cm: [[492   6   8  29]
 [486   2   3   1]
 [185   2   1  10]
 [199   4   0   3]]
Validation normalized_cm: [[0.92  0.011 0.015 0.054]
 [0.988 0.004 0.006 0.002]
 [0.934 0.01  0.005 0.051]
 [0.966 0.019 0.    0.015]]
Validation acc: 0.3480083857442348
Validation class_accuracies: [0.9196261682242991, 0.0040650406504065045, 0.005050505050505051, 0.014563106796116505]
Validation sensitivity: 0.006696428571428571
Validation specificity: 0.9196261682242991
Validation icbhi_score: 0.46316129839786385
Validation roc_auc: None
Validation avg_accuracy: 0.2358262051803318
Validation one_indexed_epoch: 2
The validation tracker metric at 0.5 hasn't increased by 0 in 1 epochs
There is no such attribute
290/290 - 125s - loss: 1.3623 - accuracy: 0.3800 - 125s/epoch - 433ms/step
Epoch 3/80
Validation cm: [[ 83  43   3 406]
 [ 64   8   2 418]
 [ 19  11   4 164]
 [ 35   8   2 161]]
Validation normalized_cm: [[0.155 0.08  0.006 0.759]
 [0.13  0.016 0.004 0.85 ]
 [0.096 0.056 0.02  0.828]
 [0.17  0.039 0.01  0.782]]
Validation acc: 0.17889587700908455
Validation class_accuracies: [0.15514018691588785, 0.016260162601626018, 0.020202020202020204, 0.7815533980582524]
Validation sensitivity: 0.19308035714285715
Validation specificity: 0.15514018691588785
Validation icbhi_score: 0.17411027202937251
Validation roc_auc: None
Validation avg_accuracy: 0.2432889419444466
Validation one_indexed_epoch: 3
The validation tracker metric at 0.5 hasn't increased by 0 in 2 epochs
There is no such attribute
290/290 - 124s - loss: 1.3365 - accuracy: 0.4303 - 124s/epoch - 428ms/step
Epoch 4/80
Validation cm: [[ 51  38   3 443]
 [ 36   8   2 446]
 [ 18   9   6 165]
 [ 22   5   3 176]]
Validation normalized_cm: [[0.095 0.071 0.006 0.828]
 [0.073 0.016 0.004 0.907]
 [0.091 0.045 0.03  0.833]
 [0.107 0.024 0.015 0.854]]
Validation acc: 0.1684136967155835
Validation class_accuracies: [0.09532710280373832, 0.016260162601626018, 0.030303030303030304, 0.8543689320388349]
Validation sensitivity: 0.21205357142857142
Validation specificity: 0.09532710280373832
Validation icbhi_score: 0.15369033711615487
Validation roc_auc: None
Validation avg_accuracy: 0.24906480693680738
Validation one_indexed_epoch: 4
The validation tracker metric at 0.5 hasn't increased by 0 in 3 epochs
There is no such attribute
290/290 - 126s - loss: 1.3155 - accuracy: 0.4581 - 126s/epoch - 434ms/step
Epoch 5/80
Validation cm: [[299 138   9  89]
 [219 167   4 102]
 [ 56  50  28  64]
 [ 89  45  38  34]]
Validation normalized_cm: [[0.559 0.258 0.017 0.166]
 [0.445 0.339 0.008 0.207]
 [0.283 0.253 0.141 0.323]
 [0.432 0.218 0.184 0.165]]
Validation acc: 0.3689727463312369
Validation class_accuracies: [0.5588785046728972, 0.3394308943089431, 0.1414141414141414, 0.1650485436893204]
Validation sensitivity: 0.25558035714285715
Validation specificity: 0.5588785046728972
Validation icbhi_score: 0.4072294309078772
Validation roc_auc: None
Validation avg_accuracy: 0.3011930210213255
Validation one_indexed_epoch: 5
The validation tracker metric at 0.5 hasn't increased by 0 in 4 epochs
There is no such attribute
290/290 - 125s - loss: 1.3027 - accuracy: 0.4758 - 125s/epoch - 432ms/step
Epoch 6/80
Validation cm: [[310 158  34  33]
 [222 228  31  11]
 [ 58  62  59  19]
 [ 72  46  85   3]]
Validation normalized_cm: [[0.579 0.295 0.064 0.062]
 [0.451 0.463 0.063 0.022]
 [0.293 0.313 0.298 0.096]
 [0.35  0.223 0.413 0.015]]
Validation acc: 0.4192872117400419
Validation class_accuracies: [0.5794392523364486, 0.4634146341463415, 0.29797979797979796, 0.014563106796116505]
Validation sensitivity: 0.3236607142857143
Validation specificity: 0.5794392523364486
Validation icbhi_score: 0.4515499833110814
Validation roc_auc: None
Validation avg_accuracy: 0.33884919781467615
Validation one_indexed_epoch: 6
The validation tracker metric at 0.5 hasn't increased by 0 in 5 epochs
There is no such attribute
290/290 - 124s - loss: 1.2882 - accuracy: 0.4894 - 124s/epoch - 428ms/step
Epoch 7/80
Validation cm: [[338 151  34  12]
 [266 211  15   0]
 [ 81  53  63   1]
 [ 88  47  71   0]]
Validation normalized_cm: [[0.632 0.282 0.064 0.022]
 [0.541 0.429 0.03  0.   ]
 [0.409 0.268 0.318 0.005]
 [0.427 0.228 0.345 0.   ]]
Validation acc: 0.4276729559748428
Validation class_accuracies: [0.6317757009345795, 0.42886178861788615, 0.3181818181818182, 0.0]
Validation sensitivity: 0.30580357142857145
Validation specificity: 0.6317757009345795
Validation icbhi_score: 0.46878963618157543
Validation roc_auc: None
Validation avg_accuracy: 0.3447048269335709
Validation one_indexed_epoch: 7
The validation tracker metric at 0.5 hasn't increased by 0 in 6 epochs
There is no such attribute
290/290 - 125s - loss: 1.2728 - accuracy: 0.4948 - 125s/epoch - 430ms/step
Epoch 8/80
Validation cm: [[ 16  19  23 477]
 [  8   5  15 464]
 [  5   1  43 149]
 [  7   2  38 159]]
Validation normalized_cm: [[0.03  0.036 0.043 0.892]
 [0.016 0.01  0.03  0.943]
 [0.025 0.005 0.217 0.753]
 [0.034 0.01  0.184 0.772]]
Validation acc: 0.15583508036338226
Validation class_accuracies: [0.029906542056074768, 0.01016260162601626, 0.21717171717171718, 0.7718446601941747]
Validation sensitivity: 0.23102678571428573
Validation specificity: 0.029906542056074768
Validation icbhi_score: 0.13046666388518025
Validation roc_auc: None
Validation avg_accuracy: 0.25727138026199575
Validation one_indexed_epoch: 8
The validation tracker metric at 0.5 hasn't increased by 0 in 7 epochs
There is no such attribute
290/290 - 125s - loss: 1.2634 - accuracy: 0.4942 - 125s/epoch - 431ms/step
Epoch 9/80
Validation cm: [[232  79  77 147]
 [143  96  64 189]
 [ 30  10  86  72]
 [ 44   9 109  44]]
Validation normalized_cm: [[0.434 0.148 0.144 0.275]
 [0.291 0.195 0.13  0.384]
 [0.152 0.051 0.434 0.364]
 [0.214 0.044 0.529 0.214]]
Validation acc: 0.32005590496156533
Validation class_accuracies: [0.4336448598130841, 0.1951219512195122, 0.43434343434343436, 0.21359223300970873]
Validation sensitivity: 0.25223214285714285
Validation specificity: 0.4336448598130841
Validation icbhi_score: 0.3429385013351135
Validation roc_auc: None
Validation avg_accuracy: 0.3191756195964348
Validation one_indexed_epoch: 9
The validation tracker metric at 0.5 hasn't increased by 0 in 8 epochs
There is no such attribute
290/290 - 126s - loss: 1.2502 - accuracy: 0.5043 - 126s/epoch - 433ms/step
Epoch 10/80
Validation cm: [[ 87  20  74 354]
 [ 41   6  57 388]
 [ 15   1  77 105]
 [ 14   2  99  91]]
Validation normalized_cm: [[0.163 0.037 0.138 0.662]
 [0.083 0.012 0.116 0.789]
 [0.076 0.005 0.389 0.53 ]
 [0.068 0.01  0.481 0.442]]
Validation acc: 0.18238993710691823
Validation class_accuracies: [0.16261682242990655, 0.012195121951219513, 0.3888888888888889, 0.441747572815534]
Validation sensitivity: 0.19419642857142858
Validation specificity: 0.16261682242990655
Validation icbhi_score: 0.17840662550066755
Validation roc_auc: None
Validation avg_accuracy: 0.25136210152138727
Validation one_indexed_epoch: 10
The validation tracker metric at 0.5 hasn't increased by 0 in 9 epochs
There is no such attribute
290/290 - 127s - loss: 1.2363 - accuracy: 0.5164 - 127s/epoch - 437ms/step
Epoch 11/80
Validation cm: [[343 144  31  17]
 [250 215  15  12]
 [ 65  42  74  17]
 [ 86  29  86   5]]
Validation normalized_cm: [[0.641 0.269 0.058 0.032]
 [0.508 0.437 0.03  0.024]
 [0.328 0.212 0.374 0.086]
 [0.417 0.141 0.417 0.024]]
Validation acc: 0.4451432564640112
Validation class_accuracies: [0.6411214953271028, 0.4369918699186992, 0.37373737373737376, 0.024271844660194174]
Validation sensitivity: 0.328125
Validation specificity: 0.6411214953271028
Validation icbhi_score: 0.4846232476635514
Validation roc_auc: None
Validation avg_accuracy: 0.3690306459108425
Validation one_indexed_epoch: 11
The validation tracker metric at 0.5 hasn't increased by 0 in 10 epochs
Mel loss: <tf.Variable 'Variable:0' shape=() dtype=float32, numpy=0.5>
sinc loss: <tf.Variable 'Variable:0' shape=() dtype=float32, numpy=0.5>
There is no such attribute
290/290 - 125s - loss: 1.2292 - accuracy: 0.5145 - 125s/epoch - 430ms/step
Epoch 12/80
Validation cm: [[161  37 149 188]
 [ 78  43 111 260]
 [ 20   3 100  75]
 [ 20   4 137  45]]
Validation normalized_cm: [[0.301 0.069 0.279 0.351]
 [0.159 0.087 0.226 0.528]
 [0.101 0.015 0.505 0.379]
 [0.097 0.019 0.665 0.218]]
Validation acc: 0.24388539482879107
Validation class_accuracies: [0.30093457943925234, 0.08739837398373984, 0.5050505050505051, 0.21844660194174756]
Validation sensitivity: 0.20982142857142858
Validation specificity: 0.30093457943925234
Validation icbhi_score: 0.25537800400534044
Validation roc_auc: None
Validation avg_accuracy: 0.27795751510381117
Validation one_indexed_epoch: 12
The validation tracker metric at 0.5 hasn't increased by 0 in 11 epochs
There is no such attribute
290/290 - 126s - loss: 1.2234 - accuracy: 0.5119 - 126s/epoch - 434ms/step
Epoch 13/80
Validation cm: [[350 146  32   7]
 [244 230  17   1]
 [ 71  43  82   2]
 [ 82  38  86   0]]
Validation normalized_cm: [[0.654 0.273 0.06  0.013]
 [0.496 0.467 0.035 0.002]
 [0.359 0.217 0.414 0.01 ]
 [0.398 0.184 0.417 0.   ]]
Validation acc: 0.46261355695317957
Validation class_accuracies: [0.6542056074766355, 0.46747967479674796, 0.41414141414141414, 0.0]
Validation sensitivity: 0.3482142857142857
Validation specificity: 0.6542056074766355
Validation icbhi_score: 0.5012099465954606
Validation roc_auc: None
Validation avg_accuracy: 0.3839566741036994
Validation one_indexed_epoch: 13
-- New best results were achieved. --
There is no such attribute
290/290 - 126s - loss: 1.2099 - accuracy: 0.5231 - 126s/epoch - 434ms/step
Epoch 14/80
Validation cm: [[353 140  28  14]
 [246 222  16   8]
 [ 65  42  79  12]
 [ 85  27  92   2]]
Validation normalized_cm: [[0.66  0.262 0.052 0.026]
 [0.5   0.451 0.033 0.016]
 [0.328 0.212 0.399 0.061]
 [0.413 0.131 0.447 0.01 ]]
Validation acc: 0.4584206848357792
Validation class_accuracies: [0.6598130841121496, 0.45121951219512196, 0.398989898989899, 0.009708737864077669]
Validation sensitivity: 0.33816964285714285
Validation specificity: 0.6598130841121496
Validation icbhi_score: 0.49899136348464623
Validation roc_auc: None
Validation avg_accuracy: 0.37993280829031206
Validation one_indexed_epoch: 14
The validation tracker metric at 0.5012099465954606 hasn't increased by 0 in 1 epochs
There is no such attribute
290/290 - 126s - loss: 1.2023 - accuracy: 0.5231 - 126s/epoch - 436ms/step
Epoch 15/80
Validation cm: [[337 119  64  15]
 [240 204  34  14]
 [ 60  23 100  15]
 [ 69  16 115   6]]
Validation normalized_cm: [[0.63  0.222 0.12  0.028]
 [0.488 0.415 0.069 0.028]
 [0.303 0.116 0.505 0.076]
 [0.335 0.078 0.558 0.029]]
Validation acc: 0.45213137665967856
Validation class_accuracies: [0.6299065420560748, 0.4146341463414634, 0.5050505050505051, 0.02912621359223301]
Validation sensitivity: 0.34598214285714285
Validation specificity: 0.6299065420560748
Validation icbhi_score: 0.4879443424566088
Validation roc_auc: None
Validation avg_accuracy: 0.3946793517600691
Validation one_indexed_epoch: 15
The validation tracker metric at 0.5012099465954606 hasn't increased by 0 in 2 epochs
There is no such attribute
290/290 - 126s - loss: 1.1943 - accuracy: 0.5272 - 126s/epoch - 435ms/step
Epoch 16/80
Validation cm: [[409 103  18   5]
 [351 133   8   0]
 [110  23  65   0]
 [116  31  59   0]]
Validation normalized_cm: [[0.764 0.193 0.034 0.009]
 [0.713 0.27  0.016 0.   ]
 [0.556 0.116 0.328 0.   ]
 [0.563 0.15  0.286 0.   ]]
Validation acc: 0.4241788958770091
Validation class_accuracies: [0.7644859813084112, 0.2703252032520325, 0.3282828282828283, 0.0]
Validation sensitivity: 0.22098214285714285
Validation specificity: 0.7644859813084112
Validation icbhi_score: 0.49273406208277704
Validation roc_auc: None
Validation avg_accuracy: 0.340773503210818
Validation one_indexed_epoch: 16
The validation tracker metric at 0.5012099465954606 hasn't increased by 0 in 3 epochs
There is no such attribute
290/290 - 125s - loss: 1.1870 - accuracy: 0.5278 - 125s/epoch - 431ms/step
Epoch 17/80
Validation cm: [[361 127  35  12]
 [252 215  18   7]
 [ 74  32  81  11]
 [ 84  23  96   3]]
Validation normalized_cm: [[0.675 0.237 0.065 0.022]
 [0.512 0.437 0.037 0.014]
 [0.374 0.162 0.409 0.056]
 [0.408 0.112 0.466 0.015]]
Validation acc: 0.4612159329140461
Validation class_accuracies: [0.6747663551401869, 0.4369918699186992, 0.4090909090909091, 0.014563106796116505]
Validation sensitivity: 0.33370535714285715
Validation specificity: 0.6747663551401869
Validation icbhi_score: 0.504235856141522
Validation roc_auc: None
Validation avg_accuracy: 0.38385306023647797
Validation one_indexed_epoch: 17
-- New best results were achieved. --
There is no such attribute
290/290 - 125s - loss: 1.1824 - accuracy: 0.5343 - 125s/epoch - 433ms/step
Epoch 18/80
Validation cm: [[295  78  96  66]
 [202 132  61  97]
 [ 41  16 104  37]
 [ 49  10 127  20]]
Validation normalized_cm: [[0.551 0.146 0.179 0.123]
 [0.411 0.268 0.124 0.197]
 [0.207 0.081 0.525 0.187]
 [0.238 0.049 0.617 0.097]]
Validation acc: 0.38504542278127185
Validation class_accuracies: [0.5514018691588785, 0.2682926829268293, 0.5252525252525253, 0.0970873786407767]
Validation sensitivity: 0.2857142857142857
Validation specificity: 0.5514018691588785
Validation icbhi_score: 0.4185580774365821
Validation roc_auc: None
Validation avg_accuracy: 0.3605086139947524
Validation one_indexed_epoch: 18
The validation tracker metric at 0.504235856141522 hasn't increased by 0 in 1 epochs
There is no such attribute
290/290 - 126s - loss: 1.1709 - accuracy: 0.5404 - 126s/epoch - 435ms/step
Epoch 19/80
Validation cm: [[375 119  34   7]
 [267 204  18   3]
 [ 80  27  84   7]
 [ 85  22  97   2]]
Validation normalized_cm: [[0.701 0.222 0.064 0.013]
 [0.543 0.415 0.037 0.006]
 [0.404 0.136 0.424 0.035]
 [0.413 0.107 0.471 0.01 ]]
Validation acc: 0.4647099930118798
Validation class_accuracies: [0.7009345794392523, 0.4146341463414634, 0.42424242424242425, 0.009708737864077669]
Validation sensitivity: 0.3236607142857143
Validation specificity: 0.7009345794392523
Validation icbhi_score: 0.5122976468624834
Validation roc_auc: None
Validation avg_accuracy: 0.3873799719718044
Validation one_indexed_epoch: 19
-- New best results were achieved. --
There is no such attribute
290/290 - 126s - loss: 1.1654 - accuracy: 0.5425 - 126s/epoch - 434ms/step
Epoch 20/80
Validation cm: [[298  81 114  42]
 [197 163  82  50]
 [ 43  23 109  23]
 [ 49  13 132  12]]
Validation normalized_cm: [[0.557 0.151 0.213 0.079]
 [0.4   0.331 0.167 0.102]
 [0.217 0.116 0.551 0.116]
 [0.238 0.063 0.641 0.058]]
Validation acc: 0.40670859538784065
Validation class_accuracies: [0.5570093457943925, 0.3313008130081301, 0.5505050505050505, 0.05825242718446602]
Validation sensitivity: 0.3169642857142857
Validation specificity: 0.5570093457943925
Validation icbhi_score: 0.4369868157543391
Validation roc_auc: None
Validation avg_accuracy: 0.37426690912300975
Validation one_indexed_epoch: 20
The validation tracker metric at 0.5122976468624834 hasn't increased by 0 in 1 epochs
There is no such attribute
290/290 - 125s - loss: 1.1556 - accuracy: 0.5425 - 125s/epoch - 431ms/step
Epoch 21/80
Validation cm: [[350 110  59  16]
 [241 217  23  11]
 [ 59  28  93  18]
 [ 72  17 110   7]]
Validation normalized_cm: [[0.654 0.206 0.11  0.03 ]
 [0.49  0.441 0.047 0.022]
 [0.298 0.141 0.47  0.091]
 [0.35  0.083 0.534 0.034]]
Validation acc: 0.4661076170510133
Validation class_accuracies: [0.6542056074766355, 0.4410569105691057, 0.4696969696969697, 0.03398058252427184]
Validation sensitivity: 0.35379464285714285
Validation specificity: 0.6542056074766355
Validation icbhi_score: 0.5040001251668892
Validation roc_auc: None
Validation avg_accuracy: 0.3997350175667457
Validation one_indexed_epoch: 21
The validation tracker metric at 0.5122976468624834 hasn't increased by 0 in 2 epochs
Mel loss: <tf.Variable 'Variable:0' shape=() dtype=float32, numpy=0.5>
sinc loss: <tf.Variable 'Variable:0' shape=() dtype=float32, numpy=0.5>
There is no such attribute
290/290 - 126s - loss: 1.1528 - accuracy: 0.5514 - 126s/epoch - 436ms/step
Epoch 22/80
Validation cm: [[331 108  84  12]
 [229 216  41   6]
 [ 59  26 103  10]
 [ 63  16 121   6]]
Validation normalized_cm: [[0.619 0.202 0.157 0.022]
 [0.465 0.439 0.083 0.012]
 [0.298 0.131 0.52  0.051]
 [0.306 0.078 0.587 0.029]]
Validation acc: 0.4584206848357792
Validation class_accuracies: [0.6186915887850467, 0.43902439024390244, 0.5202020202020202, 0.02912621359223301]
Validation sensitivity: 0.3627232142857143
Validation specificity: 0.6186915887850467
Validation icbhi_score: 0.4907074015353805
Validation roc_auc: None
Validation avg_accuracy: 0.4017610532058006
Validation one_indexed_epoch: 22
The validation tracker metric at 0.5122976468624834 hasn't increased by 0 in 3 epochs
There is no such attribute
290/290 - 126s - loss: 1.1444 - accuracy: 0.5498 - 126s/epoch - 436ms/step
Epoch 23/80
Validation cm: [[383 119  26   7]
 [286 189  16   1]
 [ 89  25  80   4]
 [ 90  23  92   1]]
Validation normalized_cm: [[0.716 0.222 0.049 0.013]
 [0.581 0.384 0.033 0.002]
 [0.449 0.126 0.404 0.02 ]
 [0.437 0.112 0.447 0.005]]
Validation acc: 0.45632424877707894
Validation class_accuracies: [0.7158878504672898, 0.38414634146341464, 0.40404040404040403, 0.0048543689320388345]
Validation sensitivity: 0.3013392857142857
Validation specificity: 0.7158878504672898
Validation icbhi_score: 0.5086135680907877
Validation roc_auc: None
Validation avg_accuracy: 0.3772322412257868
Validation one_indexed_epoch: 23
The validation tracker metric at 0.5122976468624834 hasn't increased by 0 in 4 epochs
There is no such attribute
290/290 - 127s - loss: 1.1359 - accuracy: 0.5511 - 127s/epoch - 437ms/step
Epoch 24/80
Validation cm: [[445  71  18   1]
 [423  63   6   0]
 [138  11  49   0]
 [143  18  45   0]]
Validation normalized_cm: [[0.832 0.133 0.034 0.002]
 [0.86  0.128 0.012 0.   ]
 [0.697 0.056 0.247 0.   ]
 [0.694 0.087 0.218 0.   ]]
Validation acc: 0.38923829489867223
Validation class_accuracies: [0.8317757009345794, 0.12804878048780488, 0.2474747474747475, 0.0]
Validation sensitivity: 0.125
Validation specificity: 0.8317757009345794
Validation icbhi_score: 0.4783878504672897
Validation roc_auc: None
Validation avg_accuracy: 0.30182480722428295
Validation one_indexed_epoch: 24
The validation tracker metric at 0.5122976468624834 hasn't increased by 0 in 5 epochs
There is no such attribute
