Tensorflow Version: 2.8.0
Num GPUs Available:  1
Collecting Variables...
All variables have been collected.
../cache/
cw
train175
Description:  effnet: kfold, mel, no normalizing, 1 optimizer w adaptive lr, overlap threshold = 0.3,
-----------------------
training parameters
[('cache_root', '../cache/'), ('data_root', '../data/'), ('jordan_root', '../data/jwyy9np4gv-3/'), ('icbhi_root', '../data/raw_audios/icbhi_preprocessed_v2_cleaned_8000/'), ('bd_root', '../data/PCV_SEGMENTED_Processed_Files/'), ('excel_path', '../data/Bangladesh_PCV_onlyStudyPatients.xlsx'), ('perch_root', '../data/raw_audios/perch_8000_10seconds'), ('ant_root', '../data/raw_audios/Antwerp_Clinical_Complete'), ('description', ' effnet: kfold, mel, no normalizing, 1 optimizer w adaptive lr, overlap threshold = 0.3,'), ('job_id', 0), ('mode', 'cw'), ('n_classes', 2), ('shape', (80, 500, 3)), ('n_epochs', 110), ('lr', 1e-05), ('batch_size', 16), ('ll2_reg', 0), ('weight_decay', 0.01), ('label_smoothing', 0), ('epsilon', 1e-07), ('es_patience', 25), ('min_delta', 0), ('train_test_ratio', 0.8), ('kfold', False), ('clause', 0), ('epoch_start', 0), ('testing', 0), ('adaptive_lr', False), ('cuberooting', 1), ('normalizing', 1), ('class_weights', True), ('early_stopping', False), ('initial_channels', 1), ('factor', 0.5), ('lr_patience', 5), ('min_lr', 1e-05), ('sr', 4000), ('audio_length', 5), ('step_size', 2.5), ('n_fft', 1024), ('hop_length', 254), ('n_mels', 128), ('overlap_threshold', 0.3), ('trainable_fb', False), ('to_decibel', True), ('train_nn', False), ('train_mel', False), ('file_dir', '../cache/cw/train175'), ('n_sequences', 9), ('activate_spectral_loss', False), ('normalize', False), ('stacking', False), ('oversample', False), ('one_hot_encoding', False), ('activation', 'sigmoid'), ('n_filters', 80)]
Job id is 1.
Job dir: ../cache/cw/train175/1
- Loading Icbhi.
725 Icbhi audios have been loaded.
- Preparing Icbhi.
112 Icbhi groups of audio chunks (by filename or patients) have been prepared.
--- Samples are being split into training/val groups and de-grouped by patient ---
Job id is 2.
turning the kfold from 90/10 to 80/20
100
12
to
90
22
-----------------------
--- Final training dataset went from 0 to 3969 elements, with 1889 none's, 991 crakles, 597 wheezes and 492 both ---
--- Final Validation dataset contains 2096 elements, with 989 none, 843 crackles, 120 wheezes and 144 both ---
GPUs
['/device:GPU:0']
Initializing weights...
weights = {0: 0.5252779248279513, 1: 1.0012613521695257, 2: 1.6620603015075377, 3: 2.0167682926829267}
Model: "sequential"
_________________________________________________________________
 Layer (type)                Output Shape              Param #   
=================================================================
 efficientnetb1 (Functional)  (None, 3, 16, 1280)      6575239   
                                                                 
 global_average_pooling2d (G  (None, 1280)             0         
 lobalAveragePooling2D)                                          
                                                                 
 dense (Dense)               (None, 100)               128100    
                                                                 
 dropout (Dropout)           (None, 100)               0         
                                                                 
 dense_1 (Dense)             (None, 50)                5050      
                                                                 
 dropout_1 (Dropout)         (None, 50)                0         
                                                                 
 dense_2 (Dense)             (None, 2)                 102       
                                                                 
=================================================================
Total params: 6,708,491
Trainable params: 6,646,436
Non-trainable params: 62,055
_________________________________________________________________
Model: "leaf_model9_model_efnet1_175_1"
______________________________________________________________________________________________________________
 Layer (type)                                    Output Shape                                Param #          
==============================================================================================================
 mel_filterbanks (MelFilterbanks)                multiple                                    0                
                                                                                                              
 mel_filterbanks_1 (MelFilterbanks)              multiple                                    0 (unused)       
                                                                                                              
 sincnet (SincNet)                               multiple                                    0 (unused)       
                                                                                                              
 sequential (Sequential)                         (None, 2)                                   6708491          
                                                                                                              
==============================================================================================================
Total params: 6,708,653
Trainable params: 133,414
Non-trainable params: 6,575,239
______________________________________________________________________________________________________________
Target metric is icbhi_score
Epoch 1/110
WARNING:tensorflow:Gradients do not exist for variables ['kernel:0', 'Variable:0', 'Variable:0'] when minimizing the loss. If you're using `model.compile()`, did you forget to provide a `loss`argument?
WARNING:tensorflow:Gradients do not exist for variables ['kernel:0', 'Variable:0', 'Variable:0'] when minimizing the loss. If you're using `model.compile()`, did you forget to provide a `loss`argument?
WARNING:tensorflow:Gradients do not exist for variables ['kernel:0', 'Variable:0', 'Variable:0'] when minimizing the loss. If you're using `model.compile()`, did you forget to provide a `loss`argument?
WARNING:tensorflow:Gradients do not exist for variables ['kernel:0', 'Variable:0', 'Variable:0'] when minimizing the loss. If you're using `model.compile()`, did you forget to provide a `loss`argument?
Validation cm: [[604   0 385   0]
 [378   0 465   0]
 [ 37   0  83   0]
 [ 59   0  85   0]]
Validation val_loss: 0.6856654288090822
Validation normalized_cm: [[0.611 0.    0.389 0.   ]
 [0.448 0.    0.552 0.   ]
 [0.308 0.    0.692 0.   ]
 [0.41  0.    0.59  0.   ]]
Validation acc: 0.3277671755725191
Validation class_accuracies: [0.6107178968655207, 0.0, 0.6916666666666667, 0.0]
Validation sensitivity: 0.07497741644083107
Validation specificity: 0.6107178968655207
Validation icbhi_score: 0.3428476566531759
Validation roc_auc: None
Validation avg_accuracy: 0.32559614088304684
Validation one_indexed_epoch: 1
-- New best results were achieved. --
There is no such attribute
249/249 - 147s - loss: 0.7087 - accuracy: 0.4301 - 147s/epoch - 592ms/step
Epoch 2/110
Validation cm: [[568   0 421   0]
 [351   0 492   0]
 [ 34   0  86   0]
 [ 50   0  94   0]]
Validation val_loss: 0.6869916960255791
Validation normalized_cm: [[0.574 0.    0.426 0.   ]
 [0.416 0.    0.584 0.   ]
 [0.283 0.    0.717 0.   ]
 [0.347 0.    0.653 0.   ]]
Validation acc: 0.31202290076335876
Validation class_accuracies: [0.5743174924165824, 0.0, 0.7166666666666667, 0.0]
Validation sensitivity: 0.07768744354110207
Validation specificity: 0.5743174924165824
Validation icbhi_score: 0.32600246797884225
Validation roc_auc: None
Validation avg_accuracy: 0.3227460397708123
Validation one_indexed_epoch: 2
There is no such attribute
249/249 - 144s - loss: 0.7041 - accuracy: 0.4349 - 144s/epoch - 578ms/step
Epoch 3/110
Validation cm: [[535   0 454   0]
 [318   0 519   6]
 [ 29   0  88   3]
 [ 46   0  97   1]]
Validation val_loss: 0.6883938522966764
Validation normalized_cm: [[0.541 0.    0.459 0.   ]
 [0.377 0.    0.616 0.007]
 [0.242 0.    0.733 0.025]
 [0.319 0.    0.674 0.007]]
Validation acc: 0.29770992366412213
Validation class_accuracies: [0.5409504550050556, 0.0, 0.7333333333333333, 0.006944444444444444]
Validation sensitivity: 0.08039747064137308
Validation specificity: 0.5409504550050556
Validation icbhi_score: 0.3106739628232143
Validation roc_auc: None
Validation avg_accuracy: 0.3203070581957083
Validation one_indexed_epoch: 3
There is no such attribute
249/249 - 148s - loss: 0.7076 - accuracy: 0.4379 - 148s/epoch - 596ms/step
Epoch 4/110
Validation cm: [[514   0 444  31]
 [302   0 511  30]
 [ 27   0  78  15]
 [ 42   0  86  16]]
Validation val_loss: 0.6894534836516125
Validation normalized_cm: [[0.52  0.    0.449 0.031]
 [0.358 0.    0.606 0.036]
 [0.225 0.    0.65  0.125]
 [0.292 0.    0.597 0.111]]
Validation acc: 0.2900763358778626
Validation class_accuracies: [0.5197168857431749, 0.0, 0.65, 0.1111111111111111]
Validation sensitivity: 0.08491418247515808
Validation specificity: 0.5197168857431749
Validation icbhi_score: 0.30231553410916645
Validation roc_auc: None
Validation avg_accuracy: 0.32020699921357154
Validation one_indexed_epoch: 4
There is no such attribute
249/249 - 154s - loss: 0.7075 - accuracy: 0.4512 - 154s/epoch - 617ms/step
Epoch 5/110
Validation cm: [[505   0 429  55]
 [299   0 488  56]
 [ 27   0  70  23]
 [ 42   0  72  30]]
Validation val_loss: 0.689709049997894
Validation normalized_cm: [[0.511 0.    0.434 0.056]
 [0.355 0.    0.579 0.066]
 [0.225 0.    0.583 0.192]
 [0.292 0.    0.5   0.208]]
Validation acc: 0.2886450381679389
Validation class_accuracies: [0.5106167846309403, 0.0, 0.5833333333333334, 0.20833333333333334]
Validation sensitivity: 0.09033423667570009
Validation specificity: 0.5106167846309403
Validation icbhi_score: 0.3004755106533202
Validation roc_auc: None
Validation avg_accuracy: 0.32557086282440173
Validation one_indexed_epoch: 5
There is no such attribute
249/249 - 162s - loss: 0.7024 - accuracy: 0.4538 - 162s/epoch - 651ms/step
Epoch 6/110
Validation cm: [[504   0 388  97]
 [296   0 456  91]
 [ 27   0  59  34]
 [ 42   0  68  34]]
Validation val_loss: 0.6899751193025185
Validation normalized_cm: [[0.51  0.    0.392 0.098]
 [0.351 0.    0.541 0.108]
 [0.225 0.    0.492 0.283]
 [0.292 0.    0.472 0.236]]
Validation acc: 0.2848282442748092
Validation class_accuracies: [0.5096056622851365, 0.0, 0.49166666666666664, 0.2361111111111111]
Validation sensitivity: 0.08401084010840108
Validation specificity: 0.5096056622851365
Validation icbhi_score: 0.2968082511967688
Validation roc_auc: None
Validation avg_accuracy: 0.30934586001572856
Validation one_indexed_epoch: 6
There is no such attribute
249/249 - 162s - loss: 0.7035 - accuracy: 0.4550 - 162s/epoch - 652ms/step
Epoch 7/110
Validation cm: [[493   0 361 135]
 [286   1 427 129]
 [ 27   0  55  38]
 [ 39   0  63  42]]
Validation val_loss: 0.6904509794393568
Validation normalized_cm: [[0.498 0.    0.365 0.137]
 [0.339 0.001 0.507 0.153]
 [0.225 0.    0.458 0.317]
 [0.271 0.    0.438 0.292]]
Validation acc: 0.28196564885496184
Validation class_accuracies: [0.49848331648129424, 0.0011862396204033216, 0.4583333333333333, 0.2916666666666667]
Validation sensitivity: 0.08852755194218609
Validation specificity: 0.49848331648129424
Validation icbhi_score: 0.29350543421174013
Validation roc_auc: None
Validation avg_accuracy: 0.3124173890254244
Validation one_indexed_epoch: 7
There is no such attribute
249/249 - 155s - loss: 0.7032 - accuracy: 0.4495 - 155s/epoch - 623ms/step
Epoch 8/110
Validation cm: [[496   0 334 159]
 [289   1 374 179]
 [ 27   0  46  47]
 [ 40   0  58  46]]
Validation val_loss: 0.6900110334612941
Validation normalized_cm: [[0.502 0.    0.338 0.161]
 [0.343 0.001 0.444 0.212]
 [0.225 0.    0.383 0.392]
 [0.278 0.    0.403 0.319]]
Validation acc: 0.2810114503816794
Validation class_accuracies: [0.5015166835187057, 0.0011862396204033216, 0.38333333333333336, 0.3194444444444444]
Validation sensitivity: 0.08401084010840108
Validation specificity: 0.5015166835187057
Validation icbhi_score: 0.2927637618135534
Validation roc_auc: None
Validation avg_accuracy: 0.3013701752292217
Validation one_indexed_epoch: 8
There is no such attribute
249/249 - 169s - loss: 0.7049 - accuracy: 0.4661 - 169s/epoch - 680ms/step
Epoch 9/110
Validation cm: [[498   0 287 204]
 [291   2 332 218]
 [ 28   0  38  54]
 [ 41   0  54  49]]
Validation val_loss: 0.6898067998806484
Validation normalized_cm: [[0.504 0.    0.29  0.206]
 [0.345 0.002 0.394 0.259]
 [0.233 0.    0.317 0.45 ]
 [0.285 0.    0.375 0.34 ]]
Validation acc: 0.2800572519083969
Validation class_accuracies: [0.5035389282103134, 0.002372479240806643, 0.31666666666666665, 0.3402777777777778]
Validation sensitivity: 0.08039747064137308
Validation specificity: 0.5035389282103134
Validation icbhi_score: 0.29196819942584323
Validation roc_auc: None
Validation avg_accuracy: 0.2907139629738911
Validation one_indexed_epoch: 9
There is no such attribute
249/249 - 155s - loss: 0.7064 - accuracy: 0.4734 - 155s/epoch - 624ms/step
Epoch 10/110
Validation cm: [[496   0 271 222]
 [288   3 305 247]
 [ 28   0  35  57]
 [ 40   0  54  50]]
Validation val_loss: 0.6896887520001135
Validation normalized_cm: [[0.502 0.    0.274 0.224]
 [0.342 0.004 0.362 0.293]
 [0.233 0.    0.292 0.475]
 [0.278 0.    0.375 0.347]]
Validation acc: 0.2786259541984733
Validation class_accuracies: [0.5015166835187057, 0.0035587188612099642, 0.2916666666666667, 0.3472222222222222]
Validation sensitivity: 0.07949412827461608
Validation specificity: 0.5015166835187057
Validation icbhi_score: 0.2905054058966609
Validation roc_auc: None
Validation avg_accuracy: 0.28599107281720115
Validation one_indexed_epoch: 10
There is no such attribute
249/249 - 156s - loss: 0.7076 - accuracy: 0.4568 - 156s/epoch - 627ms/step
Epoch 11/110
Validation cm: [[498   1 243 247]
 [290   3 264 286]
 [ 28   0  34  58]
 [ 41   0  50  53]]
Validation val_loss: 0.6894045332802161
Validation normalized_cm: [[0.504 0.001 0.246 0.25 ]
 [0.344 0.004 0.313 0.339]
 [0.233 0.    0.283 0.483]
 [0.285 0.    0.347 0.368]]
Validation acc: 0.28053435114503816
Validation class_accuracies: [0.5035389282103134, 0.0035587188612099642, 0.2833333333333333, 0.3680555555555556]
Validation sensitivity: 0.08130081300813008
Validation specificity: 0.5035389282103134
Validation icbhi_score: 0.29241987060922175
Validation roc_auc: None
Validation avg_accuracy: 0.2896216339901031
Validation one_indexed_epoch: 11
Mel loss: <tf.Variable 'Variable:0' shape=() dtype=float32, numpy=0.5>
sinc loss: <tf.Variable 'Variable:0' shape=() dtype=float32, numpy=0.5>
There is no such attribute
249/249 - 162s - loss: 0.7084 - accuracy: 0.4596 - 162s/epoch - 651ms/step
Epoch 12/110
Validation cm: [[496   2 210 281]
 [289   3 227 324]
 [ 28   0  31  61]
 [ 40   0  47  57]]
Validation val_loss: 0.6893119094253496
Validation normalized_cm: [[0.502 0.002 0.212 0.284]
 [0.343 0.004 0.269 0.384]
 [0.233 0.    0.258 0.508]
 [0.278 0.    0.326 0.396]]
Validation acc: 0.2800572519083969
Validation class_accuracies: [0.5015166835187057, 0.0035587188612099642, 0.25833333333333336, 0.3958333333333333]
Validation sensitivity: 0.08220415537488708
Validation specificity: 0.5015166835187057
Validation icbhi_score: 0.2918604194467964
Validation roc_auc: None
Validation avg_accuracy: 0.2898105172616456
Validation one_indexed_epoch: 12
There is no such attribute
249/249 - 164s - loss: 0.7030 - accuracy: 0.4717 - 164s/epoch - 658ms/step
Epoch 13/110
Validation cm: [[501   3 202 283]
 [296   3 218 326]
 [ 28   0  32  60]
 [ 44   0  42  58]]
Validation val_loss: 0.6888170502226771
Validation normalized_cm: [[0.507 0.003 0.204 0.286]
 [0.351 0.004 0.259 0.387]
 [0.233 0.    0.267 0.5  ]
 [0.306 0.    0.292 0.403]]
Validation acc: 0.2833969465648855
Validation class_accuracies: [0.506572295247725, 0.0035587188612099642, 0.26666666666666666, 0.4027777777777778]
Validation sensitivity: 0.08401084010840108
Validation specificity: 0.506572295247725
Validation icbhi_score: 0.295291567678063
Validation roc_auc: None
Validation avg_accuracy: 0.2948938646383449
Validation one_indexed_epoch: 13
There is no such attribute
249/249 - 164s - loss: 0.7018 - accuracy: 0.4792 - 164s/epoch - 658ms/step
Epoch 14/110
Validation cm: [[488   3 192 306]
 [285   4 195 359]
 [ 28   0  26  66]
 [ 40   0  43  61]]
Validation val_loss: 0.6890655105634955
Validation normalized_cm: [[0.493 0.003 0.194 0.309]
 [0.338 0.005 0.231 0.426]
 [0.233 0.    0.217 0.55 ]
 [0.278 0.    0.299 0.424]]
Validation acc: 0.2762404580152672
Validation class_accuracies: [0.49342770475227504, 0.004744958481613286, 0.21666666666666667, 0.4236111111111111]
Validation sensitivity: 0.08220415537488708
Validation specificity: 0.49342770475227504
Validation icbhi_score: 0.2878159300635811
Validation roc_auc: None
Validation avg_accuracy: 0.2846126102529165
Validation one_indexed_epoch: 14
There is no such attribute
249/249 - 169s - loss: 0.6996 - accuracy: 0.4931 - 169s/epoch - 677ms/step
Epoch 15/110
Validation cm: [[468   4 181 336]
 [275   5 177 386]
 [ 27   0  24  69]
 [ 39   1  36  68]]
Validation val_loss: 0.68976708271235
Validation normalized_cm: [[0.473 0.004 0.183 0.34 ]
 [0.326 0.006 0.21  0.458]
 [0.225 0.    0.2   0.575]
 [0.271 0.007 0.25  0.472]]
Validation acc: 0.2695610687022901
Validation class_accuracies: [0.47320525783619816, 0.005931198102016607, 0.2, 0.4722222222222222]
Validation sensitivity: 0.08762420957542909
Validation specificity: 0.47320525783619816
Validation icbhi_score: 0.2804147337058136
Validation roc_auc: None
Validation avg_accuracy: 0.2878396695401092
Validation one_indexed_epoch: 15
There is no such attribute
249/249 - 169s - loss: 0.7029 - accuracy: 0.4666 - 169s/epoch - 680ms/step
Epoch 16/110
Validation cm: [[461   5 178 345]
 [264   4 181 394]
 [ 25   0  23  72]
 [ 38   1  35  70]]
Validation val_loss: 0.6901922142062024
Validation normalized_cm: [[0.466 0.005 0.18  0.349]
 [0.313 0.005 0.215 0.467]
 [0.208 0.    0.192 0.6  ]
 [0.264 0.007 0.243 0.486]]
Validation acc: 0.26622137404580154
Validation class_accuracies: [0.4661274014155713, 0.004744958481613286, 0.19166666666666668, 0.4861111111111111]
Validation sensitivity: 0.08762420957542909
Validation specificity: 0.4661274014155713
Validation icbhi_score: 0.27687580549550017
Validation roc_auc: None
Validation avg_accuracy: 0.28716253441874057
Validation one_indexed_epoch: 16
There is no such attribute
249/249 - 172s - loss: 0.7034 - accuracy: 0.4689 - 172s/epoch - 690ms/step
Epoch 17/110
Validation cm: [[447   6 158 378]
 [254   4 154 431]
 [ 24   0  20  76]
 [ 38   0  32  74]]
Validation val_loss: 0.6906922132573055
Validation normalized_cm: [[0.452 0.006 0.16  0.382]
 [0.301 0.005 0.183 0.511]
 [0.2   0.    0.167 0.633]
 [0.264 0.    0.222 0.514]]
Validation acc: 0.26001908396946566
Validation class_accuracies: [0.45197168857431747, 0.004744958481613286, 0.16666666666666666, 0.5138888888888888]
Validation sensitivity: 0.08852755194218609
Validation specificity: 0.45197168857431747
Validation icbhi_score: 0.2702496202582518
Validation roc_auc: None
Validation avg_accuracy: 0.2843180506528715
Validation one_indexed_epoch: 17
There is no such attribute
249/249 - 171s - loss: 0.7023 - accuracy: 0.4913 - 171s/epoch - 686ms/step
Epoch 18/110
Validation cm: [[444   8 151 386]
 [252   4 150 437]
 [ 24   0  20  76]
 [ 38   0  32  74]]
Validation val_loss: 0.6906402398554878
Validation normalized_cm: [[0.449 0.008 0.153 0.39 ]
 [0.299 0.005 0.178 0.518]
 [0.2   0.    0.167 0.633]
 [0.264 0.    0.222 0.514]]
Validation acc: 0.258587786259542
Validation class_accuracies: [0.448938321536906, 0.004744958481613286, 0.16666666666666666, 0.5138888888888888]
Validation sensitivity: 0.08852755194218609
Validation specificity: 0.448938321536906
Validation icbhi_score: 0.268732936739546
Validation roc_auc: None
Validation avg_accuracy: 0.28355970889351867
Validation one_indexed_epoch: 18
There is no such attribute
249/249 - 173s - loss: 0.7032 - accuracy: 0.4850 - 173s/epoch - 696ms/step
Epoch 19/110
Validation cm: [[434  17 139 399]
 [252   4 139 448]
 [ 24   0  20  76]
 [ 38   0  32  74]]
Validation val_loss: 0.690612149488835
Validation normalized_cm: [[0.439 0.017 0.141 0.403]
 [0.299 0.005 0.165 0.531]
 [0.2   0.    0.167 0.633]
 [0.264 0.    0.222 0.514]]
Validation acc: 0.2538167938931298
Validation class_accuracies: [0.43882709807886755, 0.004744958481613286, 0.16666666666666666, 0.5138888888888888]
Validation sensitivity: 0.08852755194218609
Validation specificity: 0.43882709807886755
Validation icbhi_score: 0.2636773250105268
Validation roc_auc: None
Validation avg_accuracy: 0.28103190302900904
Validation one_indexed_epoch: 19
There is no such attribute
249/249 - 168s - loss: 0.7013 - accuracy: 0.4900 - 168s/epoch - 674ms/step
Epoch 20/110
Validation cm: [[427  19 139 404]
 [246   4 137 456]
 [ 24   0  20  76]
 [ 36   0  33  75]]
Validation val_loss: 0.6911239450555722
Validation normalized_cm: [[0.432 0.019 0.141 0.408]
 [0.292 0.005 0.163 0.541]
 [0.2   0.    0.167 0.633]
 [0.25  0.    0.229 0.521]]
Validation acc: 0.25095419847328243
Validation class_accuracies: [0.43174924165824063, 0.004744958481613286, 0.16666666666666666, 0.5208333333333334]
Validation sensitivity: 0.08943089430894309
Validation specificity: 0.43174924165824063
Validation icbhi_score: 0.26059006798359186
Validation roc_auc: None
Validation avg_accuracy: 0.2809985500349635
Validation one_indexed_epoch: 20
There is no such attribute
249/249 - 167s - loss: 0.7032 - accuracy: 0.4759 - 167s/epoch - 672ms/step
Epoch 21/110
Validation cm: [[422  17 136 414]
 [244   3 130 466]
 [ 23   0  18  79]
 [ 35   1  30  78]]
Validation val_loss: 0.6915133373371063
Validation normalized_cm: [[0.427 0.017 0.138 0.419]
 [0.289 0.004 0.154 0.553]
 [0.192 0.    0.15  0.658]
 [0.243 0.007 0.208 0.542]]
Validation acc: 0.24856870229007633
Validation class_accuracies: [0.42669362992922144, 0.0035587188612099642, 0.15, 0.5416666666666666]
Validation sensitivity: 0.08943089430894309
Validation specificity: 0.42669362992922144
Validation icbhi_score: 0.2580622621190823
Validation roc_auc: None
Validation avg_accuracy: 0.2804797538642745
Validation one_indexed_epoch: 21
Mel loss: <tf.Variable 'Variable:0' shape=() dtype=float32, numpy=0.5>
sinc loss: <tf.Variable 'Variable:0' shape=() dtype=float32, numpy=0.5>
There is no such attribute
249/249 - 162s - loss: 0.7011 - accuracy: 0.4933 - 162s/epoch - 653ms/step
Epoch 22/110
Validation cm: [[414  19 123 433]
 [239   3 114 487]
 [ 22   0  16  82]
 [ 34   0  27  83]]
Validation val_loss: 0.6919089405022505
Validation normalized_cm: [[0.419 0.019 0.124 0.438]
 [0.284 0.004 0.135 0.578]
 [0.183 0.    0.133 0.683]
 [0.236 0.    0.188 0.576]]
Validation acc: 0.24618320610687022
Validation class_accuracies: [0.4186046511627907, 0.0035587188612099642, 0.13333333333333333, 0.5763888888888888]
Validation sensitivity: 0.0921409214092141
Validation specificity: 0.4186046511627907
Validation icbhi_score: 0.2553727862860024
Validation roc_auc: None
Validation avg_accuracy: 0.2829713980615557
Validation one_indexed_epoch: 22
There is no such attribute
249/249 - 169s - loss: 0.7019 - accuracy: 0.4810 - 169s/epoch - 680ms/step
Epoch 23/110
Validation cm: [[415  20 119 435]
 [239   4 112 488]
 [ 22   0  16  82]
 [ 34   0  26  84]]
Validation val_loss: 0.6914988814760711
Validation normalized_cm: [[0.42  0.02  0.12  0.44 ]
 [0.284 0.005 0.133 0.579]
 [0.183 0.    0.133 0.683]
 [0.236 0.    0.181 0.583]]
Validation acc: 0.2476145038167939
Validation class_accuracies: [0.4196157735085945, 0.004744958481613286, 0.13333333333333333, 0.5833333333333334]
Validation sensitivity: 0.0939476061427281
Validation specificity: 0.4196157735085945
Validation icbhi_score: 0.2567816898256613
Validation roc_auc: None
Validation avg_accuracy: 0.2852568496642186
Validation one_indexed_epoch: 23
There is no such attribute
249/249 - 172s - loss: 0.7008 - accuracy: 0.4906 - 172s/epoch - 689ms/step
Epoch 24/110
Validation cm: [[413  20 120 436]
 [239   4 111 489]
 [ 22   0  17  81]
 [ 35   0  27  82]]
Validation val_loss: 0.6911698222046591
Validation normalized_cm: [[0.418 0.02  0.121 0.441]
 [0.284 0.005 0.132 0.58 ]
 [0.183 0.    0.142 0.675]
 [0.243 0.    0.188 0.569]]
Validation acc: 0.24618320610687022
Validation class_accuracies: [0.41759352881698686, 0.004744958481613286, 0.14166666666666666, 0.5694444444444444]
Validation sensitivity: 0.0930442637759711
Validation specificity: 0.41759352881698686
Validation icbhi_score: 0.25531889629647897
Validation roc_auc: None
Validation avg_accuracy: 0.2833623996024278
Validation one_indexed_epoch: 24
There is no such attribute
249/249 - 172s - loss: 0.7017 - accuracy: 0.5019 - 172s/epoch - 690ms/step
Epoch 25/110
Validation cm: [[400  25 110 454]
 [233   4 108 498]
 [ 21   1  11  87]
 [ 34   0  25  85]]
Validation val_loss: 0.6918462800388118
Validation normalized_cm: [[0.404 0.025 0.111 0.459]
 [0.276 0.005 0.128 0.591]
 [0.175 0.008 0.092 0.725]
 [0.236 0.    0.174 0.59 ]]
Validation acc: 0.2385496183206107
Validation class_accuracies: [0.4044489383215369, 0.004744958481613286, 0.09166666666666666, 0.5902777777777778]
Validation sensitivity: 0.09033423667570009
Validation specificity: 0.4044489383215369
Validation icbhi_score: 0.2473915874986185
Validation roc_auc: None
Validation avg_accuracy: 0.27278458531189864
Validation one_indexed_epoch: 25
There is no such attribute
249/249 - 173s - loss: 0.7029 - accuracy: 0.5011 - 173s/epoch - 695ms/step
Epoch 26/110
Validation cm: [[397  28 106 458]
 [232   4 101 506]
 [ 20   2  10  88]
 [ 34   0  24  86]]
Validation val_loss: 0.6917155793093088
Validation normalized_cm: [[0.401 0.028 0.107 0.463]
 [0.275 0.005 0.12  0.6  ]
 [0.167 0.017 0.083 0.733]
 [0.236 0.    0.167 0.597]]
Validation acc: 0.23711832061068702
Validation class_accuracies: [0.40141557128412536, 0.004744958481613286, 0.08333333333333333, 0.5972222222222222]
Validation sensitivity: 0.09033423667570009
Validation specificity: 0.40141557128412536
Validation icbhi_score: 0.24587490397991274
Validation roc_auc: None
Validation avg_accuracy: 0.2716790213303235
Validation one_indexed_epoch: 26
There is no such attribute
249/249 - 173s - loss: 0.7013 - accuracy: 0.4941 - 173s/epoch - 695ms/step
Epoch 27/110
Validation cm: [[389  30 108 462]
 [229   3  99 512]
 [ 19   2  10  89]
 [ 33   0  23  88]]
Validation val_loss: 0.6918723220361098
Validation normalized_cm: [[0.393 0.03  0.109 0.467]
 [0.272 0.004 0.117 0.607]
 [0.158 0.017 0.083 0.742]
 [0.229 0.    0.16  0.611]]
Validation acc: 0.23377862595419846
Validation class_accuracies: [0.39332659251769464, 0.0035587188612099642, 0.08333333333333333, 0.6111111111111112]
Validation sensitivity: 0.09123757904245709
Validation specificity: 0.39332659251769464
Validation icbhi_score: 0.24228208578007587
Validation roc_auc: None
Validation avg_accuracy: 0.27283243895583725
Validation one_indexed_epoch: 27
There is no such attribute
249/249 - 174s - loss: 0.6991 - accuracy: 0.5049 - 174s/epoch - 697ms/step
Epoch 28/110
Validation cm: [[395  32  94 468]
 [233   5  95 510]
 [ 18   4  10  88]
 [ 35   0  22  87]]
Validation val_loss: 0.691223198732802
Validation normalized_cm: [[0.399 0.032 0.095 0.473]
 [0.276 0.006 0.113 0.605]
 [0.15  0.033 0.083 0.733]
 [0.243 0.    0.153 0.604]]
Validation acc: 0.23711832061068702
Validation class_accuracies: [0.3993933265925177, 0.005931198102016607, 0.08333333333333333, 0.6041666666666666]
Validation sensitivity: 0.0921409214092141
Validation specificity: 0.3993933265925177
Validation icbhi_score: 0.2457671240008659
Validation roc_auc: None
Validation avg_accuracy: 0.27320613117363357
Validation one_indexed_epoch: 28
There is no such attribute
249/249 - 168s - loss: 0.6986 - accuracy: 0.5044 - 168s/epoch - 676ms/step
Epoch 29/110
Validation cm: [[397  32  88 472]
 [239   6  86 512]
 [ 19   4   8  89]
 [ 36   0  20  88]]
Validation val_loss: 0.6908597579609802
Validation normalized_cm: [[0.401 0.032 0.089 0.477]
 [0.284 0.007 0.102 0.607]
 [0.158 0.033 0.067 0.742]
 [0.25  0.    0.139 0.611]]
Validation acc: 0.23807251908396945
Validation class_accuracies: [0.40141557128412536, 0.0071174377224199285, 0.06666666666666667, 0.6111111111111112]
Validation sensitivity: 0.0921409214092141
Validation specificity: 0.40141557128412536
Validation icbhi_score: 0.24677824634666973
Validation roc_auc: None
Validation avg_accuracy: 0.2715776966960808
Validation one_indexed_epoch: 29
There is no such attribute
249/249 - 173s - loss: 0.6980 - accuracy: 0.4986 - 173s/epoch - 695ms/step
Epoch 30/110
Validation cm: [[387  38  86 478]
 [235   7  88 513]
 [ 19   4   8  89]
 [ 35   0  19  90]]
Validation val_loss: 0.6912113784435596
Validation normalized_cm: [[0.391 0.038 0.087 0.483]
 [0.279 0.008 0.104 0.609]
 [0.158 0.033 0.067 0.742]
 [0.243 0.    0.132 0.625]]
Validation acc: 0.23473282442748092
Validation class_accuracies: [0.391304347826087, 0.00830367734282325, 0.06666666666666667, 0.625]
Validation sensitivity: 0.0948509485094851
Validation specificity: 0.391304347826087
Validation icbhi_score: 0.24307764816778604
Validation roc_auc: None
Validation avg_accuracy: 0.2728186729588942
Validation one_indexed_epoch: 30
There is no such attribute
249/249 - 173s - loss: 0.6999 - accuracy: 0.4956 - 173s/epoch - 696ms/step
Epoch 31/110
Validation cm: [[395  39  88 467]
 [243   8  81 511]
 [ 19   5   8  88]
 [ 37   1  19  87]]
Validation val_loss: 0.6905706336878183
Validation normalized_cm: [[0.399 0.039 0.089 0.472]
 [0.288 0.009 0.096 0.606]
 [0.158 0.042 0.067 0.733]
 [0.257 0.007 0.132 0.604]]
Validation acc: 0.23759541984732824
Validation class_accuracies: [0.3993933265925177, 0.009489916963226572, 0.06666666666666667, 0.6041666666666666]
Validation sensitivity: 0.0930442637759711
Validation specificity: 0.3993933265925177
Validation icbhi_score: 0.2462187951842444
Validation roc_auc: None
Validation avg_accuracy: 0.2699291442222694
Validation one_indexed_epoch: 31
Mel loss: <tf.Variable 'Variable:0' shape=() dtype=float32, numpy=0.5>
sinc loss: <tf.Variable 'Variable:0' shape=() dtype=float32, numpy=0.5>
There is no such attribute
249/249 - 169s - loss: 0.6989 - accuracy: 0.5074 - 169s/epoch - 677ms/step
Epoch 32/110
Validation cm: [[396  45  72 476]
 [242  13  76 512]
 [ 19   5   8  88]
 [ 36   1  17  90]]
Validation val_loss: 0.6904091889337274
Validation normalized_cm: [[0.4   0.046 0.073 0.481]
 [0.287 0.015 0.09  0.607]
 [0.158 0.042 0.067 0.733]
 [0.25  0.007 0.118 0.625]]
Validation acc: 0.24188931297709923
Validation class_accuracies: [0.40040444893832156, 0.01542111506524318, 0.06666666666666667, 0.625]
Validation sensitivity: 0.1002710027100271
Validation specificity: 0.40040444893832156
Validation icbhi_score: 0.25033772582417435
Validation roc_auc: None
Validation avg_accuracy: 0.2768730576675579
Validation one_indexed_epoch: 32
There is no such attribute
249/249 - 173s - loss: 0.6996 - accuracy: 0.5183 - 173s/epoch - 695ms/step
Epoch 33/110
Validation cm: [[387  44  74 484]
 [234  14  77 518]
 [ 19   5   8  88]
 [ 37   1  14  92]]
Validation val_loss: 0.6906698355806693
Validation normalized_cm: [[0.391 0.044 0.075 0.489]
 [0.278 0.017 0.091 0.614]
 [0.158 0.042 0.067 0.733]
 [0.257 0.007 0.097 0.639]]
Validation acc: 0.2390267175572519
Validation class_accuracies: [0.391304347826087, 0.0166073546856465, 0.06666666666666667, 0.6388888888888888]
Validation sensitivity: 0.10298102981029811
Validation specificity: 0.391304347826087
Validation icbhi_score: 0.24714268881819254
Validation roc_auc: None
Validation avg_accuracy: 0.2783668145168222
Validation one_indexed_epoch: 33
There is no such attribute
249/249 - 173s - loss: 0.6996 - accuracy: 0.5014 - 173s/epoch - 694ms/step
Epoch 34/110
Validation cm: [[385  50  77 477]
 [236  15  75 517]
 [ 19   6   8  87]
 [ 38   1  14  91]]
Validation val_loss: 0.6904997254885336
Validation normalized_cm: [[0.389 0.051 0.078 0.482]
 [0.28  0.018 0.089 0.613]
 [0.158 0.05  0.067 0.725]
 [0.264 0.007 0.097 0.632]]
Validation acc: 0.23807251908396945
Validation class_accuracies: [0.38928210313447925, 0.017793594306049824, 0.06666666666666667, 0.6319444444444444]
Validation sensitivity: 0.10298102981029811
Validation specificity: 0.38928210313447925
Validation icbhi_score: 0.24613156647238868
Validation roc_auc: None
Validation avg_accuracy: 0.27642170213791006
Validation one_indexed_epoch: 34
There is no such attribute
249/249 - 168s - loss: 0.7000 - accuracy: 0.5140 - 168s/epoch - 675ms/step
Epoch 35/110
Validation cm: [[381  49  72 487]
 [233  15  72 523]
 [ 19   6   8  87]
 [ 36   2  13  93]]
Validation val_loss: 0.6907454293135923
Validation normalized_cm: [[0.385 0.05  0.073 0.492]
 [0.276 0.018 0.085 0.62 ]
 [0.158 0.05  0.067 0.725]
 [0.25  0.014 0.09  0.646]]
Validation acc: 0.23711832061068702
Validation class_accuracies: [0.3852376137512639, 0.017793594306049824, 0.06666666666666667, 0.6458333333333334]
Validation sensitivity: 0.10478771454381211
Validation specificity: 0.3852376137512639
Validation icbhi_score: 0.24501266414753803
Validation roc_auc: None
Validation avg_accuracy: 0.27888280201432847
Validation one_indexed_epoch: 35
There is no such attribute
249/249 - 173s - loss: 0.7011 - accuracy: 0.5014 - 173s/epoch - 694ms/step
Epoch 36/110
Validation cm: [[386  57  65 481]
 [241  16  63 523]
 [ 19   7   8  86]
 [ 36   3  13  92]]
Validation val_loss: 0.6902270848855717
Validation normalized_cm: [[0.39  0.058 0.066 0.486]
 [0.286 0.019 0.075 0.62 ]
 [0.158 0.058 0.067 0.717]
 [0.25  0.021 0.09  0.639]]
Validation acc: 0.23950381679389313
Validation class_accuracies: [0.3902932254802831, 0.018979833926453145, 0.06666666666666667, 0.6388888888888888]
Validation sensitivity: 0.10478771454381211
Validation specificity: 0.3902932254802831
Validation icbhi_score: 0.2475404700120476
Validation roc_auc: None
Validation avg_accuracy: 0.2787071537405729
Validation one_indexed_epoch: 36
There is no such attribute
249/249 - 170s - loss: 0.6996 - accuracy: 0.5019 - 170s/epoch - 682ms/step
Epoch 37/110
Validation cm: [[382  60  65 482]
 [239  19  56 529]
 [ 17  11   8  84]
 [ 36   3  12  93]]
Validation val_loss: 0.690189181962086
Validation normalized_cm: [[0.386 0.061 0.066 0.487]
 [0.284 0.023 0.066 0.628]
 [0.142 0.092 0.067 0.7  ]
 [0.25  0.021 0.083 0.646]]
Validation acc: 0.23950381679389313
Validation class_accuracies: [0.3862487360970677, 0.022538552787663108, 0.06666666666666667, 0.6458333333333334]
Validation sensitivity: 0.10840108401084012
Validation specificity: 0.3862487360970677
Validation icbhi_score: 0.2473249100539539
Validation roc_auc: None
Validation avg_accuracy: 0.28032182222118274
Validation one_indexed_epoch: 37
There is no such attribute
249/249 - 174s - loss: 0.6975 - accuracy: 0.5147 - 174s/epoch - 697ms/step
Epoch 38/110
Validation cm: [[378  60  67 484]
 [237  19  53 534]
 [ 18   8   8  86]
 [ 36   3  11  94]]
Validation val_loss: 0.6902412108735729
Validation normalized_cm: [[0.382 0.061 0.068 0.489]
 [0.281 0.023 0.063 0.633]
 [0.15  0.067 0.067 0.717]
 [0.25  0.021 0.076 0.653]]
Validation acc: 0.23807251908396945
Validation class_accuracies: [0.3822042467138524, 0.022538552787663108, 0.06666666666666667, 0.6527777777777778]
Validation sensitivity: 0.1093044263775971
Validation specificity: 0.3822042467138524
Validation icbhi_score: 0.24575433654572476
Validation roc_auc: None
Validation avg_accuracy: 0.28104681098649
Validation one_indexed_epoch: 38
There is no such attribute
249/249 - 174s - loss: 0.6982 - accuracy: 0.5190 - 174s/epoch - 698ms/step
Epoch 39/110
Validation cm: [[370  62  67 490]
 [234  18  49 542]
 [ 16   9   9  86]
 [ 34   3  11  96]]
Validation val_loss: 0.6905608592938831
Validation normalized_cm: [[0.374 0.063 0.068 0.495]
 [0.278 0.021 0.058 0.643]
 [0.133 0.075 0.075 0.717]
 [0.236 0.021 0.076 0.667]]
Validation acc: 0.23520992366412213
Validation class_accuracies: [0.3741152679474216, 0.021352313167259787, 0.075, 0.6666666666666666]
Validation sensitivity: 0.1111111111111111
Validation specificity: 0.3741152679474216
Validation icbhi_score: 0.24261318952926636
Validation roc_auc: None
Validation avg_accuracy: 0.284283561945337
Validation one_indexed_epoch: 39
There is no such attribute
249/249 - 167s - loss: 0.6988 - accuracy: 0.5165 - 167s/epoch - 670ms/step
Epoch 40/110
Validation cm: [[363  60  66 500]
 [224  16  49 554]
 [ 15   7   7  91]
 [ 34   2  10  98]]
Validation val_loss: 0.6910249248772632
Validation normalized_cm: [[0.367 0.061 0.067 0.506]
 [0.266 0.019 0.058 0.657]
 [0.125 0.058 0.058 0.758]
 [0.236 0.014 0.069 0.681]]
Validation acc: 0.23091603053435114
Validation class_accuracies: [0.36703741152679475, 0.018979833926453145, 0.058333333333333334, 0.6805555555555556]
Validation sensitivity: 0.1093044263775971
Validation specificity: 0.36703741152679475
Validation icbhi_score: 0.23817091895219594
Validation roc_auc: None
Validation avg_accuracy: 0.2812265335855342
Validation one_indexed_epoch: 40
There is no such attribute
249/249 - 175s - loss: 0.7003 - accuracy: 0.5145 - 175s/epoch - 704ms/step
Epoch 41/110
Validation cm: [[360  63  65 501]
 [222  19  46 556]
 [ 15   7   5  93]
 [ 34   2   9  99]]
Validation val_loss: 0.6910720074563536
Validation normalized_cm: [[0.364 0.064 0.066 0.507]
 [0.263 0.023 0.055 0.66 ]
 [0.125 0.058 0.042 0.775]
 [0.236 0.014 0.062 0.688]]
Validation acc: 0.23043893129770993
Validation class_accuracies: [0.3640040444893832, 0.022538552787663108, 0.041666666666666664, 0.6875]
Validation sensitivity: 0.1111111111111111
Validation specificity: 0.3640040444893832
Validation icbhi_score: 0.23755757780024717
Validation roc_auc: None
Validation avg_accuracy: 0.27892731598592824
Validation one_indexed_epoch: 41
There is no such attribute
249/249 - 175s - loss: 0.6987 - accuracy: 0.5188 - 175s/epoch - 703ms/step
Epoch 42/110
Validation cm: [[368  68  67 486]
 [230  21  48 544]
 [ 15  10   7  88]
 [ 34   4  11  95]]
Validation val_loss: 0.6904883197586955
Validation normalized_cm: [[0.372 0.069 0.068 0.491]
 [0.273 0.025 0.057 0.645]
 [0.125 0.083 0.058 0.733]
 [0.236 0.028 0.076 0.66 ]]
Validation acc: 0.2342557251908397
Validation class_accuracies: [0.37209302325581395, 0.02491103202846975, 0.058333333333333334, 0.6597222222222222]
Validation sensitivity: 0.1111111111111111
Validation specificity: 0.37209302325581395
Validation icbhi_score: 0.24160206718346253
Validation roc_auc: None
Validation avg_accuracy: 0.2787649027099598
Validation one_indexed_epoch: 42
There is no such attribute
249/249 - 175s - loss: 0.6965 - accuracy: 0.5220 - 175s/epoch - 704ms/step
Epoch 43/110
Validation cm: [[364  77  72 476]
 [230  29  50 534]
 [ 16  10   6  88]
 [ 34   4  11  95]]
Validation val_loss: 0.6903758577092458
Validation normalized_cm: [[0.368 0.078 0.073 0.481]
 [0.273 0.034 0.059 0.633]
 [0.133 0.083 0.05  0.733]
 [0.236 0.028 0.076 0.66 ]]
Validation acc: 0.23568702290076335
Validation class_accuracies: [0.36804853387259856, 0.03440094899169632, 0.05, 0.6597222222222222]
Validation sensitivity: 0.11743450767841011
Validation specificity: 0.36804853387259856
Validation icbhi_score: 0.24274152077550434
Validation roc_auc: None
Validation avg_accuracy: 0.2780429262716293
Validation one_indexed_epoch: 43
There is no such attribute
249/249 - 169s - loss: 0.6968 - accuracy: 0.5180 - 169s/epoch - 681ms/step
Epoch 44/110
Validation cm: [[365  84  67 473]
 [230  34  48 531]
 [ 16  12   6  86]
 [ 35   4  10  95]]
Validation val_loss: 0.6903062795523469
Validation normalized_cm: [[0.369 0.085 0.068 0.478]
 [0.273 0.04  0.057 0.63 ]
 [0.133 0.1   0.05  0.717]
 [0.243 0.028 0.069 0.66 ]]
Validation acc: 0.2385496183206107
Validation class_accuracies: [0.3690596562184024, 0.04033214709371293, 0.05, 0.6597222222222222]
Validation sensitivity: 0.12195121951219512
Validation specificity: 0.3690596562184024
Validation icbhi_score: 0.24550543786529877
Validation roc_auc: None
