Tensorflow Version: 2.8.0
Num GPUs Available:  1
Collecting Variables...
All variables have been collected.
../cache/
cw
train180
Description:  effnet: kfold, mel, no normalizing, 1 optimizer w adaptive lr, overlap threshold = 0.3,
-----------------------
training parameters
[('cache_root', '../cache/'), ('data_root', '../data/'), ('jordan_root', '../data/jwyy9np4gv-3/'), ('icbhi_root', '../data/raw_audios/icbhi_preprocessed_v2_cleaned_8000/'), ('bd_root', '../data/PCV_SEGMENTED_Processed_Files/'), ('excel_path', '../data/Bangladesh_PCV_onlyStudyPatients.xlsx'), ('perch_root', '../data/raw_audios/perch_8000_10seconds'), ('ant_root', '../data/raw_audios/Antwerp_Clinical_Complete'), ('description', ' effnet: kfold, mel, no normalizing, 1 optimizer w adaptive lr, overlap threshold = 0.3,'), ('job_id', 0), ('mode', 'cw'), ('n_classes', 2), ('shape', (80, 500, 3)), ('n_epochs', 110), ('lr', 0.001), ('batch_size', 16), ('ll2_reg', 0), ('weight_decay', 0.01), ('label_smoothing', 0), ('epsilon', 1e-07), ('es_patience', 25), ('min_delta', 0), ('train_test_ratio', 0.8), ('kfold', False), ('clause', 0), ('epoch_start', 0), ('testing', 0), ('adaptive_lr', True), ('cuberooting', 1), ('normalizing', 1), ('class_weights', True), ('early_stopping', True), ('initial_channels', 1), ('factor', 0.5), ('lr_patience', 12), ('min_lr', 1e-05), ('sr', 4000), ('audio_length', 5), ('step_size', 2.5), ('n_fft', 1024), ('hop_length', 254), ('n_mels', 128), ('overlap_threshold', 0.3), ('trainable_fb', False), ('to_decibel', True), ('train_nn', False), ('train_mel', False), ('file_dir', '../cache/cw/train180'), ('n_sequences', 9), ('activate_spectral_loss', False), ('normalize', False), ('stacking', False), ('oversample', False), ('one_hot_encoding', False), ('activation', 'sigmoid'), ('n_filters', 80)]
Job id is 1.
Job dir: ../cache/cw/train180/1
- Loading Icbhi.
725 Icbhi audios have been loaded.
- Preparing Icbhi.
112 Icbhi groups of audio chunks (by filename or patients) have been prepared.
--- Samples are being split into training/val groups and de-grouped by patient ---
Job id is 2.
turning the kfold from 90/10 to 80/20
100
12
to
90
22
-----------------------
--- Final training dataset went from 0 to 3969 elements, with 1889 none's, 991 crakles, 597 wheezes and 492 both ---
--- Final Validation dataset contains 2096 elements, with 989 none, 843 crackles, 120 wheezes and 144 both ---
GPUs
['/device:GPU:0']
Initializing weights...
weights = {0: 0.5252779248279513, 1: 1.0012613521695257, 2: 1.6620603015075377, 3: 2.0167682926829267}
Model: "sequential"
_________________________________________________________________
 Layer (type)                Output Shape              Param #   
=================================================================
 resnet50 (Functional)       (None, 3, 16, 2048)       23587712  
                                                                 
 reshape (Reshape)           (None, 16, 6144)          0         
                                                                 
 bidirectional (Bidirectiona  (None, 16, 256)          6423552   
 l)                                                              
                                                                 
 bidirectional_1 (Bidirectio  (None, 16, 256)          394240    
 nal)                                                            
                                                                 
 dense (Dense)               (None, 16, 256)           65792     
                                                                 
 dropout (Dropout)           (None, 16, 256)           0         
                                                                 
 flatten (Flatten)           (None, 4096)              0         
                                                                 
 dense_1 (Dense)             (None, 2)                 8194      
                                                                 
=================================================================
Total params: 30,479,490
Trainable params: 30,426,370
Non-trainable params: 53,120
_________________________________________________________________
Model: "leaf_model9_model_efnet1_174_2"
______________________________________________________________________________________________________________
 Layer (type)                                    Output Shape                                Param #          
==============================================================================================================
 mel_filterbanks (MelFilterbanks)                multiple                                    0                
                                                                                                              
 mel_filterbanks_1 (MelFilterbanks)              multiple                                    0 (unused)       
                                                                                                              
 sincnet (SincNet)                               multiple                                    0 (unused)       
                                                                                                              
 sequential (Sequential)                         (None, 2)                                   30479490         
                                                                                                              
==============================================================================================================
Total params: 30,479,652
Trainable params: 11,357,604
Non-trainable params: 19,122,048
______________________________________________________________________________________________________________
Target metric is icbhi_score
Epoch 1/110
WARNING:tensorflow:Gradients do not exist for variables ['kernel:0', 'Variable:0', 'Variable:0'] when minimizing the loss. If you're using `model.compile()`, did you forget to provide a `loss`argument?
WARNING:tensorflow:Gradients do not exist for variables ['kernel:0', 'Variable:0', 'Variable:0'] when minimizing the loss. If you're using `model.compile()`, did you forget to provide a `loss`argument?
WARNING:tensorflow:Gradients do not exist for variables ['kernel:0', 'Variable:0', 'Variable:0'] when minimizing the loss. If you're using `model.compile()`, did you forget to provide a `loss`argument?
WARNING:tensorflow:Gradients do not exist for variables ['kernel:0', 'Variable:0', 'Variable:0'] when minimizing the loss. If you're using `model.compile()`, did you forget to provide a `loss`argument?
Validation cm: [[260 462  76 191]
 [ 62 627  20 134]
 [  6  53  14  47]
 [  9 109   5  21]]
Validation val_loss: 0.6280456375160063
Validation normalized_cm: [[0.263 0.467 0.077 0.193]
 [0.074 0.744 0.024 0.159]
 [0.05  0.442 0.117 0.392]
 [0.062 0.757 0.035 0.146]]
Validation acc: 0.4398854961832061
Validation class_accuracies: [0.26289180990899896, 0.7437722419928826, 0.11666666666666667, 0.14583333333333334]
Validation sensitivity: 0.5980126467931346
Validation specificity: 0.26289180990899896
Validation icbhi_score: 0.4304522283510668
Validation roc_auc: None
Validation avg_accuracy: 0.3172910129754704
Validation one_indexed_epoch: 1
-- New best results were achieved. --
There is no such attribute
249/249 - 168s - loss: 0.6591 - accuracy: 0.5669 - 168s/epoch - 676ms/step
Epoch 2/110
Validation cm: [[259 435  82 213]
 [ 65 585  23 170]
 [  7  32  28  53]
 [  9  89  11  35]]
Validation val_loss: 0.6595560512612112
Validation normalized_cm: [[0.262 0.44  0.083 0.215]
 [0.077 0.694 0.027 0.202]
 [0.058 0.267 0.233 0.442]
 [0.062 0.618 0.076 0.243]]
Validation acc: 0.4327290076335878
Validation class_accuracies: [0.26188068756319516, 0.693950177935943, 0.23333333333333334, 0.24305555555555555]
Validation sensitivity: 0.5853658536585366
Validation specificity: 0.26188068756319516
Validation icbhi_score: 0.42362327061086585
Validation roc_auc: None
Validation avg_accuracy: 0.35805493859700677
Validation one_indexed_epoch: 2
The validation tracker metric at 0.4304522283510668 hasn't increased by 0 in 1 epochs
There is no such attribute
249/249 - 157s - loss: 0.5720 - accuracy: 0.6458 - 157s/epoch - 631ms/step
Epoch 3/110
Validation cm: [[238 311 152 288]
 [ 73 430  55 285]
 [ 15  18  37  50]
 [  6  57  15  66]]
Validation val_loss: 0.7558476489023057
Validation normalized_cm: [[0.241 0.314 0.154 0.291]
 [0.087 0.51  0.065 0.338]
 [0.125 0.15  0.308 0.417]
 [0.042 0.396 0.104 0.458]]
Validation acc: 0.3678435114503817
Validation class_accuracies: [0.24064711830131447, 0.5100830367734283, 0.30833333333333335, 0.4583333333333333]
Validation sensitivity: 0.48148148148148145
Validation specificity: 0.24064711830131447
Validation icbhi_score: 0.361064299891398
Validation roc_auc: None
Validation avg_accuracy: 0.37934920543535233
Validation one_indexed_epoch: 3
The validation tracker metric at 0.4304522283510668 hasn't increased by 0 in 2 epochs
There is no such attribute
249/249 - 166s - loss: 0.4985 - accuracy: 0.7095 - 166s/epoch - 666ms/step
Epoch 4/110
Validation cm: [[194 345 168 282]
 [ 85 446  85 227]
 [ 10  16  33  61]
 [ 14  35  49  46]]
Validation val_loss: 0.8587003769868459
Validation normalized_cm: [[0.196 0.349 0.17  0.285]
 [0.101 0.529 0.101 0.269]
 [0.083 0.133 0.275 0.508]
 [0.097 0.243 0.34  0.319]]
Validation acc: 0.34303435114503816
Validation class_accuracies: [0.1961577350859454, 0.5290628706998813, 0.275, 0.3194444444444444]
Validation sensitivity: 0.4742547425474255
Validation specificity: 0.1961577350859454
Validation icbhi_score: 0.33520623881668543
Validation roc_auc: None
Validation avg_accuracy: 0.3299162625575678
Validation one_indexed_epoch: 4
The validation tracker metric at 0.4304522283510668 hasn't increased by 0 in 3 epochs
There is no such attribute
249/249 - 160s - loss: 0.4428 - accuracy: 0.7186 - 160s/epoch - 644ms/step
Epoch 5/110
Validation cm: [[354 443  82 110]
 [193 498  44 108]
 [ 30  36  29  25]
 [ 38  69  24  13]]
Validation val_loss: 0.6910604639440946
Validation normalized_cm: [[0.358 0.448 0.083 0.111]
 [0.229 0.591 0.052 0.128]
 [0.25  0.3   0.242 0.208]
 [0.264 0.479 0.167 0.09 ]]
Validation acc: 0.4265267175572519
Validation class_accuracies: [0.3579373104145602, 0.5907473309608541, 0.24166666666666667, 0.09027777777777778]
Validation sensitivity: 0.4878048780487805
Validation specificity: 0.3579373104145602
Validation icbhi_score: 0.42287109423167035
Validation roc_auc: None
Validation avg_accuracy: 0.32015727145496464
Validation one_indexed_epoch: 5
The validation tracker metric at 0.4304522283510668 hasn't increased by 0 in 4 epochs
There is no such attribute
249/249 - 159s - loss: 0.3862 - accuracy: 0.7390 - 159s/epoch - 638ms/step
Epoch 6/110
Validation cm: [[194 287 171 337]
 [116 303 103 321]
 [ 13  10  48  49]
 [ 11  38  44  51]]
Validation val_loss: 1.095230171963473
Validation normalized_cm: [[0.196 0.29  0.173 0.341]
 [0.138 0.359 0.122 0.381]
 [0.108 0.083 0.4   0.408]
 [0.076 0.264 0.306 0.354]]
Validation acc: 0.28435114503816794
Validation class_accuracies: [0.1961577350859454, 0.3594306049822064, 0.4, 0.3541666666666667]
Validation sensitivity: 0.36314363143631434
Validation specificity: 0.1961577350859454
Validation icbhi_score: 0.27965068326112985
Validation roc_auc: None
Validation avg_accuracy: 0.3274387516837046
Validation one_indexed_epoch: 6
The validation tracker metric at 0.4304522283510668 hasn't increased by 0 in 5 epochs
There is no such attribute
249/249 - 159s - loss: 0.3220 - accuracy: 0.7591 - 159s/epoch - 638ms/step
Epoch 7/110
Validation cm: [[249 627  17  96]
 [156 638  12  37]
 [ 22  60  12  26]
 [ 31 104   4   5]]
Validation val_loss: 0.7993866231546645
Validation normalized_cm: [[0.252 0.634 0.017 0.097]
 [0.185 0.757 0.014 0.044]
 [0.183 0.5   0.1   0.217]
 [0.215 0.722 0.028 0.035]]
Validation acc: 0.4312977099236641
Validation class_accuracies: [0.2517694641051567, 0.7568208778173191, 0.1, 0.034722222222222224]
Validation sensitivity: 0.5916892502258356
Validation specificity: 0.2517694641051567
Validation icbhi_score: 0.4217293571654962
Validation roc_auc: None
Validation avg_accuracy: 0.28582814103617454
Validation one_indexed_epoch: 7
The validation tracker metric at 0.4304522283510668 hasn't increased by 0 in 6 epochs
There is no such attribute
249/249 - 163s - loss: 0.2955 - accuracy: 0.7498 - 163s/epoch - 655ms/step
Epoch 8/110
Validation cm: [[190 650  21 128]
 [ 95 692   9  47]
 [ 18  59  12  31]
 [ 17 101   5  21]]
Validation val_loss: 0.8454615381970213
Validation normalized_cm: [[0.192 0.657 0.021 0.129]
 [0.113 0.821 0.011 0.056]
 [0.15  0.492 0.1   0.258]
 [0.118 0.701 0.035 0.146]]
Validation acc: 0.43654580152671757
Validation class_accuracies: [0.19211324570273003, 0.8208778173190985, 0.1, 0.14583333333333334]
Validation sensitivity: 0.6549232158988256
Validation specificity: 0.19211324570273003
Validation icbhi_score: 0.42351823080077783
Validation roc_auc: None
Validation avg_accuracy: 0.3147060990887905
Validation one_indexed_epoch: 8
The validation tracker metric at 0.4304522283510668 hasn't increased by 0 in 7 epochs
There is no such attribute
249/249 - 162s - loss: 0.2454 - accuracy: 0.7770 - 162s/epoch - 650ms/step
Epoch 9/110
Validation cm: [[387 179 206 217]
 [265 240 137 201]
 [ 24   8  48  40]
 [ 29  19  52  44]]
Validation val_loss: 1.1495849331660917
Validation normalized_cm: [[0.391 0.181 0.208 0.219]
 [0.314 0.285 0.163 0.238]
 [0.2   0.067 0.4   0.333]
 [0.201 0.132 0.361 0.306]]
Validation acc: 0.34303435114503816
Validation class_accuracies: [0.391304347826087, 0.2846975088967972, 0.4, 0.3055555555555556]
Validation sensitivity: 0.2999096657633243
Validation specificity: 0.391304347826087
Validation icbhi_score: 0.34560700679470563
Validation roc_auc: None
Validation avg_accuracy: 0.34538935306960994
Validation one_indexed_epoch: 9
The validation tracker metric at 0.4304522283510668 hasn't increased by 0 in 8 epochs
There is no such attribute
249/249 - 161s - loss: 0.1625 - accuracy: 0.7748 - 161s/epoch - 648ms/step
Epoch 10/110
Validation cm: [[527 174 230  58]
 [372 255 169  47]
 [ 35   8  67  10]
 [ 60  37  44   3]]
Validation val_loss: 1.2259069921576906
Validation normalized_cm: [[0.533 0.176 0.233 0.059]
 [0.441 0.302 0.2   0.056]
 [0.292 0.067 0.558 0.083]
 [0.417 0.257 0.306 0.021]]
Validation acc: 0.4064885496183206
Validation class_accuracies: [0.5328614762386249, 0.302491103202847, 0.5583333333333333, 0.020833333333333332]
Validation sensitivity: 0.2935862691960253
Validation specificity: 0.5328614762386249
Validation icbhi_score: 0.4132238727173251
Validation roc_auc: None
Validation avg_accuracy: 0.3536298115270346
Validation one_indexed_epoch: 10
The validation tracker metric at 0.4304522283510668 hasn't increased by 0 in 9 epochs
There is no such attribute
249/249 - 159s - loss: 0.1413 - accuracy: 0.7851 - 159s/epoch - 639ms/step
Epoch 11/110
Validation cm: [[646 187  68  88]
 [518 241  44  40]
 [ 51  14  23  32]
 [ 80  23  32   9]]
Validation val_loss: 1.0220989265061697
Validation normalized_cm: [[0.653 0.189 0.069 0.089]
 [0.614 0.286 0.052 0.047]
 [0.425 0.117 0.192 0.267]
 [0.556 0.16  0.222 0.062]]
Validation acc: 0.43845419847328243
Validation class_accuracies: [0.6531850353892821, 0.2858837485172005, 0.19166666666666668, 0.0625]
Validation sensitivity: 0.24661246612466126
Validation specificity: 0.6531850353892821
Validation icbhi_score: 0.44989875075697167
Validation roc_auc: None
Validation avg_accuracy: 0.2983088626432873
Validation one_indexed_epoch: 11
-- New best results were achieved. --
Mel loss: <tf.Variable 'Variable:0' shape=() dtype=float32, numpy=0.5>
sinc loss: <tf.Variable 'Variable:0' shape=() dtype=float32, numpy=0.5>
There is no such attribute
249/249 - 169s - loss: 0.1418 - accuracy: 0.7811 - 169s/epoch - 677ms/step
Epoch 12/110
Validation cm: [[478 312  96 103]
 [293 354 119  77]
 [ 37  15  40  28]
 [ 38  42  45  19]]
Validation val_loss: 1.1213531785570081
Validation normalized_cm: [[0.483 0.315 0.097 0.104]
 [0.348 0.42  0.141 0.091]
 [0.308 0.125 0.333 0.233]
 [0.264 0.292 0.312 0.132]]
Validation acc: 0.42509541984732824
Validation class_accuracies: [0.4833164812942366, 0.4199288256227758, 0.3333333333333333, 0.13194444444444445]
Validation sensitivity: 0.37308039747064137
Validation specificity: 0.4833164812942366
Validation icbhi_score: 0.42819843938243896
Validation roc_auc: None
Validation avg_accuracy: 0.3421307711736975
Validation one_indexed_epoch: 12
The validation tracker metric at 0.44989875075697167 hasn't increased by 0 in 1 epochs
There is no such attribute
249/249 - 163s - loss: 0.1139 - accuracy: 0.7974 - 163s/epoch - 653ms/step
Epoch 13/110
Validation cm: [[576 216 107  90]
 [454 262  57  70]
 [ 52  12  27  29]
 [ 55  39  32  18]]
Validation val_loss: 1.0667810252508174
Validation normalized_cm: [[0.582 0.218 0.108 0.091]
 [0.539 0.311 0.068 0.083]
 [0.433 0.1   0.225 0.242]
 [0.382 0.271 0.222 0.125]]
Validation acc: 0.42127862595419846
Validation class_accuracies: [0.5824064711830131, 0.3107947805456702, 0.225, 0.125]
Validation sensitivity: 0.27732610659439927
Validation specificity: 0.5824064711830131
Validation icbhi_score: 0.4298662888887062
Validation roc_auc: None
Validation avg_accuracy: 0.31080031293217086
Validation one_indexed_epoch: 13
The validation tracker metric at 0.44989875075697167 hasn't increased by 0 in 2 epochs
There is no such attribute
249/249 - 161s - loss: 0.1483 - accuracy: 0.7969 - 161s/epoch - 648ms/step
Epoch 14/110
Validation cm: [[544 285  74  86]
 [436 314  39  54]
 [ 48  15  37  20]
 [ 48  48  32  16]]
Validation val_loss: 1.121070179964403
Validation normalized_cm: [[0.55  0.288 0.075 0.087]
 [0.517 0.372 0.046 0.064]
 [0.4   0.125 0.308 0.167]
 [0.333 0.333 0.222 0.111]]
Validation acc: 0.43463740458015265
Validation class_accuracies: [0.5500505561172901, 0.37247924080664296, 0.30833333333333335, 0.1111111111111111]
Validation sensitivity: 0.33152664859981934
Validation specificity: 0.5500505561172901
Validation icbhi_score: 0.44078860235855477
Validation roc_auc: None
Validation avg_accuracy: 0.33549356034209443
Validation one_indexed_epoch: 14
The validation tracker metric at 0.44989875075697167 hasn't increased by 0 in 3 epochs
There is no such attribute
249/249 - 160s - loss: 0.0732 - accuracy: 0.7926 - 160s/epoch - 643ms/step
Epoch 15/110
Validation cm: [[357 452  23 157]
 [250 514  13  66]
 [ 23  43  12  42]
 [ 41  62  15  26]]
Validation val_loss: 1.4246222335631369
Validation normalized_cm: [[0.361 0.457 0.023 0.159]
 [0.297 0.61  0.015 0.078]
 [0.192 0.358 0.1   0.35 ]
 [0.285 0.431 0.104 0.181]]
Validation acc: 0.4336832061068702
Validation class_accuracies: [0.3609706774519717, 0.6097271648873073, 0.1, 0.18055555555555555]
Validation sensitivity: 0.4986449864498645
Validation specificity: 0.3609706774519717
Validation icbhi_score: 0.4298078319509181
Validation roc_auc: None
Validation avg_accuracy: 0.31281334947370865
Validation one_indexed_epoch: 15
The validation tracker metric at 0.44989875075697167 hasn't increased by 0 in 4 epochs
There is no such attribute
249/249 - 167s - loss: 0.0814 - accuracy: 0.7697 - 167s/epoch - 671ms/step
Epoch 16/110
Validation cm: [[340 381  79 189]
 [223 422  54 144]
 [ 25  27  16  52]
 [ 10  68  20  46]]
Validation val_loss: 1.1054927867306605
Validation normalized_cm: [[0.344 0.385 0.08  0.191]
 [0.265 0.501 0.064 0.171]
 [0.208 0.225 0.133 0.433]
 [0.069 0.472 0.139 0.319]]
Validation acc: 0.3931297709923664
Validation class_accuracies: [0.3437815975733064, 0.5005931198102017, 0.13333333333333333, 0.3194444444444444]
Validation sensitivity: 0.4372177055103884
Validation specificity: 0.3437815975733064
Validation icbhi_score: 0.3904996515418474
Validation roc_auc: None
Validation avg_accuracy: 0.32428812379032146
Validation one_indexed_epoch: 16
The validation tracker metric at 0.44989875075697167 hasn't increased by 0 in 5 epochs
There is no such attribute
249/249 - 162s - loss: 0.3069 - accuracy: 0.7861 - 162s/epoch - 650ms/step
Epoch 17/110
Validation cm: [[559 295  78  57]
 [489 232  65  57]
 [ 50  16  31  23]
 [ 77  22  32  13]]
Validation val_loss: 1.2619383597879181
Validation normalized_cm: [[0.565 0.298 0.079 0.058]
 [0.58  0.275 0.077 0.068]
 [0.417 0.133 0.258 0.192]
 [0.535 0.153 0.222 0.09 ]]
Validation acc: 0.39837786259541985
Validation class_accuracies: [0.5652173913043478, 0.2752075919335706, 0.25833333333333336, 0.09027777777777778]
Validation sensitivity: 0.24932249322493225
Validation specificity: 0.5652173913043478
Validation icbhi_score: 0.40726994226464003
Validation roc_auc: None
Validation avg_accuracy: 0.29725902358725736
Validation one_indexed_epoch: 17
The validation tracker metric at 0.44989875075697167 hasn't increased by 0 in 6 epochs
There is no such attribute
249/249 - 162s - loss: 0.1131 - accuracy: 0.7793 - 162s/epoch - 652ms/step
Epoch 18/110
Validation cm: [[196  14 761  18]
 [130   6 695  12]
 [  6   0 109   5]
 [  7   0 137   0]]
Validation val_loss: 3.8940663513375138
Validation normalized_cm: [[0.198 0.014 0.769 0.018]
 [0.154 0.007 0.824 0.014]
 [0.05  0.    0.908 0.042]
 [0.049 0.    0.951 0.   ]]
Validation acc: 0.14837786259541985
Validation class_accuracies: [0.19817997977755308, 0.0071174377224199285, 0.9083333333333333, 0.0]
Validation sensitivity: 0.10388437217705511
Validation specificity: 0.19817997977755308
Validation icbhi_score: 0.1510321759773041
Validation roc_auc: None
Validation avg_accuracy: 0.2784076877083266
Validation one_indexed_epoch: 18
The validation tracker metric at 0.44989875075697167 hasn't increased by 0 in 7 epochs
There is no such attribute
249/249 - 164s - loss: 0.1109 - accuracy: 0.7561 - 164s/epoch - 657ms/step
Epoch 19/110
Validation cm: [[336 510  26 117]
 [128 635   5  75]
 [ 30  36  23  31]
 [ 13  85  16  30]]
Validation val_loss: 0.6534242651581708
Validation normalized_cm: [[0.34  0.516 0.026 0.118]
 [0.152 0.753 0.006 0.089]
 [0.25  0.3   0.192 0.258]
 [0.09  0.59  0.111 0.208]]
Validation acc: 0.48854961832061067
Validation class_accuracies: [0.339737108190091, 0.7532621589561092, 0.19166666666666668, 0.20833333333333334]
Validation sensitivity: 0.6214995483288166
Validation specificity: 0.339737108190091
Validation icbhi_score: 0.48061832825945383
Validation roc_auc: None
Validation avg_accuracy: 0.37324981678655
Validation one_indexed_epoch: 19
-- New best results were achieved. --
There is no such attribute
249/249 - 168s - loss: 0.5644 - accuracy: 0.6830 - 168s/epoch - 673ms/step
Epoch 20/110
Validation cm: [[710  95 105  79]
 [608 101  92  42]
 [ 51   0  53  16]
 [ 89  16  34   5]]
Validation val_loss: 0.9372686958398122
Validation normalized_cm: [[0.718 0.096 0.106 0.08 ]
 [0.721 0.12  0.109 0.05 ]
 [0.425 0.    0.442 0.133]
 [0.618 0.111 0.236 0.035]]
Validation acc: 0.4145992366412214
Validation class_accuracies: [0.717896865520728, 0.11981020166073547, 0.44166666666666665, 0.034722222222222224]
Validation sensitivity: 0.14363143631436315
Validation specificity: 0.717896865520728
Validation icbhi_score: 0.43076415091754555
Validation roc_auc: None
Validation avg_accuracy: 0.3285239890175881
Validation one_indexed_epoch: 20
The validation tracker metric at 0.48061832825945383 hasn't increased by 0 in 1 epochs
There is no such attribute
249/249 - 163s - loss: 0.2997 - accuracy: 0.7700 - 163s/epoch - 655ms/step
Epoch 21/110
Validation cm: [[ 97  94 215 583]
 [ 35 100 137 571]
 [  3   2  50  65]
 [  3   4  38  99]]
Validation val_loss: 2.309291308754684
Validation normalized_cm: [[0.098 0.095 0.217 0.589]
 [0.042 0.119 0.163 0.677]
 [0.025 0.017 0.417 0.542]
 [0.021 0.028 0.264 0.688]]
Validation acc: 0.1650763358778626
Validation class_accuracies: [0.0980788675429727, 0.11862396204033215, 0.4166666666666667, 0.6875]
Validation sensitivity: 0.22493224932249323
Validation specificity: 0.0980788675429727
Validation icbhi_score: 0.16150555843273295
Validation roc_auc: None
Validation avg_accuracy: 0.33021737406249285
Validation one_indexed_epoch: 21
The validation tracker metric at 0.48061832825945383 hasn't increased by 0 in 2 epochs
Mel loss: <tf.Variable 'Variable:0' shape=() dtype=float32, numpy=0.5>
sinc loss: <tf.Variable 'Variable:0' shape=() dtype=float32, numpy=0.5>
There is no such attribute
249/249 - 162s - loss: 0.2285 - accuracy: 0.7768 - 162s/epoch - 652ms/step
Epoch 22/110
Validation cm: [[464 330  64 131]
 [369 357  33  84]
 [ 44  12  20  44]
 [ 52  56  24  12]]
Validation val_loss: 0.9674335338294934
Validation normalized_cm: [[0.469 0.334 0.065 0.132]
 [0.438 0.423 0.039 0.1  ]
 [0.367 0.1   0.167 0.367]
 [0.361 0.389 0.167 0.083]]
Validation acc: 0.40696564885496184
Validation class_accuracies: [0.4691607684529828, 0.4234875444839858, 0.16666666666666666, 0.08333333333333333]
Validation sensitivity: 0.35140018066847334
Validation specificity: 0.4691607684529828
Validation icbhi_score: 0.4102804745607281
Validation roc_auc: None
Validation avg_accuracy: 0.28566207823424217
Validation one_indexed_epoch: 22
The validation tracker metric at 0.48061832825945383 hasn't increased by 0 in 3 epochs
There is no such attribute
249/249 - 161s - loss: 0.3881 - accuracy: 0.7309 - 161s/epoch - 648ms/step
Epoch 23/110
Validation cm: [[697  39 223  30]
 [604  48 165  26]
 [ 40   1  71   8]
 [ 77   6  56   5]]
Validation val_loss: 1.3494927782975752
Validation normalized_cm: [[0.705 0.039 0.225 0.03 ]
 [0.716 0.057 0.196 0.031]
 [0.333 0.008 0.592 0.067]
 [0.535 0.042 0.389 0.035]]
Validation acc: 0.3916984732824427
Validation class_accuracies: [0.704752275025278, 0.05693950177935943, 0.5916666666666667, 0.034722222222222224]
Validation sensitivity: 0.1120144534778681
Validation specificity: 0.704752275025278
Validation icbhi_score: 0.40838336425157307
Validation roc_auc: None
Validation avg_accuracy: 0.3470201664233816
Validation one_indexed_epoch: 23
The validation tracker metric at 0.48061832825945383 hasn't increased by 0 in 4 epochs
There is no such attribute
249/249 - 165s - loss: 0.1741 - accuracy: 0.7773 - 165s/epoch - 664ms/step
Epoch 24/110
Validation cm: [[388 406  91 104]
 [259 450  59  75]
 [ 20  24  41  35]
 [ 11  84  16  33]]
Validation val_loss: 1.0801015834953682
Validation normalized_cm: [[0.392 0.411 0.092 0.105]
 [0.307 0.534 0.07  0.089]
 [0.167 0.2   0.342 0.292]
 [0.076 0.583 0.111 0.229]]
Validation acc: 0.4351145038167939
Validation class_accuracies: [0.3923154701718908, 0.5338078291814946, 0.3416666666666667, 0.22916666666666666]
Validation sensitivity: 0.47335140018066846
Validation specificity: 0.3923154701718908
Validation icbhi_score: 0.4328334351762796
Validation roc_auc: None
Validation avg_accuracy: 0.3742391581716797
Validation one_indexed_epoch: 24
The validation tracker metric at 0.48061832825945383 hasn't increased by 0 in 5 epochs
There is no such attribute
249/249 - 162s - loss: 0.1875 - accuracy: 0.7874 - 162s/epoch - 652ms/step
Epoch 25/110
Validation cm: [[444 391  46 108]
 [312 449  27  55]
 [ 41  24  28  27]
 [ 40  68  27   9]]
Validation val_loss: 1.1987840390005144
Validation normalized_cm: [[0.449 0.395 0.047 0.109]
 [0.37  0.533 0.032 0.065]
 [0.342 0.2   0.233 0.225]
 [0.278 0.472 0.188 0.062]]
Validation acc: 0.4437022900763359
Validation class_accuracies: [0.448938321536906, 0.5326215895610913, 0.23333333333333334, 0.0625]
Validation sensitivity: 0.43902439024390244
Validation specificity: 0.448938321536906
Validation icbhi_score: 0.4439813558904042
Validation roc_auc: None
Validation avg_accuracy: 0.3193483111078327
Validation one_indexed_epoch: 25
The validation tracker metric at 0.48061832825945383 hasn't increased by 0 in 6 epochs
There is no such attribute
249/249 - 161s - loss: 0.0912 - accuracy: 0.8007 - 161s/epoch - 645ms/step
Epoch 26/110
Validation cm: [[228 218 207 336]
 [ 99 238 147 359]
 [ 10   6  45  59]
 [ 11  23  45  65]]
Validation val_loss: 2.0385192276492052
Validation normalized_cm: [[0.231 0.22  0.209 0.34 ]
 [0.117 0.282 0.174 0.426]
 [0.083 0.05  0.375 0.492]
 [0.076 0.16  0.312 0.451]]
Validation acc: 0.2748091603053435
Validation class_accuracies: [0.23053589484327602, 0.2823250296559905, 0.375, 0.4513888888888889]
Validation sensitivity: 0.3143631436314363
Validation specificity: 0.23053589484327602
Validation icbhi_score: 0.27244951923735616
Validation roc_auc: None
Validation avg_accuracy: 0.33481245334703885
Validation one_indexed_epoch: 26
The validation tracker metric at 0.48061832825945383 hasn't increased by 0 in 7 epochs
There is no such attribute
249/249 - 226s - loss: 0.0655 - accuracy: 0.7967 - 226s/epoch - 906ms/step
Epoch 27/110
Validation cm: [[247 545  53 144]
 [ 99 619  22 103]
 [ 18  41  20  41]
 [  8  92  11  33]]
Validation val_loss: 1.1358709111933312
Validation normalized_cm: [[0.25  0.551 0.054 0.146]
 [0.117 0.734 0.026 0.122]
 [0.15  0.342 0.167 0.342]
 [0.056 0.639 0.076 0.229]]
Validation acc: 0.43845419847328243
Validation class_accuracies: [0.24974721941354905, 0.734282325029656, 0.16666666666666666, 0.22916666666666666]
Validation sensitivity: 0.6070460704607046
Validation specificity: 0.24974721941354905
Validation icbhi_score: 0.4283966449371268
Validation roc_auc: None
Validation avg_accuracy: 0.3449657194441346
Validation one_indexed_epoch: 27
The validation tracker metric at 0.48061832825945383 hasn't increased by 0 in 8 epochs
There is no such attribute
249/249 - 163s - loss: 0.2714 - accuracy: 0.7125 - 163s/epoch - 653ms/step
Epoch 28/110
Validation cm: [[234 529  34 192]
 [111 529  16 187]
 [ 13  29  16  62]
 [  7  71   6  60]]
Validation val_loss: 1.4373458691623537
Validation normalized_cm: [[0.237 0.535 0.034 0.194]
 [0.132 0.628 0.019 0.222]
 [0.108 0.242 0.133 0.517]
 [0.049 0.493 0.042 0.417]]
Validation acc: 0.4002862595419847
Validation class_accuracies: [0.23660262891809908, 0.627520759193357, 0.13333333333333333, 0.4166666666666667]
Validation sensitivity: 0.5465221318879856
Validation specificity: 0.23660262891809908
Validation icbhi_score: 0.39156238040304236
Validation roc_auc: None
Validation avg_accuracy: 0.353530847027864
Validation one_indexed_epoch: 28
The validation tracker metric at 0.48061832825945383 hasn't increased by 0 in 9 epochs
There is no such attribute
249/249 - 162s - loss: 0.1383 - accuracy: 0.7803 - 162s/epoch - 652ms/step
Epoch 29/110
Validation cm: [[615 234 100  40]
 [467 269  74  33]
 [ 52   6  50  12]
 [ 72  28  38   6]]
Validation val_loss: 1.2044141059798448
Validation normalized_cm: [[0.622 0.237 0.101 0.04 ]
 [0.554 0.319 0.088 0.039]
 [0.433 0.05  0.417 0.1  ]
 [0.5   0.194 0.264 0.042]]
Validation acc: 0.4484732824427481
Validation class_accuracies: [0.621840242669363, 0.3190984578884935, 0.4166666666666667, 0.041666666666666664]
Validation sensitivity: 0.2935862691960253
Validation specificity: 0.621840242669363
Validation icbhi_score: 0.4577132559326942
Validation roc_auc: None
Validation avg_accuracy: 0.3498180084727975
Validation one_indexed_epoch: 29
The validation tracker metric at 0.48061832825945383 hasn't increased by 0 in 10 epochs
There is no such attribute
249/249 - 164s - loss: 0.1222 - accuracy: 0.7798 - 164s/epoch - 658ms/step
Epoch 30/110
Validation cm: [[507 142 229 111]
 [399 186 182  76]
 [ 27   5  57  31]
 [ 51   7  72  14]]
Validation val_loss: 1.723802603540275
Validation normalized_cm: [[0.513 0.144 0.232 0.112]
 [0.473 0.221 0.216 0.09 ]
 [0.225 0.042 0.475 0.258]
 [0.354 0.049 0.5   0.097]]
Validation acc: 0.36450381679389315
Validation class_accuracies: [0.512639029322548, 0.2206405693950178, 0.475, 0.09722222222222222]
Validation sensitivity: 0.23215898825654924
Validation specificity: 0.512639029322548
Validation icbhi_score: 0.3723990087895486
Validation roc_auc: None
Validation avg_accuracy: 0.32637545523494704
Validation one_indexed_epoch: 30
The validation tracker metric at 0.48061832825945383 hasn't increased by 0 in 11 epochs
There is no such attribute
249/249 - 165s - loss: 0.0583 - accuracy: 0.7715 - 165s/epoch - 663ms/step
Epoch 31/110
Validation cm: [[515 275  99 100]
 [357 346  60  80]
 [ 34  16  39  31]
 [ 41  41  45  17]]
Validation val_loss: 1.423156495180082
Validation normalized_cm: [[0.521 0.278 0.1   0.101]
 [0.423 0.41  0.071 0.095]
 [0.283 0.133 0.325 0.258]
 [0.285 0.285 0.312 0.118]]
Validation acc: 0.4375
Validation class_accuracies: [0.5207280080889788, 0.41043890865954924, 0.325, 0.11805555555555555]
Validation sensitivity: 0.36314363143631434
Validation specificity: 0.5207280080889788
Validation icbhi_score: 0.44193581976264656
Validation roc_auc: None
Validation avg_accuracy: 0.3435556180760209
Validation one_indexed_epoch: 31
The validation tracker metric at 0.48061832825945383 hasn't increased by 0 in 12 epochs
Lr has been adjusted to 0.0005000000237487257
Mel loss: <tf.Variable 'Variable:0' shape=() dtype=float32, numpy=0.5>
sinc loss: <tf.Variable 'Variable:0' shape=() dtype=float32, numpy=0.5>
There is no such attribute
249/249 - 163s - loss: 0.0435 - accuracy: 0.7720 - 163s/epoch - 656ms/step
Epoch 32/110
Validation cm: [[629 225  57  78]
 [490 270  36  47]
 [ 52  12  33  23]
 [ 77  25  34   8]]
Validation val_loss: 1.4756277187007645
Validation normalized_cm: [[0.636 0.228 0.058 0.079]
 [0.581 0.32  0.043 0.056]
 [0.433 0.1   0.275 0.192]
 [0.535 0.174 0.236 0.056]]
Validation acc: 0.4484732824427481
Validation class_accuracies: [0.6359959555106168, 0.3202846975088968, 0.275, 0.05555555555555555]
Validation sensitivity: 0.2809394760614273
Validation specificity: 0.6359959555106168
Validation icbhi_score: 0.4584677157860221
Validation roc_auc: None
Validation avg_accuracy: 0.32170905214376727
Validation one_indexed_epoch: 32
The validation tracker metric at 0.48061832825945383 hasn't increased by 0 in 13 epochs
There is no such attribute
249/249 - 160s - loss: 0.0133 - accuracy: 0.7707 - 160s/epoch - 642ms/step
Epoch 33/110
Validation cm: [[590 143 164  92]
 [464 177 123  79]
 [ 35   5  58  22]
 [ 62  14  60   8]]
Validation val_loss: 1.7729800475158846
Validation normalized_cm: [[0.597 0.145 0.166 0.093]
 [0.55  0.21  0.146 0.094]
 [0.292 0.042 0.483 0.183]
 [0.431 0.097 0.417 0.056]]
Validation acc: 0.3974236641221374
Validation class_accuracies: [0.596562184024267, 0.2099644128113879, 0.48333333333333334, 0.05555555555555555]
Validation sensitivity: 0.21951219512195122
Validation specificity: 0.596562184024267
Validation icbhi_score: 0.4080371895731091
Validation roc_auc: None
Validation avg_accuracy: 0.33635387143113593
Validation one_indexed_epoch: 33
The validation tracker metric at 0.48061832825945383 hasn't increased by 0 in 14 epochs
There is no such attribute
249/249 - 168s - loss: 0.0119 - accuracy: 0.7677 - 168s/epoch - 676ms/step
Epoch 34/110
Validation cm: [[612 224  73  80]
 [457 285  41  60]
 [ 47  13  40  20]
 [ 65  32  38   9]]
Validation val_loss: 1.4389363670414113
Validation normalized_cm: [[0.619 0.226 0.074 0.081]
 [0.542 0.338 0.049 0.071]
 [0.392 0.108 0.333 0.167]
 [0.451 0.222 0.264 0.062]]
Validation acc: 0.45133587786259544
Validation class_accuracies: [0.6188068756319515, 0.33807829181494664, 0.3333333333333333, 0.0625]
Validation sensitivity: 0.3017163504968383
Validation specificity: 0.6188068756319515
Validation icbhi_score: 0.4602616130643949
Validation roc_auc: None
Validation avg_accuracy: 0.33817962519505784
Validation one_indexed_epoch: 34
The validation tracker metric at 0.48061832825945383 hasn't increased by 0 in 15 epochs
There is no such attribute
249/249 - 159s - loss: 0.0621 - accuracy: 0.7536 - 159s/epoch - 638ms/step
Epoch 35/110
Validation cm: [[562 264  76  87]
 [401 329  43  70]
 [ 44  13  38  25]
 [ 52  41  42   9]]
Validation val_loss: 1.513479598255863
Validation normalized_cm: [[0.568 0.267 0.077 0.088]
 [0.476 0.39  0.051 0.083]
 [0.367 0.108 0.317 0.208]
 [0.361 0.285 0.292 0.062]]
Validation acc: 0.44751908396946566
Validation class_accuracies: [0.5682507583417593, 0.3902728351126928, 0.31666666666666665, 0.0625]
Validation sensitivity: 0.33965672990063234
Validation specificity: 0.5682507583417593
Validation icbhi_score: 0.4539537441211958
Validation roc_auc: None
Validation avg_accuracy: 0.3344225650302797
Validation one_indexed_epoch: 35
The validation tracker metric at 0.48061832825945383 hasn't increased by 0 in 16 epochs
There is no such attribute
249/249 - 159s - loss: 0.0128 - accuracy: 0.7559 - 159s/epoch - 640ms/step
Epoch 36/110
Validation cm: [[653 196  60  80]
 [509 245  41  48]
 [ 53  13  37  17]
 [ 74  30  35   5]]
Validation val_loss: 1.6786280201755732
Validation normalized_cm: [[0.66  0.198 0.061 0.081]
 [0.604 0.291 0.049 0.057]
 [0.442 0.108 0.308 0.142]
 [0.514 0.208 0.243 0.035]]
Validation acc: 0.4484732824427481
Validation class_accuracies: [0.660262891809909, 0.29062870699881377, 0.30833333333333335, 0.034722222222222224]
Validation sensitivity: 0.25925925925925924
Validation specificity: 0.660262891809909
Validation icbhi_score: 0.4597610755345841
Validation roc_auc: None
Validation avg_accuracy: 0.3234867885910696
Validation one_indexed_epoch: 36
The validation tracker metric at 0.48061832825945383 hasn't increased by 0 in 17 epochs
There is no such attribute
249/249 - 162s - loss: 0.0077 - accuracy: 0.7745 - 162s/epoch - 651ms/step
Epoch 37/110
Validation cm: [[603 226  73  87]
 [464 279  41  59]
 [ 44  16  34  26]
 [ 63  32  43   6]]
Validation val_loss: 1.6644745688790676
Validation normalized_cm: [[0.61  0.229 0.074 0.088]
 [0.55  0.331 0.049 0.07 ]
 [0.367 0.133 0.283 0.217]
 [0.438 0.222 0.299 0.042]]
Validation acc: 0.4398854961832061
Validation class_accuracies: [0.6097067745197169, 0.3309608540925267, 0.2833333333333333, 0.041666666666666664]
Validation sensitivity: 0.2881662149954833
Validation specificity: 0.6097067745197169
Validation icbhi_score: 0.4489364947576001
Validation roc_auc: None
Validation avg_accuracy: 0.31641690715306087
Validation one_indexed_epoch: 37
The validation tracker metric at 0.48061832825945383 hasn't increased by 0 in 18 epochs
There is no such attribute
249/249 - 162s - loss: 0.0154 - accuracy: 0.7541 - 162s/epoch - 652ms/step
Epoch 38/110
Validation cm: [[610 237  64  78]
 [453 300  44  46]
 [ 48  16  35  21]
 [ 70  39  32   3]]
Validation val_loss: 1.7299883036256865
Validation normalized_cm: [[0.617 0.24  0.065 0.079]
 [0.537 0.356 0.052 0.055]
 [0.4   0.133 0.292 0.175]
 [0.486 0.271 0.222 0.021]]
Validation acc: 0.45229007633587787
Validation class_accuracies: [0.6167846309403437, 0.35587188612099646, 0.2916666666666667, 0.020833333333333332]
Validation sensitivity: 0.3053297199638663
Validation specificity: 0.6167846309403437
Validation icbhi_score: 0.461057175452105
Validation roc_auc: None
Validation avg_accuracy: 0.32128912926533504
Validation one_indexed_epoch: 38
The validation tracker metric at 0.48061832825945383 hasn't increased by 0 in 19 epochs
There is no such attribute
249/249 - 144s - loss: 0.0070 - accuracy: 0.7758 - 144s/epoch - 580ms/step
Epoch 39/110
Validation cm: [[536 290  71  92]
 [399 338  39  67]
 [ 44  17  33  26]
 [ 52  49  37   6]]
Validation val_loss: 1.717644356944854
Validation normalized_cm: [[0.542 0.293 0.072 0.093]
 [0.473 0.401 0.046 0.079]
 [0.367 0.142 0.275 0.217]
 [0.361 0.34  0.257 0.042]]
Validation acc: 0.43559160305343514
Validation class_accuracies: [0.5419615773508595, 0.40094899169632264, 0.275, 0.041666666666666664]
Validation sensitivity: 0.3405600722673893
Validation specificity: 0.5419615773508595
Validation icbhi_score: 0.44126082480912443
Validation roc_auc: None
Validation avg_accuracy: 0.3148943089284622
Validation one_indexed_epoch: 39
The validation tracker metric at 0.48061832825945383 hasn't increased by 0 in 20 epochs
There is no such attribute
249/249 - 149s - loss: 0.0030 - accuracy: 0.7579 - 149s/epoch - 597ms/step
Epoch 40/110
Validation cm: [[516 329  61  83]
 [376 382  30  55]
 [ 46  19  31  24]
 [ 52  55  29   8]]
Validation val_loss: 1.683438539041314
Validation normalized_cm: [[0.522 0.333 0.062 0.084]
 [0.446 0.453 0.036 0.065]
 [0.383 0.158 0.258 0.2  ]
 [0.361 0.382 0.201 0.056]]
