Tensorflow Version: 2.8.0
Num GPUs Available:  1
Collecting Variables...
All variables have been collected.
../cache/
cw
train181
Description:  effnet: kfold, mel, no normalizing, 1 optimizer w adaptive lr, overlap threshold = 0.3,
-----------------------
training parameters
[('cache_root', '../cache/'), ('data_root', '../data/'), ('jordan_root', '../data/jwyy9np4gv-3/'), ('icbhi_root', '../data/raw_audios/icbhi_preprocessed_v2_cleaned_8000/'), ('bd_root', '../data/PCV_SEGMENTED_Processed_Files/'), ('excel_path', '../data/Bangladesh_PCV_onlyStudyPatients.xlsx'), ('perch_root', '../data/raw_audios/perch_8000_10seconds'), ('ant_root', '../data/raw_audios/Antwerp_Clinical_Complete'), ('description', ' effnet: kfold, mel, no normalizing, 1 optimizer w adaptive lr, overlap threshold = 0.3,'), ('job_id', 0), ('mode', 'cw'), ('n_classes', 2), ('shape', (80, 500, 3)), ('n_epochs', 110), ('lr', 0.001), ('batch_size', 16), ('ll2_reg', 0), ('weight_decay', 0.01), ('label_smoothing', 0), ('epsilon', 1e-07), ('es_patience', 25), ('min_delta', 0), ('train_test_ratio', 0.8), ('kfold', False), ('clause', 0), ('epoch_start', 0), ('testing', 0), ('adaptive_lr', True), ('cuberooting', 1), ('normalizing', 1), ('class_weights', True), ('early_stopping', True), ('initial_channels', 1), ('factor', 0.5), ('lr_patience', 12), ('min_lr', 1e-05), ('sr', 4000), ('audio_length', 5), ('step_size', 2.5), ('n_fft', 1024), ('hop_length', 254), ('n_mels', 128), ('overlap_threshold', 0.3), ('trainable_fb', False), ('to_decibel', True), ('train_nn', False), ('train_mel', False), ('file_dir', '../cache/cw/train181'), ('n_sequences', 9), ('activate_spectral_loss', False), ('normalize', False), ('stacking', False), ('oversample', False), ('one_hot_encoding', False), ('activation', 'sigmoid'), ('n_filters', 80)]
Job id is 1.
Job dir: ../cache/cw/train181/1
- Loading Icbhi.
725 Icbhi audios have been loaded.
- Preparing Icbhi.
112 Icbhi groups of audio chunks (by filename or patients) have been prepared.
--- Samples are being split into training/val groups and de-grouped by patient ---
Job id is 2.
turning the kfold from 90/10 to 80/20
100
12
to
90
22
-----------------------
--- Final training dataset went from 0 to 3969 elements, with 1889 none's, 991 crakles, 597 wheezes and 492 both ---
--- Final Validation dataset contains 2096 elements, with 989 none, 843 crackles, 120 wheezes and 144 both ---
GPUs
['/device:GPU:0']
Initializing weights...
weights = {0: 0.5252779248279513, 1: 1.0012613521695257, 2: 1.6620603015075377, 3: 2.0167682926829267}
Model: "sequential"
_________________________________________________________________
 Layer (type)                Output Shape              Param #   
=================================================================
 resnet50 (Functional)       (None, 3, 16, 2048)       23587712  
                                                                 
 reshape (Reshape)           (None, 16, 6144)          0         
                                                                 
 bidirectional (Bidirectiona  (None, 16, 256)          6423552   
 l)                                                              
                                                                 
 bidirectional_1 (Bidirectio  (None, 16, 256)          394240    
 nal)                                                            
                                                                 
 dense (Dense)               (None, 16, 256)           65792     
                                                                 
 dropout (Dropout)           (None, 16, 256)           0         
                                                                 
 flatten (Flatten)           (None, 4096)              0         
                                                                 
 dense_1 (Dense)             (None, 2)                 8194      
                                                                 
=================================================================
Total params: 30,479,490
Trainable params: 30,426,370
Non-trainable params: 53,120
_________________________________________________________________
Model: "leaf_model9_model_efnet1_174_2"
______________________________________________________________________________________________________________
 Layer (type)                                    Output Shape                                Param #          
==============================================================================================================
 mel_filterbanks (MelFilterbanks)                multiple                                    0                
                                                                                                              
 mel_filterbanks_1 (MelFilterbanks)              multiple                                    0 (unused)       
                                                                                                              
 sincnet (SincNet)                               multiple                                    0 (unused)       
                                                                                                              
 sequential (Sequential)                         (None, 2)                                   30479490         
                                                                                                              
==============================================================================================================
Total params: 30,479,652
Trainable params: 11,357,604
Non-trainable params: 19,122,048
______________________________________________________________________________________________________________
Target metric is icbhi_score
Epoch 1/110
WARNING:tensorflow:Gradients do not exist for variables ['kernel:0', 'Variable:0', 'Variable:0'] when minimizing the loss. If you're using `model.compile()`, did you forget to provide a `loss`argument?
WARNING:tensorflow:Gradients do not exist for variables ['kernel:0', 'Variable:0', 'Variable:0'] when minimizing the loss. If you're using `model.compile()`, did you forget to provide a `loss`argument?
WARNING:tensorflow:Gradients do not exist for variables ['kernel:0', 'Variable:0', 'Variable:0'] when minimizing the loss. If you're using `model.compile()`, did you forget to provide a `loss`argument?
WARNING:tensorflow:Gradients do not exist for variables ['kernel:0', 'Variable:0', 'Variable:0'] when minimizing the loss. If you're using `model.compile()`, did you forget to provide a `loss`argument?
Validation cm: [[305 439  94 151]
 [125 556  36 126]
 [ 14  70  13  23]
 [ 28  97  13   6]]
Validation val_loss: 0.668834577193697
Validation normalized_cm: [[0.308 0.444 0.095 0.153]
 [0.148 0.66  0.043 0.149]
 [0.117 0.583 0.108 0.192]
 [0.194 0.674 0.09  0.042]]
Validation acc: 0.4198473282442748
Validation class_accuracies: [0.3083923154701719, 0.6595492289442467, 0.10833333333333334, 0.041666666666666664]
Validation sensitivity: 0.5194218608852755
Validation specificity: 0.3083923154701719
Validation icbhi_score: 0.4139070881777237
Validation roc_auc: None
Validation avg_accuracy: 0.2794853861036047
Validation one_indexed_epoch: 1
-- New best results were achieved. --
There is no such attribute
249/249 - 173s - loss: 0.6862 - accuracy: 0.5739 - 173s/epoch - 697ms/step
Epoch 2/110
Validation cm: [[270 413  82 224]
 [ 87 574  30 152]
 [  7  62  16  35]
 [ 16  98  12  18]]
Validation val_loss: 0.6602143907052187
Validation normalized_cm: [[0.273 0.418 0.083 0.226]
 [0.103 0.681 0.036 0.18 ]
 [0.058 0.517 0.133 0.292]
 [0.111 0.681 0.083 0.125]]
Validation acc: 0.41889312977099236
Validation class_accuracies: [0.2730030333670374, 0.6809015421115066, 0.13333333333333333, 0.125]
Validation sensitivity: 0.5492321589882565
Validation specificity: 0.2730030333670374
Validation icbhi_score: 0.411117596177647
Validation roc_auc: None
Validation avg_accuracy: 0.30305947720296933
Validation one_indexed_epoch: 2
The validation tracker metric at 0.4139070881777237 hasn't increased by 0 in 1 epochs
There is no such attribute
249/249 - 163s - loss: 0.6641 - accuracy: 0.5513 - 163s/epoch - 654ms/step
Epoch 3/110
Validation cm: [[268 346 131 244]
 [ 79 524  49 191]
 [  6  43  22  49]
 [ 14  80  18  32]]
Validation val_loss: 0.6615322666200063
Validation normalized_cm: [[0.271 0.35  0.132 0.247]
 [0.094 0.622 0.058 0.227]
 [0.05  0.358 0.183 0.408]
 [0.097 0.556 0.125 0.222]]
Validation acc: 0.4036259541984733
Validation class_accuracies: [0.27098078867542974, 0.6215895610913404, 0.18333333333333332, 0.2222222222222222]
Validation sensitivity: 0.5221318879855466
Validation specificity: 0.27098078867542974
Validation icbhi_score: 0.39655633833048815
Validation roc_auc: None
Validation avg_accuracy: 0.32453147633058144
Validation one_indexed_epoch: 3
The validation tracker metric at 0.4139070881777237 hasn't increased by 0 in 2 epochs
There is no such attribute
249/249 - 159s - loss: 0.6416 - accuracy: 0.5833 - 159s/epoch - 640ms/step
Epoch 4/110
Validation cm: [[244 272 242 231]
 [ 92 453  83 215]
 [  9  21  38  52]
 [ 16  63  31  34]]
Validation val_loss: 0.6827179389429912
Validation normalized_cm: [[0.247 0.275 0.245 0.234]
 [0.109 0.537 0.098 0.255]
 [0.075 0.175 0.317 0.433]
 [0.111 0.438 0.215 0.236]]
Validation acc: 0.36688931297709926
Validation class_accuracies: [0.24671385237613752, 0.5373665480427047, 0.31666666666666665, 0.2361111111111111]
Validation sensitivity: 0.4742547425474255
Validation specificity: 0.24671385237613752
Validation icbhi_score: 0.3604842974617815
Validation roc_auc: None
Validation avg_accuracy: 0.334214544549155
Validation one_indexed_epoch: 4
The validation tracker metric at 0.4139070881777237 hasn't increased by 0 in 3 epochs
There is no such attribute
249/249 - 158s - loss: 0.6127 - accuracy: 0.6122 - 158s/epoch - 636ms/step
Epoch 5/110
Validation cm: [[330 325 169 165]
 [114 510  61 158]
 [ 13  25  45  37]
 [ 19  74  27  24]]
Validation val_loss: 0.6393916174371279
Validation normalized_cm: [[0.334 0.329 0.171 0.167]
 [0.135 0.605 0.072 0.187]
 [0.108 0.208 0.375 0.308]
 [0.132 0.514 0.188 0.167]]
Validation acc: 0.4336832061068702
Validation class_accuracies: [0.33367037411526795, 0.604982206405694, 0.375, 0.16666666666666666]
Validation sensitivity: 0.5230352303523035
Validation specificity: 0.33367037411526795
Validation icbhi_score: 0.4283528022337857
Validation roc_auc: None
Validation avg_accuracy: 0.3700798117969072
Validation one_indexed_epoch: 5
-- New best results were achieved. --
There is no such attribute
249/249 - 158s - loss: 0.5855 - accuracy: 0.6148 - 158s/epoch - 633ms/step
Epoch 6/110
Validation cm: [[239 224 297 229]
 [ 89 373 128 253]
 [  7  14  62  37]
 [  8  48  47  41]]
Validation val_loss: 0.719538000085256
Validation normalized_cm: [[0.242 0.226 0.3   0.232]
 [0.106 0.442 0.152 0.3  ]
 [0.058 0.117 0.517 0.308]
 [0.056 0.333 0.326 0.285]]
Validation acc: 0.3411259541984733
Validation class_accuracies: [0.2416582406471183, 0.4424673784104389, 0.5166666666666667, 0.2847222222222222]
Validation sensitivity: 0.42999096657633246
Validation specificity: 0.2416582406471183
Validation icbhi_score: 0.3358246036117254
Validation roc_auc: None
Validation avg_accuracy: 0.3713786269866115
Validation one_indexed_epoch: 6
The validation tracker metric at 0.4283528022337857 hasn't increased by 0 in 1 epochs
There is no such attribute
249/249 - 165s - loss: 0.5510 - accuracy: 0.6694 - 165s/epoch - 661ms/step
Epoch 7/110
Validation cm: [[516 280 109  84]
 [233 497  55  58]
 [ 40  25  45  10]
 [ 37  73  25   9]]
Validation val_loss: 0.5820569611076294
Validation normalized_cm: [[0.522 0.283 0.11  0.085]
 [0.276 0.59  0.065 0.069]
 [0.333 0.208 0.375 0.083]
 [0.257 0.507 0.174 0.062]]
Validation acc: 0.5090648854961832
Validation class_accuracies: [0.5217391304347826, 0.5895610913404508, 0.375, 0.0625]
Validation sensitivity: 0.4977416440831075
Validation specificity: 0.5217391304347826
Validation icbhi_score: 0.509740387258945
Validation roc_auc: None
Validation avg_accuracy: 0.3872000554438083
Validation one_indexed_epoch: 7
-- New best results were achieved. --
There is no such attribute
249/249 - 160s - loss: 0.5254 - accuracy: 0.6921 - 160s/epoch - 641ms/step
Epoch 8/110
Validation cm: [[349 395 107 138]
 [120 577  30 116]
 [ 21  35  34  30]
 [ 19  81  19  25]]
Validation val_loss: 0.6218621638845225
Validation normalized_cm: [[0.353 0.399 0.108 0.14 ]
 [0.142 0.684 0.036 0.138]
 [0.175 0.292 0.283 0.25 ]
 [0.132 0.562 0.132 0.174]]
Validation acc: 0.4699427480916031
Validation class_accuracies: [0.3528816986855409, 0.6844602609727165, 0.2833333333333333, 0.1736111111111111]
Validation sensitivity: 0.5745257452574526
Validation specificity: 0.3528816986855409
Validation icbhi_score: 0.4637037219714968
Validation roc_auc: None
Validation avg_accuracy: 0.37357160102567544
Validation one_indexed_epoch: 8
The validation tracker metric at 0.509740387258945 hasn't increased by 0 in 1 epochs
There is no such attribute
249/249 - 160s - loss: 0.4925 - accuracy: 0.7140 - 160s/epoch - 641ms/step
Epoch 9/110
Validation cm: [[480 279 128 102]
 [228 467  66  82]
 [ 31  24  45  20]
 [ 38  52  43  11]]
Validation val_loss: 0.6125050736413487
Validation normalized_cm: [[0.485 0.282 0.129 0.103]
 [0.27  0.554 0.078 0.097]
 [0.258 0.2   0.375 0.167]
 [0.264 0.361 0.299 0.076]]
Validation acc: 0.47853053435114506
Validation class_accuracies: [0.48533872598584427, 0.5539739027283511, 0.375, 0.0763888888888889]
Validation sensitivity: 0.47244805781391147
Validation specificity: 0.48533872598584427
Validation icbhi_score: 0.4788933918998779
Validation roc_auc: None
Validation avg_accuracy: 0.37267537940077106
Validation one_indexed_epoch: 9
The validation tracker metric at 0.509740387258945 hasn't increased by 0 in 2 epochs
There is no such attribute
249/249 - 163s - loss: 0.4627 - accuracy: 0.7218 - 163s/epoch - 653ms/step
Epoch 10/110
Validation cm: [[464 306 118 101]
 [250 435  68  90]
 [ 29  23  50  18]
 [ 33  54  38  19]]
Validation val_loss: 0.6158757588563074
Validation normalized_cm: [[0.469 0.309 0.119 0.102]
 [0.297 0.516 0.081 0.107]
 [0.242 0.192 0.417 0.15 ]
 [0.229 0.375 0.264 0.132]]
Validation acc: 0.4618320610687023
Validation class_accuracies: [0.4691607684529828, 0.5160142348754448, 0.4166666666666667, 0.13194444444444445]
Validation sensitivity: 0.45528455284552843
Validation specificity: 0.4691607684529828
Validation icbhi_score: 0.46222266064925566
Validation roc_auc: None
Validation avg_accuracy: 0.3834465286098847
Validation one_indexed_epoch: 10
The validation tracker metric at 0.509740387258945 hasn't increased by 0 in 3 epochs
There is no such attribute
249/249 - 163s - loss: 0.4273 - accuracy: 0.7329 - 163s/epoch - 656ms/step
Epoch 11/110
Validation cm: [[483 371  74  61]
 [238 523  28  54]
 [ 41  31  33  15]
 [ 52  60  24   8]]
Validation val_loss: 0.5779324246531367
Validation normalized_cm: [[0.488 0.375 0.075 0.062]
 [0.282 0.62  0.033 0.064]
 [0.342 0.258 0.275 0.125]
 [0.361 0.417 0.167 0.056]]
Validation acc: 0.49952290076335876
Validation class_accuracies: [0.4883720930232558, 0.6204033214709371, 0.275, 0.05555555555555555]
Validation sensitivity: 0.5094850948509485
Validation specificity: 0.4883720930232558
Validation icbhi_score: 0.49892859393710215
Validation roc_auc: None
Validation avg_accuracy: 0.3598327425124371
Validation one_indexed_epoch: 11
The validation tracker metric at 0.509740387258945 hasn't increased by 0 in 4 epochs
Mel loss: <tf.Variable 'Variable:0' shape=() dtype=float32, numpy=0.5>
sinc loss: <tf.Variable 'Variable:0' shape=() dtype=float32, numpy=0.5>
There is no such attribute
249/249 - 160s - loss: 0.3939 - accuracy: 0.7554 - 160s/epoch - 644ms/step
Epoch 12/110
Validation cm: [[194 684  22  89]
 [ 75 695  10  63]
 [ 20  61  12  27]
 [ 17 106   3  18]]
Validation val_loss: 0.6486018970981952
Validation normalized_cm: [[0.196 0.692 0.022 0.09 ]
 [0.089 0.824 0.012 0.075]
 [0.167 0.508 0.1   0.225]
 [0.118 0.736 0.021 0.125]]
Validation acc: 0.43845419847328243
Validation class_accuracies: [0.1961577350859454, 0.8244365361803084, 0.1, 0.125]
Validation sensitivity: 0.6549232158988256
Validation specificity: 0.1961577350859454
Validation icbhi_score: 0.4255404754923855
Validation roc_auc: None
Validation avg_accuracy: 0.3113985678165635
Validation one_indexed_epoch: 12
The validation tracker metric at 0.509740387258945 hasn't increased by 0 in 5 epochs
There is no such attribute
249/249 - 161s - loss: 0.3550 - accuracy: 0.7617 - 161s/epoch - 647ms/step
Epoch 13/110
Validation cm: [[161 612  34 182]
 [ 50 633   9 151]
 [ 11  46   6  57]
 [  5  84   6  49]]
Validation val_loss: 0.7680619378904776
Validation normalized_cm: [[0.163 0.619 0.034 0.184]
 [0.059 0.751 0.011 0.179]
 [0.092 0.383 0.05  0.475]
 [0.035 0.583 0.042 0.34 ]]
Validation acc: 0.4050572519083969
Validation class_accuracies: [0.16279069767441862, 0.7508896797153025, 0.05, 0.3402777777777778]
Validation sensitivity: 0.6214995483288166
Validation specificity: 0.16279069767441862
Validation icbhi_score: 0.39214512300161763
Validation roc_auc: None
Validation avg_accuracy: 0.32598953879187476
Validation one_indexed_epoch: 13
The validation tracker metric at 0.509740387258945 hasn't increased by 0 in 6 epochs
There is no such attribute
249/249 - 158s - loss: 0.3155 - accuracy: 0.7740 - 158s/epoch - 634ms/step
Epoch 14/110
Validation cm: [[479 267 149  94]
 [339 316 116  72]
 [ 43  10  54  13]
 [ 46  37  42  19]]
Validation val_loss: 0.7341962783421454
Validation normalized_cm: [[0.484 0.27  0.151 0.095]
 [0.402 0.375 0.138 0.085]
 [0.358 0.083 0.45  0.108]
 [0.319 0.257 0.292 0.132]]
Validation acc: 0.41412213740458015
Validation class_accuracies: [0.48432760364004046, 0.3748517200474496, 0.45, 0.13194444444444445]
Validation sensitivity: 0.35140018066847334
Validation specificity: 0.48432760364004046
Validation icbhi_score: 0.4178638921542569
Validation roc_auc: None
Validation avg_accuracy: 0.3602809420329836
Validation one_indexed_epoch: 14
The validation tracker metric at 0.509740387258945 hasn't increased by 0 in 7 epochs
There is no such attribute
249/249 - 164s - loss: 0.2745 - accuracy: 0.7914 - 164s/epoch - 660ms/step
Epoch 15/110
Validation cm: [[ 14 193  33 749]
 [  2 166  11 664]
 [  0   9   0 111]
 [  0  19   8 117]]
Validation val_loss: 1.6451213277906591
Validation normalized_cm: [[0.014 0.195 0.033 0.757]
 [0.002 0.197 0.013 0.788]
 [0.    0.075 0.    0.925]
 [0.    0.132 0.056 0.812]]
Validation acc: 0.14169847328244276
Validation class_accuracies: [0.014155712841253791, 0.19691577698695137, 0.0, 0.8125]
Validation sensitivity: 0.25564588979223124
Validation specificity: 0.014155712841253791
Validation icbhi_score: 0.1349008013167425
Validation roc_auc: None
Validation avg_accuracy: 0.2558928724570513
Validation one_indexed_epoch: 15
The validation tracker metric at 0.509740387258945 hasn't increased by 0 in 8 epochs
There is no such attribute
249/249 - 161s - loss: 0.2321 - accuracy: 0.7851 - 161s/epoch - 647ms/step
Epoch 16/110
Validation cm: [[143 559  55 232]
 [ 57 554  21 211]
 [ 11  31  13  65]
 [  3  64  14  63]]
Validation val_loss: 0.9337247505975986
Validation normalized_cm: [[0.145 0.565 0.056 0.235]
 [0.068 0.657 0.025 0.25 ]
 [0.092 0.258 0.108 0.542]
 [0.021 0.444 0.097 0.438]]
Validation acc: 0.3687977099236641
Validation class_accuracies: [0.14459049544994945, 0.6571767497034401, 0.10833333333333334, 0.4375]
Validation sensitivity: 0.5691056910569106
Validation specificity: 0.14459049544994945
Validation icbhi_score: 0.35684809325343003
Validation roc_auc: None
Validation avg_accuracy: 0.3369001446216807
Validation one_indexed_epoch: 16
The validation tracker metric at 0.509740387258945 hasn't increased by 0 in 9 epochs
There is no such attribute
249/249 - 161s - loss: 0.2709 - accuracy: 0.7740 - 161s/epoch - 645ms/step
Epoch 17/110
Validation cm: [[811 150  27   1]
 [692 142   7   2]
 [ 99   9  10   2]
 [124  15   5   0]]
Validation val_loss: 0.7891905310986749
Validation normalized_cm: [[0.82  0.152 0.027 0.001]
 [0.821 0.168 0.008 0.002]
 [0.825 0.075 0.083 0.017]
 [0.861 0.104 0.035 0.   ]]
Validation acc: 0.4594465648854962
Validation class_accuracies: [0.8200202224469161, 0.16844602609727166, 0.08333333333333333, 0.0]
Validation sensitivity: 0.13730803974706413
Validation specificity: 0.8200202224469161
Validation icbhi_score: 0.47866413109699013
Validation roc_auc: None
Validation avg_accuracy: 0.26794989546938025
Validation one_indexed_epoch: 17
The validation tracker metric at 0.509740387258945 hasn't increased by 0 in 10 epochs
There is no such attribute
249/249 - 163s - loss: 0.1936 - accuracy: 0.7788 - 163s/epoch - 655ms/step
Epoch 18/110
Validation cm: [[  0   1 927  61]
 [  0   0 799  44]
 [  0   0 114   6]
 [  0   0 143   1]]
Validation val_loss: 3.6852408974253277
Validation normalized_cm: [[0.    0.001 0.937 0.062]
 [0.    0.    0.948 0.052]
 [0.    0.    0.95  0.05 ]
 [0.    0.    0.993 0.007]]
Validation acc: 0.05486641221374046
Validation class_accuracies: [0.0, 0.0, 0.95, 0.006944444444444444]
Validation sensitivity: 0.10388437217705511
Validation specificity: 0.0
Validation icbhi_score: 0.051942186088527555
Validation roc_auc: None
Validation avg_accuracy: 0.2392361111111111
Validation one_indexed_epoch: 18
The validation tracker metric at 0.509740387258945 hasn't increased by 0 in 11 epochs
There is no such attribute
249/249 - 166s - loss: 0.1735 - accuracy: 0.7765 - 166s/epoch - 668ms/step
Epoch 19/110
Validation cm: [[122 657  22 188]
 [ 41 679  12 111]
 [ 10  52  11  47]
 [  5  86   8  45]]
Validation val_loss: 0.954648271669591
Validation normalized_cm: [[0.123 0.664 0.022 0.19 ]
 [0.049 0.805 0.014 0.132]
 [0.083 0.433 0.092 0.392]
 [0.035 0.597 0.056 0.312]]
Validation acc: 0.4088740458015267
Validation class_accuracies: [0.12335692618806876, 0.8054567022538552, 0.09166666666666666, 0.3125]
Validation sensitivity: 0.6639566395663956
Validation specificity: 0.12335692618806876
Validation icbhi_score: 0.39365678287723216
Validation roc_auc: None
Validation avg_accuracy: 0.3332450737771476
Validation one_indexed_epoch: 19
The validation tracker metric at 0.509740387258945 hasn't increased by 0 in 12 epochs
Lr has been adjusted to 0.0005000000237487257
There is no such attribute
249/249 - 161s - loss: 0.2913 - accuracy: 0.6956 - 161s/epoch - 646ms/step
Epoch 20/110
Validation cm: [[631 199  95  64]
 [486 261  60  36]
 [ 65   6  36  13]
 [ 76  33  30   5]]
Validation val_loss: 0.8481188355702889
Validation normalized_cm: [[0.638 0.201 0.096 0.065]
 [0.577 0.31  0.071 0.043]
 [0.542 0.05  0.3   0.108]
 [0.528 0.229 0.208 0.035]]
Validation acc: 0.44513358778625955
Validation class_accuracies: [0.6380182002022244, 0.3096085409252669, 0.3, 0.034722222222222224]
Validation sensitivity: 0.2728093947606143
Validation specificity: 0.6380182002022244
Validation icbhi_score: 0.45541379748141936
Validation roc_auc: None
Validation avg_accuracy: 0.3205872408374284
Validation one_indexed_epoch: 20
The validation tracker metric at 0.509740387258945 hasn't increased by 0 in 13 epochs
There is no such attribute
249/249 - 161s - loss: 0.1284 - accuracy: 0.7687 - 161s/epoch - 647ms/step
Epoch 21/110
Validation cm: [[ 65 146 159 619]
 [ 16 144  93 590]
 [  2   5  30  83]
 [  1  12  25 106]]
Validation val_loss: 1.8402196872348004
Validation normalized_cm: [[0.066 0.148 0.161 0.626]
 [0.019 0.171 0.11  0.7  ]
 [0.017 0.042 0.25  0.692]
 [0.007 0.083 0.174 0.736]]
Validation acc: 0.16459923664122136
Validation class_accuracies: [0.06572295247724974, 0.1708185053380783, 0.25, 0.7361111111111112]
Validation sensitivity: 0.2529358626919603
Validation specificity: 0.06572295247724974
Validation icbhi_score: 0.159329407584605
Validation roc_auc: None
Validation avg_accuracy: 0.3056631422316098
Validation one_indexed_epoch: 21
The validation tracker metric at 0.509740387258945 hasn't increased by 0 in 14 epochs
Mel loss: <tf.Variable 'Variable:0' shape=() dtype=float32, numpy=0.5>
sinc loss: <tf.Variable 'Variable:0' shape=() dtype=float32, numpy=0.5>
There is no such attribute
249/249 - 164s - loss: 0.0994 - accuracy: 0.7737 - 164s/epoch - 658ms/step
Epoch 22/110
Validation cm: [[ 18 819   4 148]
 [  0 766   5  72]
 [  0  73   3  44]
 [  0 115   0  29]]
Validation val_loss: 1.5707696379330218
Validation normalized_cm: [[0.018 0.828 0.004 0.15 ]
 [0.    0.909 0.006 0.085]
 [0.    0.608 0.025 0.367]
 [0.    0.799 0.    0.201]]
Validation acc: 0.3893129770992366
Validation class_accuracies: [0.01820020222446916, 0.9086595492289442, 0.025, 0.2013888888888889]
Validation sensitivity: 0.7208672086720868
Validation specificity: 0.01820020222446916
Validation icbhi_score: 0.36953370544827796
Validation roc_auc: None
Validation avg_accuracy: 0.2883121600855756
Validation one_indexed_epoch: 22
The validation tracker metric at 0.509740387258945 hasn't increased by 0 in 15 epochs
There is no such attribute
249/249 - 160s - loss: 0.0966 - accuracy: 0.7586 - 160s/epoch - 641ms/step
Epoch 23/110
Validation cm: [[ 59   1 922   7]
 [ 40   3 795   5]
 [  2   0 117   1]
 [  4   0 140   0]]
Validation val_loss: 3.3036990494364344
Validation normalized_cm: [[0.06  0.001 0.932 0.007]
 [0.047 0.004 0.943 0.006]
 [0.017 0.    0.975 0.008]
 [0.028 0.    0.972 0.   ]]
Validation acc: 0.08540076335877862
Validation class_accuracies: [0.05965621840242669, 0.0035587188612099642, 0.975, 0.0]
Validation sensitivity: 0.10840108401084012
Validation specificity: 0.05965621840242669
Validation icbhi_score: 0.0840286512066334
Validation roc_auc: None
Validation avg_accuracy: 0.25955373431590917
Validation one_indexed_epoch: 23
The validation tracker metric at 0.509740387258945 hasn't increased by 0 in 16 epochs
There is no such attribute
249/249 - 161s - loss: 0.1205 - accuracy: 0.7899 - 161s/epoch - 646ms/step
Epoch 24/110
Validation cm: [[711  83 152  43]
 [610 104 101  28]
 [ 65   1  43  11]
 [ 88   7  46   3]]
Validation val_loss: 1.0296035446797565
Validation normalized_cm: [[0.719 0.084 0.154 0.043]
 [0.724 0.123 0.12  0.033]
 [0.542 0.008 0.358 0.092]
 [0.611 0.049 0.319 0.021]]
Validation acc: 0.4107824427480916
Validation class_accuracies: [0.7189079878665319, 0.12336892052194544, 0.35833333333333334, 0.020833333333333332]
Validation sensitivity: 0.13550135501355012
Validation specificity: 0.7189079878665319
Validation icbhi_score: 0.427204671440041
Validation roc_auc: None
Validation avg_accuracy: 0.305360893763786
Validation one_indexed_epoch: 24
The validation tracker metric at 0.509740387258945 hasn't increased by 0 in 17 epochs
There is no such attribute
249/249 - 160s - loss: 0.2107 - accuracy: 0.7682 - 160s/epoch - 644ms/step
Epoch 25/110
Validation cm: [[568 310  57  54]
 [450 341  25  27]
 [ 62  19  24  15]
 [ 58  64  17   5]]
Validation val_loss: 0.8841430760910273
Validation normalized_cm: [[0.574 0.313 0.058 0.055]
 [0.534 0.405 0.03  0.032]
 [0.517 0.158 0.2   0.125]
 [0.403 0.444 0.118 0.035]]
Validation acc: 0.44751908396946566
Validation class_accuracies: [0.5743174924165824, 0.4045077105575326, 0.2, 0.034722222222222224]
Validation sensitivity: 0.33423667570009036
Validation specificity: 0.5743174924165824
Validation icbhi_score: 0.45427708405833633
Validation roc_auc: None
Validation avg_accuracy: 0.3033868562990843
Validation one_indexed_epoch: 25
The validation tracker metric at 0.509740387258945 hasn't increased by 0 in 18 epochs
There is no such attribute
249/249 - 164s - loss: 0.0834 - accuracy: 0.7891 - 164s/epoch - 660ms/step
Epoch 26/110
Validation cm: [[362 308 154 165]
 [258 327 102 156]
 [ 32  11  40  37]
 [ 23  41  47  33]]
Validation val_loss: 1.1112769435532879
Validation normalized_cm: [[0.366 0.311 0.156 0.167]
 [0.306 0.388 0.121 0.185]
 [0.267 0.092 0.333 0.308]
 [0.16  0.285 0.326 0.229]]
Validation acc: 0.36354961832061067
Validation class_accuracies: [0.3660262891809909, 0.3879003558718861, 0.3333333333333333, 0.22916666666666666]
Validation sensitivity: 0.36133694670280037
Validation specificity: 0.3660262891809909
Validation icbhi_score: 0.36368161794189563
Validation roc_auc: None
Validation avg_accuracy: 0.32910666126321925
Validation one_indexed_epoch: 26
The validation tracker metric at 0.509740387258945 hasn't increased by 0 in 19 epochs
There is no such attribute
249/249 - 159s - loss: 0.0590 - accuracy: 0.7899 - 159s/epoch - 637ms/step
Epoch 27/110
Validation cm: [[336 413  88 152]
 [176 485  46 136]
 [ 25  26  23  46]
 [ 21  64  29  30]]
Validation val_loss: 1.0966602145485471
Validation normalized_cm: [[0.34  0.418 0.089 0.154]
 [0.209 0.575 0.055 0.161]
 [0.208 0.217 0.192 0.383]
 [0.146 0.444 0.201 0.208]]
Validation acc: 0.4169847328244275
Validation class_accuracies: [0.339737108190091, 0.575326215895611, 0.19166666666666668, 0.20833333333333334]
Validation sensitivity: 0.4859981933152665
Validation specificity: 0.339737108190091
Validation icbhi_score: 0.4128676507526787
Validation roc_auc: None
Validation avg_accuracy: 0.3287658310214255
Validation one_indexed_epoch: 27
The validation tracker metric at 0.509740387258945 hasn't increased by 0 in 20 epochs
There is no such attribute
249/249 - 162s - loss: 0.0477 - accuracy: 0.7755 - 162s/epoch - 649ms/step
Epoch 28/110
Validation cm: [[407 421  51 110]
 [261 478  30  74]
 [ 33  39  19  29]
 [ 31  79  20  14]]
Validation val_loss: 1.073909442434585
Validation normalized_cm: [[0.412 0.426 0.052 0.111]
 [0.31  0.567 0.036 0.088]
 [0.275 0.325 0.158 0.242]
 [0.215 0.549 0.139 0.097]]
Validation acc: 0.43797709923664124
Validation class_accuracies: [0.4115267947421638, 0.5670225385527876, 0.15833333333333333, 0.09722222222222222]
Validation sensitivity: 0.46160794941282746
Validation specificity: 0.4115267947421638
Validation icbhi_score: 0.43656737207749563
Validation roc_auc: None
Validation avg_accuracy: 0.30852622221262677
Validation one_indexed_epoch: 28
The validation tracker metric at 0.509740387258945 hasn't increased by 0 in 21 epochs
There is no such attribute
249/249 - 160s - loss: 0.0371 - accuracy: 0.7730 - 160s/epoch - 643ms/step
Epoch 29/110
Validation cm: [[823   2 163   1]
 [748   3  91   1]
 [ 66   0  54   0]
 [105   0  39   0]]
Validation val_loss: 2.458574973373823
Validation normalized_cm: [[0.832 0.002 0.165 0.001]
 [0.887 0.004 0.108 0.001]
 [0.55  0.    0.45  0.   ]
 [0.729 0.    0.271 0.   ]]
Validation acc: 0.4198473282442748
Validation class_accuracies: [0.8321536905965622, 0.0035587188612099642, 0.45, 0.0]
Validation sensitivity: 0.051490514905149054
Validation specificity: 0.8321536905965622
Validation icbhi_score: 0.44182210275085565
Validation roc_auc: None
Validation avg_accuracy: 0.321428102364443
Validation one_indexed_epoch: 29
The validation tracker metric at 0.509740387258945 hasn't increased by 0 in 22 epochs
There is no such attribute
249/249 - 169s - loss: 0.0293 - accuracy: 0.7634 - 169s/epoch - 679ms/step
Epoch 30/110
Validation cm: [[631 168 120  70]
 [480 233  77  53]
 [ 56  10  40  14]
 [ 67  28  39  10]]
Validation val_loss: 1.0857483756961523
Validation normalized_cm: [[0.638 0.17  0.121 0.071]
 [0.569 0.276 0.091 0.063]
 [0.467 0.083 0.333 0.117]
 [0.465 0.194 0.271 0.069]]
Validation acc: 0.4360687022900763
Validation class_accuracies: [0.6380182002022244, 0.2763938315539739, 0.3333333333333333, 0.06944444444444445]
Validation sensitivity: 0.25564588979223124
Validation specificity: 0.6380182002022244
Validation icbhi_score: 0.44683204499722784
Validation roc_auc: None
Validation avg_accuracy: 0.329297452383494
Validation one_indexed_epoch: 30
The validation tracker metric at 0.509740387258945 hasn't increased by 0 in 23 epochs
There is no such attribute
249/249 - 162s - loss: 0.1305 - accuracy: 0.7775 - 162s/epoch - 652ms/step
Epoch 31/110
Validation cm: [[227 569  39 154]
 [116 614  17  96]
 [ 16  56   9  39]
 [ 16  86  17  25]]
Validation val_loss: 1.2823423943845027
Validation normalized_cm: [[0.23  0.575 0.039 0.156]
 [0.138 0.728 0.02  0.114]
 [0.133 0.467 0.075 0.325]
 [0.111 0.597 0.118 0.174]]
Validation acc: 0.4174618320610687
Validation class_accuracies: [0.2295247724974722, 0.7283511269276394, 0.075, 0.1736111111111111]
Validation sensitivity: 0.5853658536585366
Validation specificity: 0.2295247724974722
Validation icbhi_score: 0.40744531307800436
Validation roc_auc: None
Validation avg_accuracy: 0.30162175263405566
Validation one_indexed_epoch: 31
The validation tracker metric at 0.509740387258945 hasn't increased by 0 in 24 epochs
Lr has been adjusted to 0.0002500000118743628
Mel loss: <tf.Variable 'Variable:0' shape=() dtype=float32, numpy=0.5>
sinc loss: <tf.Variable 'Variable:0' shape=() dtype=float32, numpy=0.5>
There is no such attribute
249/249 - 162s - loss: 0.0332 - accuracy: 0.7863 - 162s/epoch - 651ms/step
Epoch 32/110
Validation cm: [[742 118 114  15]
 [617 157  53  16]
 [ 75   6  34   5]
 [ 90  22  30   2]]
Validation val_loss: 1.1372859783952232
Validation normalized_cm: [[0.75  0.119 0.115 0.015]
 [0.732 0.186 0.063 0.019]
 [0.625 0.05  0.283 0.042]
 [0.625 0.153 0.208 0.014]]
Validation acc: 0.446087786259542
Validation class_accuracies: [0.750252780586451, 0.18623962040332148, 0.2833333333333333, 0.013888888888888888]
Validation sensitivity: 0.17434507678410116
Validation specificity: 0.750252780586451
Validation icbhi_score: 0.46229892868527606
Validation roc_auc: None
Validation avg_accuracy: 0.3084286558029986
Validation one_indexed_epoch: 32
The number of epochs since last 1% equals the patience
There is no such attribute
249/249 - 166s - loss: 0.0263 - accuracy: 0.7753 - 166s/epoch - 669ms/step
----------------------------------
The best metrics for this job are: 

Best icbhi_score: 0.509740387258945
Best cm: [[516 280 109  84]
 [233 497  55  58]
 [ 40  25  45  10]
 [ 37  73  25   9]]
Best val_loss: 0.5820569611076294
Best normalized_cm: [[0.522 0.283 0.11  0.085]
 [0.276 0.59  0.065 0.069]
 [0.333 0.208 0.375 0.083]
 [0.257 0.507 0.174 0.062]]
Best acc: 0.5090648854961832
Best class_accuracies: [0.5217391304347826, 0.5895610913404508, 0.375, 0.0625]
Best sensitivity: 0.4977416440831075
Best specificity: 0.5217391304347826
Best roc_auc: None
Best avg_accuracy: 0.3872000554438083
Best one_indexed_epoch: 7
icbhi_score
model
cm
val_loss
normalized_cm
acc
class_accuracies
sensitivity
specificity
roc_auc
avg_accuracy
one_indexed_epoch
25
25
Initial weights
[]
Post training weights
[]
Weight difference
[]
{'loss': [0.6862269639968872, 0.6640995144844055, 0.6416445970535278, 0.612669825553894, 0.5855298638343811, 0.5510243773460388, 0.5253551602363586, 0.492544025182724, 0.4627278447151184, 0.427266389131546, 0.39385855197906494, 0.35500890016555786, 0.3155200183391571, 0.2744874358177185, 0.23210076987743378, 0.2708684206008911, 0.19355538487434387, 0.17352019250392914, 0.29128971695899963, 0.12844513356685638, 0.09938877820968628, 0.09658624231815338, 0.12045017629861832, 0.21065041422843933, 0.08336973935365677, 0.059005096554756165, 0.04773355647921562, 0.037111807614564896, 0.029259903356432915, 0.13050468266010284, 0.03324716165661812, 0.026300858706235886], 'accuracy': [0.573948085308075, 0.5512723326683044, 0.5832703709602356, 0.6122449040412903, 0.6147644519805908, 0.6694381237030029, 0.6921138763427734, 0.7140337824821472, 0.7218443155288696, 0.7329301834106445, 0.7553539872169495, 0.7616528272628784, 0.773998498916626, 0.7913832068443298, 0.7850844264030457, 0.773998498916626, 0.7787855863571167, 0.7765179872512817, 0.6956412196159363, 0.7687074542045593, 0.7737465500831604, 0.7586293816566467, 0.7898715138435364, 0.7682035565376282, 0.7891156673431396, 0.7898715138435364, 0.7755101919174194, 0.7729907035827637, 0.7634164690971375, 0.7775258421897888, 0.7863441705703735, 0.7752582430839539]}
End
####################################
Job dir: ../cache/cw/train181/2
Job id is 3.
Job dir: ../cache/cw/train181/3
- Loading Icbhi.
725 Icbhi audios have been loaded.
- Preparing Icbhi.
112 Icbhi groups of audio chunks (by filename or patients) have been prepared.
--- Samples are being split into training/val groups and de-grouped by patient ---
Job id is 4.
turning the kfold from 90/10 to 80/20
100
12
to
90
22
-----------------------
--- Final training dataset went from 0 to 3969 elements, with 1889 none's, 991 crakles, 597 wheezes and 492 both ---
--- Final Validation dataset contains 2096 elements, with 989 none, 843 crackles, 120 wheezes and 144 both ---
GPUs
['/device:GPU:0']
Initializing weights...
weights = {0: 0.5252779248279513, 1: 1.0012613521695257, 2: 1.6620603015075377, 3: 2.0167682926829267}
Model: "sequential_1"
_________________________________________________________________
 Layer (type)                Output Shape              Param #   
=================================================================
 resnet50 (Functional)       (None, 3, 16, 2048)       23587712  
                                                                 
 global_average_pooling2d (G  (None, 2048)             0         
 lobalAveragePooling2D)                                          
                                                                 
 dense_2 (Dense)             (None, 1024)              2098176   
                                                                 
 dropout_1 (Dropout)         (None, 1024)              0         
                                                                 
 dense_3 (Dense)             (None, 512)               524800    
                                                                 
 dropout_2 (Dropout)         (None, 512)               0         
                                                                 
 dense_4 (Dense)             (None, 2)                 1026      
                                                                 
=================================================================
Total params: 26,211,714
Trainable params: 26,158,594
Non-trainable params: 53,120
_________________________________________________________________
Model: "leaf_model9_model_efnet1_174_1"
______________________________________________________________________________________________________________
 Layer (type)                                    Output Shape                                Param #          
==============================================================================================================
 mel_filterbanks_2 (MelFilterbanks)              multiple                                    0                
                                                                                                              
 mel_filterbanks_3 (MelFilterbanks)              multiple                                    0 (unused)       
                                                                                                              
 sincnet (SincNet)                               multiple                                    0 (unused)       
                                                                                                              
 sequential_1 (Sequential)                       (None, 2)                                   26211714         
                                                                                                              
==============================================================================================================
Total params: 26,211,876
Trainable params: 7,089,828
Non-trainable params: 19,122,048
______________________________________________________________________________________________________________
Target metric is icbhi_score
Epoch 1/110
/home/alirachidi/classification_algorithm/trainers/modules/main/global_helpers.py:48: UserWarning: Matplotlib is currently using agg, which is a non-GUI backend, so cannot show the figure.
  plt.show()
