Tensorflow Version: 2.8.0
Num GPUs Available:  1
Collecting Variables...
All variables have been collected.
../cache/
cw
train182
Description:  effnet: kfold, mel, no normalizing, 1 optimizer w adaptive lr, overlap threshold = 0.3,
-----------------------
training parameters
[('cache_root', '../cache/'), ('data_root', '../data/'), ('jordan_root', '../data/jwyy9np4gv-3/'), ('icbhi_root', '../data/raw_audios/icbhi_preprocessed_v2_cleaned_8000/'), ('bd_root', '../data/PCV_SEGMENTED_Processed_Files/'), ('excel_path', '../data/Bangladesh_PCV_onlyStudyPatients.xlsx'), ('perch_root', '../data/raw_audios/perch_8000_10seconds'), ('ant_root', '../data/raw_audios/Antwerp_Clinical_Complete'), ('description', ' effnet: kfold, mel, no normalizing, 1 optimizer w adaptive lr, overlap threshold = 0.3,'), ('job_id', 0), ('mode', 'cw'), ('n_classes', 2), ('shape', (80, 500, 3)), ('n_epochs', 110), ('lr', 0.001), ('batch_size', 16), ('ll2_reg', 0), ('weight_decay', 0.01), ('label_smoothing', 0), ('epsilon', 1e-07), ('es_patience', 25), ('min_delta', 0), ('train_test_ratio', 0.8), ('kfold', False), ('clause', 0), ('epoch_start', 0), ('testing', 0), ('adaptive_lr', False), ('cuberooting', 1), ('normalizing', 1), ('class_weights', True), ('early_stopping', True), ('initial_channels', 1), ('factor', 0.5), ('lr_patience', 5), ('min_lr', 1e-05), ('sr', 4000), ('audio_length', 5), ('step_size', 2.5), ('n_fft', 1024), ('hop_length', 254), ('n_mels', 128), ('overlap_threshold', 0.3), ('trainable_fb', False), ('to_decibel', True), ('train_nn', False), ('train_mel', False), ('file_dir', '../cache/cw/train182'), ('n_sequences', 9), ('activate_spectral_loss', False), ('normalize', False), ('stacking', False), ('oversample', False), ('one_hot_encoding', False), ('activation', 'sigmoid'), ('n_filters', 80)]
Job id is 1.
Job dir: ../cache/cw/train182/1
- Loading Icbhi.
725 Icbhi audios have been loaded.
- Preparing Icbhi.
112 Icbhi groups of audio chunks (by filename or patients) have been prepared.
--- Samples are being split into training/val groups and de-grouped by patient ---
Job id is 2.
turning the kfold from 90/10 to 80/20
100
12
to
90
22
-----------------------
--- Final training dataset went from 0 to 3969 elements, with 1889 none's, 991 crakles, 597 wheezes and 492 both ---
--- Final Validation dataset contains 2096 elements, with 989 none, 843 crackles, 120 wheezes and 144 both ---
GPUs
['/device:GPU:0']
Initializing weights...
weights = {0: 0.5252779248279513, 1: 1.0012613521695257, 2: 1.6620603015075377, 3: 2.0167682926829267}
Model: "leaf_model9_model_mixednet"
______________________________________________________________________________________________________________
 Layer (type)                                    Output Shape                                Param #          
==============================================================================================================
 mel_filterbanks (MelFilterbanks)                multiple                                    0                
                                                                                                              
 mel_filterbanks_1 (MelFilterbanks)              multiple                                    0 (unused)       
                                                                                                              
 sincnet (SincNet)                               multiple                                    0 (unused)       
                                                                                                              
 sequential (Sequential)                         (None, 2)                                   106096           
                                                                                                              
==============================================================================================================
Total params: 106,258
Trainable params: 105,762
Non-trainable params: 496
______________________________________________________________________________________________________________
Target metric is icbhi_score
Epoch 1/110
WARNING:tensorflow:Gradients do not exist for variables ['kernel:0', 'Variable:0', 'Variable:0'] when minimizing the loss. If you're using `model.compile()`, did you forget to provide a `loss`argument?
WARNING:tensorflow:Gradients do not exist for variables ['kernel:0', 'Variable:0', 'Variable:0'] when minimizing the loss. If you're using `model.compile()`, did you forget to provide a `loss`argument?
WARNING:tensorflow:Gradients do not exist for variables ['kernel:0', 'Variable:0', 'Variable:0'] when minimizing the loss. If you're using `model.compile()`, did you forget to provide a `loss`argument?
WARNING:tensorflow:Gradients do not exist for variables ['kernel:0', 'Variable:0', 'Variable:0'] when minimizing the loss. If you're using `model.compile()`, did you forget to provide a `loss`argument?
Validation cm: [[  0   0 989   0]
 [  0   0 843   0]
 [  0   0 120   0]
 [  0   0 144   0]]
Validation val_loss: 0.7069300533137248
Validation normalized_cm: [[0. 0. 1. 0.]
 [0. 0. 1. 0.]
 [0. 0. 1. 0.]
 [0. 0. 1. 0.]]
Validation acc: 0.05725190839694656
Validation class_accuracies: [0.0, 0.0, 1.0, 0.0]
Validation sensitivity: 0.10840108401084012
Validation specificity: 0.0
Validation icbhi_score: 0.05420054200542006
Validation roc_auc: None
Validation avg_accuracy: 0.25
Validation one_indexed_epoch: 1
-- New best results were achieved. --
There is no such attribute
249/249 - 169s - loss: 0.6573 - accuracy: 0.5649 - 169s/epoch - 679ms/step
Epoch 2/110
Validation cm: [[  0   0 989   0]
 [  0   0 843   0]
 [  0   0 120   0]
 [  0   0 144   0]]
Validation val_loss: 1.3976311881152046
Validation normalized_cm: [[0. 0. 1. 0.]
 [0. 0. 1. 0.]
 [0. 0. 1. 0.]
 [0. 0. 1. 0.]]
Validation acc: 0.05725190839694656
Validation class_accuracies: [0.0, 0.0, 1.0, 0.0]
Validation sensitivity: 0.10840108401084012
Validation specificity: 0.0
Validation icbhi_score: 0.05420054200542006
Validation roc_auc: None
Validation avg_accuracy: 0.25
Validation one_indexed_epoch: 2
The validation tracker metric at 0.05420054200542006 hasn't increased by 0 in 1 epochs
There is no such attribute
249/249 - 163s - loss: 0.6009 - accuracy: 0.6417 - 163s/epoch - 656ms/step
Epoch 3/110
Validation cm: [[172 633  40 144]
 [ 48 657  14 124]
 [  2  34  15  69]
 [  3  86  13  42]]
Validation val_loss: 0.6517389105732432
Validation normalized_cm: [[0.174 0.64  0.04  0.146]
 [0.057 0.779 0.017 0.147]
 [0.017 0.283 0.125 0.575]
 [0.021 0.597 0.09  0.292]]
Validation acc: 0.42270992366412213
Validation class_accuracies: [0.17391304347826086, 0.7793594306049823, 0.125, 0.2916666666666667]
Validation sensitivity: 0.6449864498644986
Validation specificity: 0.17391304347826086
Validation icbhi_score: 0.40944974667137973
Validation roc_auc: None
Validation avg_accuracy: 0.34248478518747744
Validation one_indexed_epoch: 3
-- New best results were achieved. --
There is no such attribute
249/249 - 158s - loss: 0.5676 - accuracy: 0.6785 - 158s/epoch - 634ms/step
Epoch 4/110
Validation cm: [[237 588  33 131]
 [ 85 700  18  40]
 [  9  56  17  38]
 [  4 104  21  15]]
Validation val_loss: 0.6554481185642107
Validation normalized_cm: [[0.24  0.595 0.033 0.132]
 [0.101 0.83  0.021 0.047]
 [0.075 0.467 0.142 0.317]
 [0.028 0.722 0.146 0.104]]
Validation acc: 0.4623091603053435
Validation class_accuracies: [0.2396359959555106, 0.830367734282325, 0.14166666666666666, 0.10416666666666667]
Validation sensitivity: 0.6612466124661247
Validation specificity: 0.2396359959555106
Validation icbhi_score: 0.45044130421081763
Validation roc_auc: None
Validation avg_accuracy: 0.32895926589279223
Validation one_indexed_epoch: 4
-- New best results were achieved. --
There is no such attribute
249/249 - 152s - loss: 0.5347 - accuracy: 0.7155 - 152s/epoch - 609ms/step
Epoch 5/110
Validation cm: [[ 26   9 554 400]
 [  4   7 289 543]
 [  0   0  56  64]
 [  0   0  74  70]]
Validation val_loss: 1.6431386358840463
Validation normalized_cm: [[0.026 0.009 0.56  0.404]
 [0.005 0.008 0.343 0.644]
 [0.    0.    0.467 0.533]
 [0.    0.    0.514 0.486]]
Validation acc: 0.07585877862595419
Validation class_accuracies: [0.0262891809908999, 0.00830367734282325, 0.4666666666666667, 0.4861111111111111]
Validation sensitivity: 0.12014453477868112
Validation specificity: 0.0262891809908999
Validation icbhi_score: 0.07321685788479051
Validation roc_auc: None
Validation avg_accuracy: 0.24684265902787522
Validation one_indexed_epoch: 5
The validation tracker metric at 0.45044130421081763 hasn't increased by 0 in 1 epochs
There is no such attribute
249/249 - 155s - loss: 0.5072 - accuracy: 0.7206 - 155s/epoch - 624ms/step
Epoch 6/110
Validation cm: [[359 350 127 153]
 [160 470  72 141]
 [ 10  11  36  63]
 [ 14  52  42  36]]
Validation val_loss: 0.7845173780859682
Validation normalized_cm: [[0.363 0.354 0.128 0.155]
 [0.19  0.558 0.085 0.167]
 [0.083 0.092 0.3   0.525]
 [0.097 0.361 0.292 0.25 ]]
Validation acc: 0.42986641221374045
Validation class_accuracies: [0.36299292214357937, 0.5575326215895611, 0.3, 0.25]
Validation sensitivity: 0.4896115627822945
Validation specificity: 0.36299292214357937
Validation icbhi_score: 0.4263022424629369
Validation roc_auc: None
Validation avg_accuracy: 0.3676313859332851
Validation one_indexed_epoch: 6
The validation tracker metric at 0.45044130421081763 hasn't increased by 0 in 2 epochs
There is no such attribute
249/249 - 150s - loss: 0.4813 - accuracy: 0.7226 - 150s/epoch - 603ms/step
Epoch 7/110
Validation cm: [[  8   2 966  13]
 [  6   0 827  10]
 [  0   0 119   1]
 [  0   0 143   1]]
Validation val_loss: 1.9099511204628215
Validation normalized_cm: [[0.008 0.002 0.977 0.013]
 [0.007 0.    0.981 0.012]
 [0.    0.    0.992 0.008]
 [0.    0.    0.993 0.007]]
Validation acc: 0.061068702290076333
Validation class_accuracies: [0.008088978766430738, 0.0, 0.9916666666666667, 0.006944444444444444]
Validation sensitivity: 0.10840108401084012
Validation specificity: 0.008088978766430738
Validation icbhi_score: 0.058245031388635425
Validation roc_auc: None
Validation avg_accuracy: 0.2516750224693855
Validation one_indexed_epoch: 7
The validation tracker metric at 0.45044130421081763 hasn't increased by 0 in 3 epochs
There is no such attribute
249/249 - 152s - loss: 0.4738 - accuracy: 0.7198 - 152s/epoch - 609ms/step
Epoch 8/110
Validation cm: [[ 26 375  33 555]
 [ 15 467  14 347]
 [  0  16   5  99]
 [  0  32   1 111]]
Validation val_loss: 1.0791514432295457
Validation normalized_cm: [[0.026 0.379 0.033 0.561]
 [0.018 0.554 0.017 0.412]
 [0.    0.133 0.042 0.825]
 [0.    0.222 0.007 0.771]]
Validation acc: 0.2905534351145038
Validation class_accuracies: [0.0262891809908999, 0.5539739027283511, 0.041666666666666664, 0.7708333333333334]
Validation sensitivity: 0.5266485998193315
Validation specificity: 0.0262891809908999
Validation icbhi_score: 0.27646889040511574
Validation roc_auc: None
Validation avg_accuracy: 0.34819077092981277
Validation one_indexed_epoch: 8
The validation tracker metric at 0.45044130421081763 hasn't increased by 0 in 4 epochs
There is no such attribute
249/249 - 158s - loss: 0.4527 - accuracy: 0.7246 - 158s/epoch - 634ms/step
Epoch 9/110
Validation cm: [[ 99 858   7  25]
 [ 34 799   1   9]
 [  4  99   4  13]
 [  6 128   2   8]]
Validation val_loss: 0.7396798290484247
Validation normalized_cm: [[0.1   0.868 0.007 0.025]
 [0.04  0.948 0.001 0.011]
 [0.033 0.825 0.033 0.108]
 [0.042 0.889 0.014 0.056]]
Validation acc: 0.43416030534351147
Validation class_accuracies: [0.10010111223458039, 0.9478054567022538, 0.03333333333333333, 0.05555555555555555]
Validation sensitivity: 0.7326106594399278
Validation specificity: 0.10010111223458039
Validation icbhi_score: 0.4163558858372541
Validation roc_auc: None
Validation avg_accuracy: 0.2841988644564308
Validation one_indexed_epoch: 9
The validation tracker metric at 0.45044130421081763 hasn't increased by 0 in 5 epochs
There is no such attribute
249/249 - 164s - loss: 0.4317 - accuracy: 0.7314 - 164s/epoch - 659ms/step
Epoch 10/110
Validation cm: [[158 534 104 193]
 [ 83 591  41 128]
 [  9  18  38  55]
 [  8  64  29  43]]
Validation val_loss: 0.768525479204121
Validation normalized_cm: [[0.16  0.54  0.105 0.195]
 [0.098 0.701 0.049 0.152]
 [0.075 0.15  0.317 0.458]
 [0.056 0.444 0.201 0.299]]
Validation acc: 0.39599236641221375
Validation class_accuracies: [0.1597573306370071, 0.701067615658363, 0.31666666666666665, 0.2986111111111111]
Validation sensitivity: 0.6070460704607046
Validation specificity: 0.1597573306370071
Validation icbhi_score: 0.3834017005488558
Validation roc_auc: None
Validation avg_accuracy: 0.369025681018287
Validation one_indexed_epoch: 10
The validation tracker metric at 0.45044130421081763 hasn't increased by 0 in 6 epochs
There is no such attribute
249/249 - 165s - loss: 0.4229 - accuracy: 0.7256 - 165s/epoch - 664ms/step
Epoch 11/110
Validation cm: [[460 437  60  32]
 [257 510  36  40]
 [ 28  23  33  36]
 [ 29  77  28  10]]
Validation val_loss: 0.6213289079454528
Validation normalized_cm: [[0.465 0.442 0.061 0.032]
 [0.305 0.605 0.043 0.047]
 [0.233 0.192 0.275 0.3  ]
 [0.201 0.535 0.194 0.069]]
Validation acc: 0.4833015267175573
Validation class_accuracies: [0.46511627906976744, 0.604982206405694, 0.275, 0.06944444444444445]
Validation sensitivity: 0.4995483288166215
Validation specificity: 0.46511627906976744
Validation icbhi_score: 0.4823323039431945
Validation roc_auc: None
Validation avg_accuracy: 0.35363573247997643
Validation one_indexed_epoch: 11
-- New best results were achieved. --
Mel loss: <tf.Variable 'Variable:0' shape=() dtype=float32, numpy=0.5>
sinc loss: <tf.Variable 'Variable:0' shape=() dtype=float32, numpy=0.5>
There is no such attribute
249/249 - 165s - loss: 0.3943 - accuracy: 0.7337 - 165s/epoch - 661ms/step
Epoch 12/110
Validation cm: [[173 107 468 241]
 [141  80 336 286]
 [  7   1  84  28]
 [  5   6  94  39]]
Validation val_loss: 1.1750626838686058
Validation normalized_cm: [[0.175 0.108 0.473 0.244]
 [0.167 0.095 0.399 0.339]
 [0.058 0.008 0.7   0.233]
 [0.035 0.042 0.653 0.271]]
Validation acc: 0.17938931297709923
Validation class_accuracies: [0.17492416582406473, 0.09489916963226572, 0.7, 0.2708333333333333]
Validation sensitivity: 0.18337850045167117
Validation specificity: 0.17492416582406473
Validation icbhi_score: 0.17915133313786796
Validation roc_auc: None
Validation avg_accuracy: 0.3101641671974159
Validation one_indexed_epoch: 12
The validation tracker metric at 0.4823323039431945 hasn't increased by 0 in 1 epochs
There is no such attribute
249/249 - 165s - loss: 0.3896 - accuracy: 0.7352 - 165s/epoch - 662ms/step
Epoch 13/110
Validation cm: [[434 292 112 151]
 [277 345  81 140]
 [ 19   4  45  52]
 [ 24  43  41  36]]
Validation val_loss: 0.794470194133331
Validation normalized_cm: [[0.439 0.295 0.113 0.153]
 [0.329 0.409 0.096 0.166]
 [0.158 0.033 0.375 0.433]
 [0.167 0.299 0.285 0.25 ]]
Validation acc: 0.41030534351145037
Validation class_accuracies: [0.43882709807886755, 0.4092526690391459, 0.375, 0.25]
Validation sensitivity: 0.38482384823848237
Validation specificity: 0.43882709807886755
Validation icbhi_score: 0.41182547315867496
Validation roc_auc: None
Validation avg_accuracy: 0.36826994177950334
Validation one_indexed_epoch: 13
The validation tracker metric at 0.4823323039431945 hasn't increased by 0 in 2 epochs
There is no such attribute
249/249 - 161s - loss: 0.3727 - accuracy: 0.7372 - 161s/epoch - 646ms/step
Epoch 14/110
Validation cm: [[259 542  72 116]
 [210 454  54 125]
 [  9  13  49  49]
 [ 13  45  39  47]]
Validation val_loss: 0.7322577359336997
Validation normalized_cm: [[0.262 0.548 0.073 0.117]
 [0.249 0.539 0.064 0.148]
 [0.075 0.108 0.408 0.408]
 [0.09  0.312 0.271 0.326]]
Validation acc: 0.3859732824427481
Validation class_accuracies: [0.26188068756319516, 0.538552787663108, 0.4083333333333333, 0.3263888888888889]
Validation sensitivity: 0.4968383017163505
Validation specificity: 0.26188068756319516
Validation icbhi_score: 0.3793594946397728
Validation roc_auc: None
Validation avg_accuracy: 0.3837889243621313
Validation one_indexed_epoch: 14
The validation tracker metric at 0.4823323039431945 hasn't increased by 0 in 3 epochs
There is no such attribute
249/249 - 163s - loss: 0.3663 - accuracy: 0.7246 - 163s/epoch - 654ms/step
Epoch 15/110
Validation cm: [[640 167 117  65]
 [528 183  83  49]
 [ 22   6  61  31]
 [ 69  10  60   5]]
Validation val_loss: 0.7688085455785129
Validation normalized_cm: [[0.647 0.169 0.118 0.066]
 [0.626 0.217 0.098 0.058]
 [0.183 0.05  0.508 0.258]
 [0.479 0.069 0.417 0.035]]
Validation acc: 0.4241412213740458
Validation class_accuracies: [0.647118301314459, 0.21708185053380782, 0.5083333333333333, 0.034722222222222224]
Validation sensitivity: 0.22493224932249323
Validation specificity: 0.647118301314459
Validation icbhi_score: 0.4360252753184761
Validation roc_auc: None
Validation avg_accuracy: 0.3518139268509556
Validation one_indexed_epoch: 15
The validation tracker metric at 0.4823323039431945 hasn't increased by 0 in 4 epochs
There is no such attribute
249/249 - 161s - loss: 0.3548 - accuracy: 0.7349 - 161s/epoch - 648ms/step
Epoch 16/110
Validation cm: [[ 83 833  15  58]
 [ 56 751   5  31]
 [ 14  57   4  45]
 [  1 116   2  25]]
Validation val_loss: 0.8082404304323549
Validation normalized_cm: [[0.084 0.842 0.015 0.059]
 [0.066 0.891 0.006 0.037]
 [0.117 0.475 0.033 0.375]
 [0.007 0.806 0.014 0.174]]
Validation acc: 0.41173664122137404
Validation class_accuracies: [0.0839231547017189, 0.8908659549228944, 0.03333333333333333, 0.1736111111111111]
Validation sensitivity: 0.7046070460704607
Validation specificity: 0.0839231547017189
Validation icbhi_score: 0.39426510038608975
Validation roc_auc: None
Validation avg_accuracy: 0.2954333885172645
Validation one_indexed_epoch: 16
The validation tracker metric at 0.4823323039431945 hasn't increased by 0 in 5 epochs
There is no such attribute
249/249 - 165s - loss: 0.3539 - accuracy: 0.7324 - 165s/epoch - 661ms/step
Epoch 17/110
Validation cm: [[805   8 151  25]
 [682  12 147   2]
 [ 37   0  82   1]
 [ 98   0  46   0]]
Validation val_loss: 1.1367740045048804
Validation normalized_cm: [[0.814 0.008 0.153 0.025]
 [0.809 0.014 0.174 0.002]
 [0.308 0.    0.683 0.008]
 [0.681 0.    0.319 0.   ]]
Validation acc: 0.428912213740458
Validation class_accuracies: [0.813953488372093, 0.014234875444839857, 0.6833333333333333, 0.0]
Validation sensitivity: 0.08491418247515808
Validation specificity: 0.813953488372093
Validation icbhi_score: 0.4494338354236256
Validation roc_auc: None
Validation avg_accuracy: 0.3778804242875665
Validation one_indexed_epoch: 17
The validation tracker metric at 0.4823323039431945 hasn't increased by 0 in 6 epochs
There is no such attribute
249/249 - 165s - loss: 0.3305 - accuracy: 0.7410 - 165s/epoch - 664ms/step
Epoch 18/110
Validation cm: [[109  68 658 154]
 [132  48 522 141]
 [  4   0  96  20]
 [  8   3 122  11]]
Validation val_loss: 1.5414517114530113
Validation normalized_cm: [[0.11  0.069 0.665 0.156]
 [0.157 0.057 0.619 0.167]
 [0.033 0.    0.8   0.167]
 [0.056 0.021 0.847 0.076]]
Validation acc: 0.12595419847328243
Validation class_accuracies: [0.1102123356926188, 0.05693950177935943, 0.8, 0.0763888888888889]
Validation sensitivity: 0.14001806684733514
Validation specificity: 0.1102123356926188
Validation icbhi_score: 0.12511520126997697
Validation roc_auc: None
Validation avg_accuracy: 0.2608851815902168
Validation one_indexed_epoch: 18
The validation tracker metric at 0.4823323039431945 hasn't increased by 0 in 7 epochs
There is no such attribute
249/249 - 161s - loss: 0.3215 - accuracy: 0.7390 - 161s/epoch - 645ms/step
Epoch 19/110
Validation cm: [[171 675  38 105]
 [ 85 652  16  90]
 [ 14  26  15  65]
 [  5  71  18  50]]
Validation val_loss: 0.7470139305825783
Validation normalized_cm: [[0.173 0.683 0.038 0.106]
 [0.101 0.773 0.019 0.107]
 [0.117 0.217 0.125 0.542]
 [0.035 0.493 0.125 0.347]]
Validation acc: 0.42366412213740456
Validation class_accuracies: [0.17290192113245703, 0.7734282325029656, 0.125, 0.3472222222222222]
Validation sensitivity: 0.6476964769647696
Validation specificity: 0.17290192113245703
Validation icbhi_score: 0.41029919904861334
Validation roc_auc: None
Validation avg_accuracy: 0.35463809396441126
Validation one_indexed_epoch: 19
The validation tracker metric at 0.4823323039431945 hasn't increased by 0 in 8 epochs
There is no such attribute
249/249 - 166s - loss: 0.3118 - accuracy: 0.7390 - 166s/epoch - 668ms/step
Epoch 20/110
Validation cm: [[486 257 190  56]
 [423 202 134  84]
 [ 13   7  81  19]
 [ 31  17  83  13]]
Validation val_loss: 0.8340644417961576
Validation normalized_cm: [[0.491 0.26  0.192 0.057]
 [0.502 0.24  0.159 0.1  ]
 [0.108 0.058 0.675 0.158]
 [0.215 0.118 0.576 0.09 ]]
Validation acc: 0.37309160305343514
Validation class_accuracies: [0.4914054600606673, 0.23962040332147094, 0.675, 0.09027777777777778]
Validation sensitivity: 0.26738934056007224
Validation specificity: 0.4914054600606673
Validation icbhi_score: 0.3793974003103698
Validation roc_auc: None
Validation avg_accuracy: 0.374075910289979
Validation one_indexed_epoch: 20
The validation tracker metric at 0.4823323039431945 hasn't increased by 0 in 9 epochs
There is no such attribute
249/249 - 167s - loss: 0.2913 - accuracy: 0.7463 - 167s/epoch - 669ms/step
Epoch 21/110
Validation cm: [[696 184  75  34]
 [674  93  59  17]
 [ 43   7  60  10]
 [ 93   8  42   1]]
Validation val_loss: 0.9400639832902363
Validation normalized_cm: [[0.704 0.186 0.076 0.034]
 [0.8   0.11  0.07  0.02 ]
 [0.358 0.058 0.5   0.083]
 [0.646 0.056 0.292 0.007]]
Validation acc: 0.40553435114503816
Validation class_accuracies: [0.7037411526794742, 0.1103202846975089, 0.5, 0.006944444444444444]
Validation sensitivity: 0.13911472448057813
Validation specificity: 0.7037411526794742
Validation icbhi_score: 0.4214279385800262
Validation roc_auc: None
Validation avg_accuracy: 0.3302514704553569
Validation one_indexed_epoch: 21
The validation tracker metric at 0.4823323039431945 hasn't increased by 0 in 10 epochs
Mel loss: <tf.Variable 'Variable:0' shape=() dtype=float32, numpy=0.5>
sinc loss: <tf.Variable 'Variable:0' shape=() dtype=float32, numpy=0.5>
There is no such attribute
249/249 - 166s - loss: 0.2818 - accuracy: 0.7417 - 166s/epoch - 665ms/step
Epoch 22/110
Validation cm: [[125 162 263 439]
 [ 61 177 156 449]
 [  4   1  47  68]
 [  4  16  57  67]]
Validation val_loss: 1.7114263825942335
Validation normalized_cm: [[0.126 0.164 0.266 0.444]
 [0.072 0.21  0.185 0.533]
 [0.033 0.008 0.392 0.567]
 [0.028 0.111 0.396 0.465]]
Validation acc: 0.1984732824427481
Validation class_accuracies: [0.1263902932254803, 0.2099644128113879, 0.39166666666666666, 0.4652777777777778]
Validation sensitivity: 0.26287262872628725
Validation specificity: 0.1263902932254803
Validation icbhi_score: 0.19463146097588377
Validation roc_auc: None
Validation avg_accuracy: 0.29832478762032816
Validation one_indexed_epoch: 22
The validation tracker metric at 0.4823323039431945 hasn't increased by 0 in 11 epochs
There is no such attribute
249/249 - 177s - loss: 0.2797 - accuracy: 0.7486 - 177s/epoch - 711ms/step
Epoch 23/110
Validation cm: [[ 75 106 359 449]
 [ 40  88 209 506]
 [  1   1  48  70]
 [  4   4  51  85]]
Validation val_loss: 1.5492853725345481
Validation normalized_cm: [[0.076 0.107 0.363 0.454]
 [0.047 0.104 0.248 0.6  ]
 [0.008 0.008 0.4   0.583]
 [0.028 0.028 0.354 0.59 ]]
Validation acc: 0.14122137404580154
Validation class_accuracies: [0.07583417593528817, 0.10438908659549229, 0.4, 0.5902777777777778]
Validation sensitivity: 0.1996386630532972
Validation specificity: 0.07583417593528817
Validation icbhi_score: 0.1377364194942927
Validation roc_auc: None
Validation avg_accuracy: 0.29262526007713957
Validation one_indexed_epoch: 23
The validation tracker metric at 0.4823323039431945 hasn't increased by 0 in 12 epochs
There is no such attribute
249/249 - 172s - loss: 0.2721 - accuracy: 0.7533 - 172s/epoch - 693ms/step
Epoch 24/110
Validation cm: [[248 105 479 157]
 [183  54 461 145]
 [  6   3  93  18]
 [  9   9 101  25]]
Validation val_loss: 1.4291288764295986
Validation normalized_cm: [[0.251 0.106 0.484 0.159]
 [0.217 0.064 0.547 0.172]
 [0.05  0.025 0.775 0.15 ]
 [0.062 0.062 0.701 0.174]]
Validation acc: 0.20038167938931298
Validation class_accuracies: [0.25075834175935285, 0.06405693950177936, 0.775, 0.1736111111111111]
Validation sensitivity: 0.15537488708220415
Validation specificity: 0.25075834175935285
Validation icbhi_score: 0.2030666144207785
Validation roc_auc: None
Validation avg_accuracy: 0.3158565980930609
Validation one_indexed_epoch: 24
The validation tracker metric at 0.4823323039431945 hasn't increased by 0 in 13 epochs
There is no such attribute
249/249 - 175s - loss: 0.2528 - accuracy: 0.7438 - 175s/epoch - 704ms/step
Epoch 25/110
Validation cm: [[423 140 305 121]
 [335 100 300 108]
 [ 13   3  78  26]
 [ 25   5  97  17]]
Validation val_loss: 1.1290282049029265
Validation normalized_cm: [[0.428 0.142 0.308 0.122]
 [0.397 0.119 0.356 0.128]
 [0.108 0.025 0.65  0.217]
 [0.174 0.035 0.674 0.118]]
Validation acc: 0.2948473282442748
Validation class_accuracies: [0.4277047522750253, 0.11862396204033215, 0.65, 0.11805555555555555]
Validation sensitivity: 0.17615176151761516
Validation specificity: 0.4277047522750253
Validation icbhi_score: 0.30192825689632025
Validation roc_auc: None
Validation avg_accuracy: 0.32859606746772824
Validation one_indexed_epoch: 25
The validation tracker metric at 0.4823323039431945 hasn't increased by 0 in 14 epochs
There is no such attribute
249/249 - 177s - loss: 0.2477 - accuracy: 0.7433 - 177s/epoch - 711ms/step
Epoch 26/110
Validation cm: [[329 529  59  72]
 [253 491  41  58]
 [ 18  17  20  65]
 [ 15  64  25  40]]
Validation val_loss: 0.8719697245284758
Validation normalized_cm: [[0.333 0.535 0.06  0.073]
 [0.3   0.582 0.049 0.069]
 [0.15  0.142 0.167 0.542]
 [0.104 0.444 0.174 0.278]]
Validation acc: 0.4198473282442748
Validation class_accuracies: [0.3326592517694641, 0.5824436536180309, 0.16666666666666666, 0.2777777777777778]
Validation sensitivity: 0.4977416440831075
Validation specificity: 0.3326592517694641
Validation icbhi_score: 0.4152004479262858
Validation roc_auc: None
Validation avg_accuracy: 0.33988683745798487
Validation one_indexed_epoch: 26
The validation tracker metric at 0.4823323039431945 hasn't increased by 0 in 15 epochs
There is no such attribute
249/249 - 177s - loss: 0.2305 - accuracy: 0.7463 - 177s/epoch - 713ms/step
Epoch 27/110
