Tensorflow Version: 2.8.0
Num GPUs Available:  1
Collecting Variables...
All variables have been collected.
../cache/
cw
train184
Description:  effnet: kfold, mel, no normalizing, 1 optimizer w adaptive lr, overlap threshold = 0.3,
-----------------------
training parameters
[('cache_root', '../cache/'), ('data_root', '../data/'), ('jordan_root', '../data/jwyy9np4gv-3/'), ('icbhi_root', '../data/raw_audios/icbhi_preprocessed_v2_cleaned_8000/'), ('bd_root', '../data/PCV_SEGMENTED_Processed_Files/'), ('excel_path', '../data/Bangladesh_PCV_onlyStudyPatients.xlsx'), ('perch_root', '../data/raw_audios/perch_8000_10seconds'), ('ant_root', '../data/raw_audios/Antwerp_Clinical_Complete'), ('description', ' effnet: kfold, mel, no normalizing, 1 optimizer w adaptive lr, overlap threshold = 0.3,'), ('job_id', 0), ('mode', 'cw'), ('n_classes', 2), ('shape', (80, 500, 3)), ('n_epochs', 110), ('lr', 1e-05), ('batch_size', 16), ('ll2_reg', 0), ('weight_decay', 0.01), ('label_smoothing', 0), ('epsilon', 1e-07), ('es_patience', 15), ('min_delta', 0), ('train_test_ratio', 0.8), ('kfold', False), ('clause', 0), ('epoch_start', 0), ('testing', 0), ('adaptive_lr', False), ('cuberooting', 1), ('normalizing', 1), ('class_weights', True), ('early_stopping', True), ('initial_channels', 1), ('factor', 0.5), ('lr_patience', 5), ('min_lr', 1e-05), ('sr', 4000), ('audio_length', 5), ('step_size', 2.5), ('n_fft', 1024), ('hop_length', 254), ('n_mels', 128), ('overlap_threshold', 0.3), ('trainable_fb', False), ('to_decibel', True), ('train_nn', False), ('train_mel', False), ('file_dir', '../cache/cw/train184'), ('n_sequences', 9), ('activate_spectral_loss', False), ('normalize', False), ('stacking', False), ('oversample', False), ('one_hot_encoding', False), ('activation', 'sigmoid'), ('n_filters', 80)]
Job id is 1.
Job dir: ../cache/cw/train184/1
- Loading Icbhi.
725 Icbhi audios have been loaded.
- Preparing Icbhi.
112 Icbhi groups of audio chunks (by filename or patients) have been prepared.
--- Samples are being split into training/val groups and de-grouped by patient ---
Job id is 2.
turning the kfold from 90/10 to 80/20
100
12
to
90
22
-----------------------
--- Final training dataset went from 0 to 3969 elements, with 1889 none's, 991 crakles, 597 wheezes and 492 both ---
--- Final Validation dataset contains 2096 elements, with 989 none, 843 crackles, 120 wheezes and 144 both ---
GPUs
['/device:GPU:0']
Initializing weights...
weights = {0: 0.5252779248279513, 1: 1.0012613521695257, 2: 1.6620603015075377, 3: 2.0167682926829267}
Model: "sequential"
_________________________________________________________________
 Layer (type)                Output Shape              Param #   
=================================================================
 resnet50 (Functional)       (None, 3, 16, 2048)       23587712  
                                                                 
 global_average_pooling2d (G  (None, 2048)             0         
 lobalAveragePooling2D)                                          
                                                                 
 dense (Dense)               (None, 100)               204900    
                                                                 
 dropout (Dropout)           (None, 100)               0         
                                                                 
 dense_1 (Dense)             (None, 50)                5050      
                                                                 
 dropout_1 (Dropout)         (None, 50)                0         
                                                                 
 dense_2 (Dense)             (None, 2)                 102       
                                                                 
=================================================================
Total params: 23,797,764
Trainable params: 23,744,644
Non-trainable params: 53,120
_________________________________________________________________
There is no such attribute
Model: "leaf_model9_model_efnet1"
______________________________________________________________________________________________________________
 Layer (type)                                    Output Shape                                Param #          
==============================================================================================================
 mel_filterbanks_1 (MelFilterbanks)              multiple                                    0 (unused)       
                                                                                                              
 sincnet (SincNet)                               multiple                                    0 (unused)       
                                                                                                              
 sequential (Sequential)                         (None, 2)                                   23797764         
                                                                                                              
 leaf (Leaf)                                     multiple                                    0 (unused)       
                                                                                                              
==============================================================================================================
Total params: 23,798,086
Trainable params: 210,374
Non-trainable params: 23,587,712
______________________________________________________________________________________________________________
Target metric is icbhi_score
Epoch 1/110
WARNING:tensorflow:Gradients do not exist for variables ['kernel:0', 'Variable:0', 'Variable:0'] when minimizing the loss. If you're using `model.compile()`, did you forget to provide a `loss`argument?
WARNING:tensorflow:Gradients do not exist for variables ['kernel:0', 'Variable:0', 'Variable:0'] when minimizing the loss. If you're using `model.compile()`, did you forget to provide a `loss`argument?
WARNING:tensorflow:Gradients do not exist for variables ['kernel:0', 'Variable:0', 'Variable:0'] when minimizing the loss. If you're using `model.compile()`, did you forget to provide a `loss`argument?
WARNING:tensorflow:Gradients do not exist for variables ['kernel:0', 'Variable:0', 'Variable:0'] when minimizing the loss. If you're using `model.compile()`, did you forget to provide a `loss`argument?
Validation cm: [[330 158 199 302]
 [169 150 167 357]
 [ 46  21  27  26]
 [ 44  31  26  43]]
Validation val_loss: 0.73771760710835
Validation normalized_cm: [[0.334 0.16  0.201 0.305]
 [0.2   0.178 0.198 0.423]
 [0.383 0.175 0.225 0.217]
 [0.306 0.215 0.181 0.299]]
Validation acc: 0.26240458015267176
Validation class_accuracies: [0.33367037411526795, 0.17793594306049823, 0.225, 0.2986111111111111]
Validation sensitivity: 0.1987353206865402
Validation specificity: 0.33367037411526795
Validation icbhi_score: 0.26620284740090405
Validation roc_auc: None
Validation avg_accuracy: 0.25880435707171934
Validation one_indexed_epoch: 1
-- New best results were achieved. --
249/249 - 673s - loss: 1.1526 - accuracy: 0.4986 - 673s/epoch - 3s/step
Epoch 2/110
Validation cm: [[279 212 197 301]
 [127 205 133 378]
 [ 27  31  34  28]
 [ 30  44  25  45]]
Validation val_loss: 0.7246598731442034
Validation normalized_cm: [[0.282 0.214 0.199 0.304]
 [0.151 0.243 0.158 0.448]
 [0.225 0.258 0.283 0.233]
 [0.208 0.306 0.174 0.312]]
Validation acc: 0.26860687022900764
Validation class_accuracies: [0.282103134479272, 0.2431791221826809, 0.2833333333333333, 0.3125]
Validation sensitivity: 0.2565492321589883
Validation specificity: 0.282103134479272
Validation icbhi_score: 0.26932618331913016
Validation roc_auc: None
Validation avg_accuracy: 0.2802788974988215
Validation one_indexed_epoch: 2
-- New best results were achieved. --
249/249 - 593s - loss: 0.8383 - accuracy: 0.5231 - 593s/epoch - 2s/step
Epoch 3/110
Validation cm: [[335 174 261 219]
 [183 208 202 250]
 [ 43  18  42  17]
 [ 50  30  32  32]]
Validation val_loss: 0.7088519897141302
Validation normalized_cm: [[0.339 0.176 0.264 0.221]
 [0.217 0.247 0.24  0.297]
 [0.358 0.15  0.35  0.142]
 [0.347 0.208 0.222 0.222]]
Validation acc: 0.2943702290076336
Validation class_accuracies: [0.33872598584428715, 0.24673784104389088, 0.35, 0.2222222222222222]
Validation sensitivity: 0.25474254742547425
Validation specificity: 0.33872598584428715
Validation icbhi_score: 0.2967342666348807
Validation roc_auc: None
Validation avg_accuracy: 0.28942151227760005
Validation one_indexed_epoch: 3
-- New best results were achieved. --
249/249 - 587s - loss: 0.7640 - accuracy: 0.5435 - 587s/epoch - 2s/step
Epoch 4/110
Validation cm: [[284 207 276 222]
 [162 261 188 232]
 [ 41  23  39  17]
 [ 44  39  27  34]]
Validation val_loss: 0.7067299464731726
Validation normalized_cm: [[0.287 0.209 0.279 0.224]
 [0.192 0.31  0.223 0.275]
 [0.342 0.192 0.325 0.142]
 [0.306 0.271 0.188 0.236]]
Validation acc: 0.2948473282442748
Validation class_accuracies: [0.2871587462082912, 0.3096085409252669, 0.325, 0.2361111111111111]
Validation sensitivity: 0.3017163504968383
Validation specificity: 0.2871587462082912
Validation icbhi_score: 0.29443754835256475
Validation roc_auc: None
Validation avg_accuracy: 0.2894695995611673
Validation one_indexed_epoch: 4
The validation tracker metric at 0.2967342666348807 hasn't increased by 0 in 1 epochs
249/249 - 587s - loss: 0.7341 - accuracy: 0.5377 - 587s/epoch - 2s/step
Epoch 5/110
Validation cm: [[305 250 256 178]
 [205 345 138 155]
 [ 52  21  32  15]
 [ 56  45  15  28]]
Validation val_loss: 0.6918277693414734
Validation normalized_cm: [[0.308 0.253 0.259 0.18 ]
 [0.243 0.409 0.164 0.184]
 [0.433 0.175 0.267 0.125]
 [0.389 0.312 0.104 0.194]]
Validation acc: 0.3387404580152672
Validation class_accuracies: [0.3083923154701719, 0.4092526690391459, 0.26666666666666666, 0.19444444444444445]
Validation sensitivity: 0.36585365853658536
Validation specificity: 0.3083923154701719
Validation icbhi_score: 0.3371229870033786
Validation roc_auc: None
Validation avg_accuracy: 0.2946890239051072
Validation one_indexed_epoch: 5
-- New best results were achieved. --
249/249 - 590s - loss: 0.7099 - accuracy: 0.5379 - 590s/epoch - 2s/step
Epoch 6/110
Validation cm: [[324 216 282 167]
 [219 318 173 133]
 [ 51  19  38  12]
 [ 53  44  23  24]]
Validation val_loss: 0.6924778500728253
Validation normalized_cm: [[0.328 0.218 0.285 0.169]
 [0.26  0.377 0.205 0.158]
 [0.425 0.158 0.317 0.1  ]
 [0.368 0.306 0.16  0.167]]
Validation acc: 0.33587786259541985
Validation class_accuracies: [0.3276036400404449, 0.37722419928825623, 0.31666666666666665, 0.16666666666666666]
Validation sensitivity: 0.34327009936766034
Validation specificity: 0.3276036400404449
Validation icbhi_score: 0.3354368697040526
Validation roc_auc: None
Validation avg_accuracy: 0.2970402931655086
Validation one_indexed_epoch: 6
The validation tracker metric at 0.3371229870033786 hasn't increased by 0 in 1 epochs
249/249 - 577s - loss: 0.6986 - accuracy: 0.5656 - 577s/epoch - 2s/step
Epoch 7/110
