Tensorflow Version: 2.8.0
Num GPUs Available:  1
Collecting Variables...
All variables have been collected.
../cache/
cw
train185
Description:  effnet: kfold, mel, no normalizing, 1 optimizer w adaptive lr, overlap threshold = 0.3,
-----------------------
training parameters
[('cache_root', '../cache/'), ('data_root', '../data/'), ('jordan_root', '../data/jwyy9np4gv-3/'), ('icbhi_root', '../data/raw_audios/icbhi_preprocessed_v2_cleaned_8000/'), ('bd_root', '../data/PCV_SEGMENTED_Processed_Files/'), ('excel_path', '../data/Bangladesh_PCV_onlyStudyPatients.xlsx'), ('perch_root', '../data/raw_audios/perch_8000_10seconds'), ('ant_root', '../data/raw_audios/Antwerp_Clinical_Complete'), ('description', ' effnet: kfold, mel, no normalizing, 1 optimizer w adaptive lr, overlap threshold = 0.3,'), ('job_id', 0), ('mode', 'cw'), ('n_classes', 2), ('shape', (80, 500, 3)), ('n_epochs', 110), ('lr', 0.001), ('batch_size', 16), ('ll2_reg', 0), ('weight_decay', 0.01), ('label_smoothing', 0), ('epsilon', 1e-07), ('es_patience', 15), ('min_delta', 0), ('train_test_ratio', 0.8), ('kfold', False), ('clause', 0), ('epoch_start', 0), ('testing', 0), ('adaptive_lr', False), ('cuberooting', 1), ('normalizing', 1), ('class_weights', True), ('early_stopping', True), ('initial_channels', 1), ('factor', 0.5), ('lr_patience', 5), ('min_lr', 1e-05), ('sr', 4000), ('audio_length', 5), ('step_size', 2.5), ('n_fft', 1024), ('hop_length', 254), ('n_mels', 128), ('overlap_threshold', 0.3), ('trainable_fb', False), ('to_decibel', True), ('train_nn', False), ('train_mel', False), ('file_dir', '../cache/cw/train185'), ('n_sequences', 9), ('activate_spectral_loss', False), ('normalize', False), ('stacking', False), ('oversample', False), ('one_hot_encoding', False), ('activation', 'sigmoid'), ('n_filters', 80)]
Job id is 1.
Job dir: ../cache/cw/train185/1
- Loading Icbhi.
725 Icbhi audios have been loaded.
- Preparing Icbhi.
112 Icbhi groups of audio chunks (by filename or patients) have been prepared.
--- Samples are being split into training/val groups and de-grouped by patient ---
Job id is 2.
turning the kfold from 90/10 to 80/20
100
12
to
90
22
-----------------------
--- Final training dataset went from 0 to 3969 elements, with 1889 none's, 991 crakles, 597 wheezes and 492 both ---
--- Final Validation dataset contains 2096 elements, with 989 none, 843 crackles, 120 wheezes and 144 both ---
GPUs
['/device:GPU:0']
Initializing weights...
weights = {0: 0.5252779248279513, 1: 1.0012613521695257, 2: 1.6620603015075377, 3: 2.0167682926829267}
Model: "sequential"
_________________________________________________________________
 Layer (type)                Output Shape              Param #   
=================================================================
 resnet50 (Functional)       (None, 3, 16, 2048)       23587712  
                                                                 
 global_average_pooling2d (G  (None, 2048)             0         
 lobalAveragePooling2D)                                          
                                                                 
 dense (Dense)               (None, 100)               204900    
                                                                 
 dropout (Dropout)           (None, 100)               0         
                                                                 
 dense_1 (Dense)             (None, 50)                5050      
                                                                 
 dropout_1 (Dropout)         (None, 50)                0         
                                                                 
 dense_2 (Dense)             (None, 2)                 102       
                                                                 
=================================================================
Total params: 23,797,764
Trainable params: 23,744,644
Non-trainable params: 53,120
_________________________________________________________________
There is no such attribute
Model: "leaf_model9_model_efnet1"
______________________________________________________________________________________________________________
 Layer (type)                                    Output Shape                                Param #          
==============================================================================================================
 mel_filterbanks_1 (MelFilterbanks)              multiple                                    0 (unused)       
                                                                                                              
 sincnet (SincNet)                               multiple                                    0 (unused)       
                                                                                                              
 sequential (Sequential)                         (None, 2)                                   23797764         
                                                                                                              
 sincnet (SincNet)                               multiple                                    0 (unused)       
                                                                                                              
==============================================================================================================
Total params: 23,798,086
Trainable params: 23,744,966
Non-trainable params: 53,120
______________________________________________________________________________________________________________
Target metric is icbhi_score
Epoch 1/110
WARNING:tensorflow:Gradients do not exist for variables ['kernel:0', 'Variable:0', 'Variable:0'] when minimizing the loss. If you're using `model.compile()`, did you forget to provide a `loss`argument?
WARNING:tensorflow:Gradients do not exist for variables ['kernel:0', 'Variable:0', 'Variable:0'] when minimizing the loss. If you're using `model.compile()`, did you forget to provide a `loss`argument?
WARNING:tensorflow:Gradients do not exist for variables ['kernel:0', 'Variable:0', 'Variable:0'] when minimizing the loss. If you're using `model.compile()`, did you forget to provide a `loss`argument?
WARNING:tensorflow:Gradients do not exist for variables ['kernel:0', 'Variable:0', 'Variable:0'] when minimizing the loss. If you're using `model.compile()`, did you forget to provide a `loss`argument?
Validation cm: [[857  59  72   1]
 [789  14  29  11]
 [ 83   2  35   0]
 [129   0  15   0]]
Validation val_loss: 0.6160143849951791
Validation normalized_cm: [[0.867 0.06  0.073 0.001]
 [0.936 0.017 0.034 0.013]
 [0.692 0.017 0.292 0.   ]
 [0.896 0.    0.104 0.   ]]
Validation acc: 0.43225190839694655
Validation class_accuracies: [0.8665318503538928, 0.0166073546856465, 0.2916666666666667, 0.0]
Validation sensitivity: 0.044263775971093045
Validation specificity: 0.8665318503538928
Validation icbhi_score: 0.45539781316249295
Validation roc_auc: None
Validation avg_accuracy: 0.2937014679265515
Validation one_indexed_epoch: 1
-- New best results were achieved. --
249/249 - 178s - loss: 0.6627 - accuracy: 0.6858 - 178s/epoch - 716ms/step
Epoch 2/110
Validation cm: [[290 556  11 132]
 [149 591   4  99]
 [ 11  38   6  65]
 [ 11  97   3  33]]
Validation val_loss: 0.6387511988984463
Validation normalized_cm: [[0.293 0.562 0.011 0.133]
 [0.177 0.701 0.005 0.117]
 [0.092 0.317 0.05  0.542]
 [0.076 0.674 0.021 0.229]]
Validation acc: 0.4389312977099237
Validation class_accuracies: [0.29322548028311424, 0.701067615658363, 0.05, 0.22916666666666666]
Validation sensitivity: 0.5691056910569106
Validation specificity: 0.29322548028311424
Validation icbhi_score: 0.4311655856700124
Validation roc_auc: None
Validation avg_accuracy: 0.31836494065203597
Validation one_indexed_epoch: 2
The validation tracker metric at 0.45539781316249295 hasn't increased by 0 in 1 epochs
249/249 - 167s - loss: 0.5269 - accuracy: 0.7067 - 167s/epoch - 669ms/step
Epoch 3/110
Validation cm: [[395 571   4  19]
 [241 586   0  16]
 [ 48  46   7  19]
 [ 50  87   4   3]]
Validation val_loss: 0.6642163445407041
Validation normalized_cm: [[0.399 0.577 0.004 0.019]
 [0.286 0.695 0.    0.019]
 [0.4   0.383 0.058 0.158]
 [0.347 0.604 0.028 0.021]]
Validation acc: 0.47280534351145037
Validation class_accuracies: [0.3993933265925177, 0.6951364175563464, 0.058333333333333334, 0.020833333333333332]
Validation sensitivity: 0.5383920505871725
Validation specificity: 0.3993933265925177
Validation icbhi_score: 0.4688926885898451
Validation roc_auc: None
Validation avg_accuracy: 0.29342410270388264
Validation one_indexed_epoch: 3
-- New best results were achieved. --
249/249 - 163s - loss: 0.4509 - accuracy: 0.7304 - 163s/epoch - 653ms/step
Epoch 4/110
Validation cm: [[325 397  48 219]
 [195 378  39 231]
 [ 20   9  13  78]
 [ 19  39   9  77]]
Validation val_loss: 0.7839613522956748
Validation normalized_cm: [[0.329 0.401 0.049 0.221]
 [0.231 0.448 0.046 0.274]
 [0.167 0.075 0.108 0.65 ]
 [0.132 0.271 0.062 0.535]]
Validation acc: 0.37833969465648853
Validation class_accuracies: [0.32861476238624876, 0.4483985765124555, 0.10833333333333334, 0.5347222222222222]
Validation sensitivity: 0.42276422764227645
Validation specificity: 0.32861476238624876
Validation icbhi_score: 0.37568949501426263
Validation roc_auc: None
Validation avg_accuracy: 0.3550172236135649
Validation one_indexed_epoch: 4
The validation tracker metric at 0.4688926885898451 hasn't increased by 0 in 1 epochs
249/249 - 171s - loss: 0.3799 - accuracy: 0.7619 - 171s/epoch - 687ms/step
Epoch 5/110
Validation cm: [[424 397 138  30]
 [368 355  87  33]
 [ 24  26  44  26]
 [ 45  65  28   6]]
Validation val_loss: 0.8448542528267796
Validation normalized_cm: [[0.429 0.401 0.14  0.03 ]
 [0.437 0.421 0.103 0.039]
 [0.2   0.217 0.367 0.217]
 [0.312 0.451 0.194 0.042]]
Validation acc: 0.3955152671755725
Validation class_accuracies: [0.4287158746208291, 0.4211150652431791, 0.36666666666666664, 0.041666666666666664]
Validation sensitivity: 0.36585365853658536
Validation specificity: 0.4287158746208291
Validation icbhi_score: 0.39728476657870726
Validation roc_auc: None
Validation avg_accuracy: 0.3145410682993354
Validation one_indexed_epoch: 5
The validation tracker metric at 0.4688926885898451 hasn't increased by 0 in 2 epochs
249/249 - 166s - loss: 0.3114 - accuracy: 0.7805 - 166s/epoch - 667ms/step
Epoch 6/110
Validation cm: [[571 231 152  35]
 [508 210  98  27]
 [ 33  15  57  15]
 [ 81  29  32   2]]
Validation val_loss: 0.7804647062793272
Validation normalized_cm: [[0.577 0.234 0.154 0.035]
 [0.603 0.249 0.116 0.032]
 [0.275 0.125 0.475 0.125]
 [0.562 0.201 0.222 0.014]]
Validation acc: 0.40076335877862596
Validation class_accuracies: [0.5773508594539939, 0.2491103202846975, 0.475, 0.013888888888888888]
Validation sensitivity: 0.24299909665763325
Validation specificity: 0.5773508594539939
Validation icbhi_score: 0.4101749780558136
Validation roc_auc: None
Validation avg_accuracy: 0.328837517156895
Validation one_indexed_epoch: 6
The validation tracker metric at 0.4688926885898451 hasn't increased by 0 in 3 epochs
249/249 - 167s - loss: 0.2640 - accuracy: 0.8073 - 167s/epoch - 670ms/step
Epoch 7/110
Validation cm: [[590 246  94  59]
 [444 297  72  30]
 [ 29  17  40  34]
 [ 54  60  19  11]]
Validation val_loss: 0.7879671787212349
Validation normalized_cm: [[0.597 0.249 0.095 0.06 ]
 [0.527 0.352 0.085 0.036]
 [0.242 0.142 0.333 0.283]
 [0.375 0.417 0.132 0.076]]
Validation acc: 0.44751908396946566
Validation class_accuracies: [0.596562184024267, 0.35231316725978645, 0.3333333333333333, 0.0763888888888889]
Validation sensitivity: 0.3143631436314363
Validation specificity: 0.596562184024267
Validation icbhi_score: 0.4554626638278516
Validation roc_auc: None
Validation avg_accuracy: 0.3396493933765689
Validation one_indexed_epoch: 7
The validation tracker metric at 0.4688926885898451 hasn't increased by 0 in 4 epochs
249/249 - 169s - loss: 0.2480 - accuracy: 0.7957 - 169s/epoch - 679ms/step
Epoch 8/110
Validation cm: [[643 200  69  77]
 [478 246  60  59]
 [ 32  10  37  41]
 [ 65  29  28  22]]
Validation val_loss: 0.8323064549891354
Validation normalized_cm: [[0.65  0.202 0.07  0.078]
 [0.567 0.292 0.071 0.07 ]
 [0.267 0.083 0.308 0.342]
 [0.451 0.201 0.194 0.153]]
Validation acc: 0.45229007633587787
Validation class_accuracies: [0.6501516683518705, 0.2918149466192171, 0.30833333333333335, 0.1527777777777778]
Validation sensitivity: 0.2755194218608853
Validation specificity: 0.6501516683518705
Validation icbhi_score: 0.4628355451063779
Validation roc_auc: None
Validation avg_accuracy: 0.35076943152054973
Validation one_indexed_epoch: 8
The validation tracker metric at 0.4688926885898451 hasn't increased by 0 in 5 epochs
249/249 - 170s - loss: 0.2118 - accuracy: 0.7914 - 170s/epoch - 682ms/step
Epoch 9/110
Validation cm: [[471 364  49 105]
 [349 426  28  40]
 [ 32  24  26  38]
 [ 58  66  10  10]]
Validation val_loss: 1.0895499108442555
Validation normalized_cm: [[0.476 0.368 0.05  0.106]
 [0.414 0.505 0.033 0.047]
 [0.267 0.2   0.217 0.317]
 [0.403 0.458 0.069 0.069]]
Validation acc: 0.44513358778625955
Validation class_accuracies: [0.4762386248736097, 0.505338078291815, 0.21666666666666667, 0.06944444444444445]
Validation sensitivity: 0.4173441734417344
Validation specificity: 0.4762386248736097
Validation icbhi_score: 0.4467913991576721
Validation roc_auc: None
Validation avg_accuracy: 0.31692195356913394
Validation one_indexed_epoch: 9
The validation tracker metric at 0.4688926885898451 hasn't increased by 0 in 6 epochs
249/249 - 167s - loss: 0.1580 - accuracy: 0.8120 - 167s/epoch - 671ms/step
Epoch 10/110
Validation cm: [[321 120 509  39]
 [210  87 515  31]
 [  8   2  97  13]
 [ 17   7 107  13]]
Validation val_loss: 1.7958029763876557
Validation normalized_cm: [[0.325 0.121 0.515 0.039]
 [0.249 0.103 0.611 0.037]
 [0.067 0.017 0.808 0.108]
 [0.118 0.049 0.743 0.09 ]]
Validation acc: 0.24713740458015268
Validation class_accuracies: [0.32457027300303337, 0.10320284697508897, 0.8083333333333333, 0.09027777777777778]
Validation sensitivity: 0.17795844625112917
Validation specificity: 0.32457027300303337
Validation icbhi_score: 0.25126435962708127
Validation roc_auc: None
Validation avg_accuracy: 0.33159605777230833
Validation one_indexed_epoch: 10
The validation tracker metric at 0.4688926885898451 hasn't increased by 0 in 7 epochs
249/249 - 167s - loss: 0.1486 - accuracy: 0.8037 - 167s/epoch - 672ms/step
Epoch 11/110
Validation cm: [[585 293  72  39]
 [462 303  42  36]
 [ 28  21  51  20]
 [ 68  44  23   9]]
Validation val_loss: 1.0077979571589877
Validation normalized_cm: [[0.592 0.296 0.073 0.039]
 [0.548 0.359 0.05  0.043]
 [0.233 0.175 0.425 0.167]
 [0.472 0.306 0.16  0.062]]
Validation acc: 0.45229007633587787
Validation class_accuracies: [0.5915065722952477, 0.3594306049822064, 0.425, 0.0625]
Validation sensitivity: 0.32791327913279134
Validation specificity: 0.5915065722952477
Validation icbhi_score: 0.45970992571401953
Validation roc_auc: None
Validation avg_accuracy: 0.35960929431936356
Validation one_indexed_epoch: 11
The validation tracker metric at 0.4688926885898451 hasn't increased by 0 in 8 epochs
Mel loss: <tf.Variable 'Variable:0' shape=() dtype=float32, numpy=0.5>
sinc loss: <tf.Variable 'Variable:0' shape=() dtype=float32, numpy=0.5>
249/249 - 172s - loss: 0.1081 - accuracy: 0.7937 - 172s/epoch - 692ms/step
Epoch 12/110
Validation cm: [[848 128  13   0]
 [685 149   7   2]
 [ 91   9  19   1]
 [102  35   7   0]]
Validation val_loss: 1.7423738199690268
Validation normalized_cm: [[0.857 0.129 0.013 0.   ]
 [0.813 0.177 0.008 0.002]
 [0.758 0.075 0.158 0.008]
 [0.708 0.243 0.049 0.   ]]
Validation acc: 0.4847328244274809
Validation class_accuracies: [0.8574317492416582, 0.1767497034400949, 0.15833333333333333, 0.0]
Validation sensitivity: 0.15176151761517614
Validation specificity: 0.8574317492416582
Validation icbhi_score: 0.5045966334284172
Validation roc_auc: None
Validation avg_accuracy: 0.2981286965037716
Validation one_indexed_epoch: 12
-- New best results were achieved. --
249/249 - 170s - loss: 0.0980 - accuracy: 0.7853 - 170s/epoch - 682ms/step
Epoch 13/110
Validation cm: [[126  81  79 703]
 [ 41  34  75 693]
 [  2   4  15  99]
 [  4   4  18 118]]
Validation val_loss: 2.2767192146389625
Validation normalized_cm: [[0.127 0.082 0.08  0.711]
 [0.049 0.04  0.089 0.822]
 [0.017 0.033 0.125 0.825]
 [0.028 0.028 0.125 0.819]]
Validation acc: 0.13979007633587787
Validation class_accuracies: [0.12740141557128412, 0.04033214709371293, 0.125, 0.8194444444444444]
Validation sensitivity: 0.15085817524841916
Validation specificity: 0.12740141557128412
Validation icbhi_score: 0.13912979540985165
Validation roc_auc: None
Validation avg_accuracy: 0.2780445017773604
Validation one_indexed_epoch: 13
The validation tracker metric at 0.5045966334284172 hasn't increased by 0 in 1 epochs
249/249 - 168s - loss: 0.1298 - accuracy: 0.7987 - 168s/epoch - 673ms/step
Epoch 14/110
Validation cm: [[216 476  71 226]
 [ 85 509  27 222]
 [  5  17  23  75]
 [  8  57  17  62]]
Validation val_loss: 1.439611710113019
Validation normalized_cm: [[0.218 0.481 0.072 0.229]
 [0.101 0.604 0.032 0.263]
 [0.042 0.142 0.192 0.625]
 [0.056 0.396 0.118 0.431]]
Validation acc: 0.38645038167938933
Validation class_accuracies: [0.21840242669362994, 0.6037959667852907, 0.19166666666666668, 0.4305555555555556]
Validation sensitivity: 0.5365853658536586
Validation specificity: 0.21840242669362994
Validation icbhi_score: 0.37749389627364427
Validation roc_auc: None
Validation avg_accuracy: 0.36110515392528575
Validation one_indexed_epoch: 14
The validation tracker metric at 0.5045966334284172 hasn't increased by 0 in 2 epochs
249/249 - 168s - loss: 0.1305 - accuracy: 0.7931 - 168s/epoch - 676ms/step
Epoch 15/110
Validation cm: [[361 349  97 182]
 [207 432  56 148]
 [ 12  16  42  50]
 [ 24  60  28  32]]
Validation val_loss: 1.1155283168460102
Validation normalized_cm: [[0.365 0.353 0.098 0.184]
 [0.246 0.512 0.066 0.176]
 [0.1   0.133 0.35  0.417]
 [0.167 0.417 0.194 0.222]]
Validation acc: 0.4136450381679389
Validation class_accuracies: [0.36501516683518703, 0.5124555160142349, 0.35, 0.2222222222222222]
Validation sensitivity: 0.45709123757904246
Validation specificity: 0.36501516683518703
Validation icbhi_score: 0.4110532022071147
Validation roc_auc: None
Validation avg_accuracy: 0.362423226267911
Validation one_indexed_epoch: 15
The validation tracker metric at 0.5045966334284172 hasn't increased by 0 in 3 epochs
249/249 - 173s - loss: 0.0828 - accuracy: 0.7924 - 173s/epoch - 694ms/step
Epoch 16/110
Validation cm: [[533 370  52  34]
 [378 424  23  18]
 [ 31  30  31  28]
 [ 50  74  18   2]]
Validation val_loss: 0.8763830715174108
Validation normalized_cm: [[0.539 0.374 0.053 0.034]
 [0.448 0.503 0.027 0.021]
 [0.258 0.25  0.258 0.233]
 [0.347 0.514 0.125 0.014]]
Validation acc: 0.4723282442748092
Validation class_accuracies: [0.538928210313448, 0.5029655990510083, 0.25833333333333336, 0.013888888888888888]
Validation sensitivity: 0.4128274616079494
Validation specificity: 0.538928210313448
Validation icbhi_score: 0.47587783596069866
Validation roc_auc: None
Validation avg_accuracy: 0.3285290078966696
Validation one_indexed_epoch: 16
The validation tracker metric at 0.5045966334284172 hasn't increased by 0 in 4 epochs
249/249 - 169s - loss: 0.1997 - accuracy: 0.7407 - 169s/epoch - 680ms/step
Epoch 17/110
Validation cm: [[534 430  12  13]
 [433 399   2   9]
 [ 53  39  15  13]
 [ 67  67  10   0]]
Validation val_loss: 1.1188941643494141
Validation normalized_cm: [[0.54  0.435 0.012 0.013]
 [0.514 0.473 0.002 0.011]
 [0.442 0.325 0.125 0.108]
 [0.465 0.465 0.069 0.   ]]
Validation acc: 0.45229007633587787
Validation class_accuracies: [0.5399393326592518, 0.47330960854092524, 0.125, 0.0]
Validation sensitivity: 0.37398373983739835
Validation specificity: 0.5399393326592518
Validation icbhi_score: 0.45696153624832503
Validation roc_auc: None
Validation avg_accuracy: 0.28456223530004426
Validation one_indexed_epoch: 17
The validation tracker metric at 0.5045966334284172 hasn't increased by 0 in 5 epochs
249/249 - 169s - loss: 0.1281 - accuracy: 0.7672 - 169s/epoch - 680ms/step
Epoch 18/110
Validation cm: [[501 335  37 116]
 [371 374  25  73]
 [ 25  23  34  38]
 [ 43  62  17  22]]
Validation val_loss: 1.2420506720927607
Validation normalized_cm: [[0.507 0.339 0.037 0.117]
 [0.44  0.444 0.03  0.087]
 [0.208 0.192 0.283 0.317]
 [0.299 0.431 0.118 0.153]]
Validation acc: 0.4441793893129771
Validation class_accuracies: [0.506572295247725, 0.44365361803084225, 0.2833333333333333, 0.1527777777777778]
Validation sensitivity: 0.3884372177055104
Validation specificity: 0.506572295247725
Validation icbhi_score: 0.4475047564766177
Validation roc_auc: None
Validation avg_accuracy: 0.3465842560974196
Validation one_indexed_epoch: 18
The validation tracker metric at 0.5045966334284172 hasn't increased by 0 in 6 epochs
249/249 - 168s - loss: 0.0883 - accuracy: 0.7768 - 168s/epoch - 674ms/step
Epoch 19/110
