Tensorflow Version: 2.8.0
Num GPUs Available:  1
Collecting Variables...
All variables have been collected.
../cache/
cw
train187
Description:  effnet: kfold, mel, no normalizing, 1 optimizer w adaptive lr, overlap threshold = 0.3,
-----------------------
training parameters
[('cache_root', '../cache/'), ('data_root', '../data/'), ('jordan_root', '../data/jwyy9np4gv-3/'), ('icbhi_root', '../data/raw_audios/icbhi_preprocessed_v2_cleaned_8000/'), ('bd_root', '../data/PCV_SEGMENTED_Processed_Files/'), ('excel_path', '../data/Bangladesh_PCV_onlyStudyPatients.xlsx'), ('perch_root', '../data/raw_audios/perch_8000_10seconds'), ('ant_root', '../data/raw_audios/Antwerp_Clinical_Complete'), ('description', ' effnet: kfold, mel, no normalizing, 1 optimizer w adaptive lr, overlap threshold = 0.3,'), ('job_id', 0), ('mode', 'cw'), ('n_classes', 2), ('shape', (80, 500, 3)), ('n_epochs', 110), ('lr', 0.001), ('batch_size', 16), ('ll2_reg', 0), ('weight_decay', 0.01), ('label_smoothing', 0), ('epsilon', 1e-07), ('es_patience', 15), ('min_delta', 0), ('train_test_ratio', 0.8), ('kfold', False), ('clause', 0), ('epoch_start', 0), ('testing', 0), ('adaptive_lr', True), ('cuberooting', 1), ('normalizing', 1), ('class_weights', True), ('early_stopping', True), ('initial_channels', 1), ('factor', 0.5), ('lr_patience', 5), ('min_lr', 1e-05), ('sr', 4000), ('audio_length', 5), ('step_size', 2.5), ('n_fft', 1024), ('hop_length', 254), ('n_mels', 128), ('overlap_threshold', 0.3), ('trainable_fb', False), ('to_decibel', True), ('train_nn', False), ('train_mel', False), ('file_dir', '../cache/cw/train187'), ('n_sequences', 9), ('activate_spectral_loss', False), ('normalize', False), ('stacking', False), ('oversample', False), ('one_hot_encoding', False), ('activation', 'sigmoid'), ('n_filters', 80)]
Job id is 1.
Job dir: ../cache/cw/train187/1
- Loading Icbhi.
725 Icbhi audios have been loaded.
- Preparing Icbhi.
112 Icbhi groups of audio chunks (by filename or patients) have been prepared.
--- Samples are being split into training/val groups and de-grouped by patient ---
Job id is 2.
turning the kfold from 90/10 to 80/20
100
12
to
90
22
-----------------------
--- Final training dataset went from 0 to 3969 elements, with 1889 none's, 991 crakles, 597 wheezes and 492 both ---
--- Final Validation dataset contains 2096 elements, with 989 none, 843 crackles, 120 wheezes and 144 both ---
GPUs
['/device:GPU:0']
Initializing weights...
weights = {0: 0.5252779248279513, 1: 1.0012613521695257, 2: 1.6620603015075377, 3: 2.0167682926829267}
Model: "sequential"
_________________________________________________________________
 Layer (type)                Output Shape              Param #   
=================================================================
 efficientnetb1 (Functional)  (None, 3, 16, 1280)      6575239   
                                                                 
 global_average_pooling2d (G  (None, 1280)             0         
 lobalAveragePooling2D)                                          
                                                                 
 dense (Dense)               (None, 100)               128100    
                                                                 
 dropout (Dropout)           (None, 100)               0         
                                                                 
 dense_1 (Dense)             (None, 50)                5050      
                                                                 
 dropout_1 (Dropout)         (None, 50)                0         
                                                                 
 dense_2 (Dense)             (None, 2)                 102       
                                                                 
=================================================================
Total params: 6,708,491
Trainable params: 6,646,436
Non-trainable params: 62,055
_________________________________________________________________
Model: "leaf_model9_model_efnet1"
______________________________________________________________________________________________________________
 Layer (type)                                    Output Shape                                Param #          
==============================================================================================================
 mel_filterbanks (MelFilterbanks)                multiple                                    0                
                                                                                                              
 mel_filterbanks_1 (MelFilterbanks)              multiple                                    0 (unused)       
                                                                                                              
 sincnet (SincNet)                               multiple                                    0 (unused)       
                                                                                                              
 sequential (Sequential)                         (None, 2)                                   6708491          
                                                                                                              
==============================================================================================================
Total params: 6,708,653
Trainable params: 6,646,598
Non-trainable params: 62,055
______________________________________________________________________________________________________________
Target metric is icbhi_score
Epoch 1/110
WARNING:tensorflow:Gradients do not exist for variables ['kernel:0', 'Variable:0', 'Variable:0'] when minimizing the loss. If you're using `model.compile()`, did you forget to provide a `loss`argument?
WARNING:tensorflow:Gradients do not exist for variables ['kernel:0', 'Variable:0', 'Variable:0'] when minimizing the loss. If you're using `model.compile()`, did you forget to provide a `loss`argument?
WARNING:tensorflow:Gradients do not exist for variables ['kernel:0', 'Variable:0', 'Variable:0'] when minimizing the loss. If you're using `model.compile()`, did you forget to provide a `loss`argument?
WARNING:tensorflow:Gradients do not exist for variables ['kernel:0', 'Variable:0', 'Variable:0'] when minimizing the loss. If you're using `model.compile()`, did you forget to provide a `loss`argument?
Validation cm: [[904  53  28   4]
 [785  39  11   8]
 [ 94  13   6   7]
 [129   6   9   0]]
Validation val_loss: 0.6530837343280552
Validation normalized_cm: [[0.914 0.054 0.028 0.004]
 [0.931 0.046 0.013 0.009]
 [0.783 0.108 0.05  0.058]
 [0.896 0.042 0.062 0.   ]]
Validation acc: 0.4527671755725191
Validation class_accuracies: [0.9140546006066734, 0.046263345195729534, 0.05, 0.0]
Validation sensitivity: 0.04065040650406504
Validation specificity: 0.9140546006066734
Validation icbhi_score: 0.47735250355536923
Validation roc_auc: None
Validation avg_accuracy: 0.25257948645060074
Validation one_indexed_epoch: 1
-- New best results were achieved. --
There is no such attribute
249/249 - 167s - loss: 0.6960 - accuracy: 0.4963 - 167s/epoch - 670ms/step
Epoch 2/110
Validation cm: [[614 355  10  10]
 [400 430   4   9]
 [ 72  36   5   7]
 [ 79  51   5   9]]
Validation val_loss: 0.621702930939789
Validation normalized_cm: [[0.621 0.359 0.01  0.01 ]
 [0.474 0.51  0.005 0.011]
 [0.6   0.3   0.042 0.058]
 [0.549 0.354 0.035 0.062]]
Validation acc: 0.5047709923664122
Validation class_accuracies: [0.6208291203235592, 0.5100830367734283, 0.041666666666666664, 0.0625]
Validation sensitivity: 0.4010840108401084
Validation specificity: 0.6208291203235592
Validation icbhi_score: 0.5109565655818338
Validation roc_auc: None
Validation avg_accuracy: 0.3087697059409135
Validation one_indexed_epoch: 2
-- New best results were achieved. --
There is no such attribute
249/249 - 150s - loss: 0.6721 - accuracy: 0.5107 - 150s/epoch - 603ms/step
Epoch 3/110
Validation cm: [[500  99 271 119]
 [503 176  87  77]
 [ 41   8  39  32]
 [ 82   8  35  19]]
Validation val_loss: 0.6616850827344274
Validation normalized_cm: [[0.506 0.1   0.274 0.12 ]
 [0.597 0.209 0.103 0.091]
 [0.342 0.067 0.325 0.267]
 [0.569 0.056 0.243 0.132]]
Validation acc: 0.3501908396946565
Validation class_accuracies: [0.5055611729019212, 0.20877817319098457, 0.325, 0.13194444444444445]
Validation sensitivity: 0.21138211382113822
Validation specificity: 0.5055611729019212
Validation icbhi_score: 0.3584716433615297
Validation roc_auc: None
Validation avg_accuracy: 0.2928209476343375
Validation one_indexed_epoch: 3
The validation tracker metric at 0.5109565655818338 hasn't increased by 0 in 1 epochs
There is no such attribute
249/249 - 152s - loss: 0.6395 - accuracy: 0.5916 - 152s/epoch - 610ms/step
Epoch 4/110
Validation cm: [[863  21  85  20]
 [754  36  38  15]
 [ 60   4  35  21]
 [107  15  11  11]]
Validation val_loss: 0.5964166705304658
Validation normalized_cm: [[0.873 0.021 0.086 0.02 ]
 [0.894 0.043 0.045 0.018]
 [0.5   0.033 0.292 0.175]
 [0.743 0.104 0.076 0.076]]
Validation acc: 0.4508587786259542
Validation class_accuracies: [0.8725985844287159, 0.042704626334519574, 0.2916666666666667, 0.0763888888888889]
Validation sensitivity: 0.07407407407407407
Validation specificity: 0.8725985844287159
Validation icbhi_score: 0.47333632925139496
Validation roc_auc: None
Validation avg_accuracy: 0.3208396915796977
Validation one_indexed_epoch: 4
The validation tracker metric at 0.5109565655818338 hasn't increased by 0 in 2 epochs
There is no such attribute
249/249 - 153s - loss: 0.5940 - accuracy: 0.6465 - 153s/epoch - 615ms/step
Epoch 5/110
Validation cm: [[746  97 108  38]
 [571 168  65  39]
 [ 40   8  34  38]
 [ 77  16  41  10]]
Validation val_loss: 0.5953537894569281
Validation normalized_cm: [[0.754 0.098 0.109 0.038]
 [0.677 0.199 0.077 0.046]
 [0.333 0.067 0.283 0.317]
 [0.535 0.111 0.285 0.069]]
Validation acc: 0.4570610687022901
Validation class_accuracies: [0.7542972699696663, 0.199288256227758, 0.2833333333333333, 0.06944444444444445]
Validation sensitivity: 0.1915085817524842
Validation specificity: 0.7542972699696663
Validation icbhi_score: 0.47290292586107524
Validation roc_auc: None
Validation avg_accuracy: 0.3265908259938005
Validation one_indexed_epoch: 5
The validation tracker metric at 0.5109565655818338 hasn't increased by 0 in 3 epochs
There is no such attribute
249/249 - 152s - loss: 0.5536 - accuracy: 0.6926 - 152s/epoch - 608ms/step
Epoch 6/110
Validation cm: [[892   2  89   6]
 [754   2  84   3]
 [ 41   0  75   4]
 [113   1  29   1]]
Validation val_loss: 0.6017153859707235
Validation normalized_cm: [[0.902 0.002 0.09  0.006]
 [0.894 0.002 0.1   0.004]
 [0.342 0.    0.625 0.033]
 [0.785 0.007 0.201 0.007]]
Validation acc: 0.4627862595419847
Validation class_accuracies: [0.9019211324570273, 0.002372479240806643, 0.625, 0.006944444444444444]
Validation sensitivity: 0.07046070460704607
Validation specificity: 0.9019211324570273
Validation icbhi_score: 0.48619091853203666
Validation roc_auc: None
Validation avg_accuracy: 0.3840595140355696
Validation one_indexed_epoch: 6
The validation tracker metric at 0.5109565655818338 hasn't increased by 0 in 4 epochs
There is no such attribute
249/249 - 155s - loss: 0.5305 - accuracy: 0.7218 - 155s/epoch - 621ms/step
Epoch 7/110
Validation cm: [[893  18  77   1]
 [774  43  25   1]
 [ 67   4  49   0]
 [108   4  31   1]]
Validation val_loss: 0.5480517338932925
Validation normalized_cm: [[0.903 0.018 0.078 0.001]
 [0.918 0.051 0.03  0.001]
 [0.558 0.033 0.408 0.   ]
 [0.75  0.028 0.215 0.007]]
Validation acc: 0.47041984732824427
Validation class_accuracies: [0.9029322548028311, 0.051008303677342826, 0.4083333333333333, 0.006944444444444444]
Validation sensitivity: 0.08401084010840108
Validation specificity: 0.9029322548028311
Validation icbhi_score: 0.4934715474556161
Validation roc_auc: None
Validation avg_accuracy: 0.3423045840644879
Validation one_indexed_epoch: 7
The validation tracker metric at 0.5109565655818338 hasn't increased by 0 in 5 epochs
Lr has been adjusted to 0.0005000000237487257
There is no such attribute
249/249 - 150s - loss: 0.5070 - accuracy: 0.7417 - 150s/epoch - 601ms/step
Epoch 8/110
Validation cm: [[433 381  42 133]
 [181 551  21  90]
 [ 18  12  29  61]
 [ 17  48  21  58]]
Validation val_loss: 0.561155017145433
Validation normalized_cm: [[0.438 0.385 0.042 0.134]
 [0.215 0.654 0.025 0.107]
 [0.15  0.1   0.242 0.508]
 [0.118 0.333 0.146 0.403]]
Validation acc: 0.5109732824427481
Validation class_accuracies: [0.4378159757330637, 0.6536180308422301, 0.24166666666666667, 0.4027777777777778]
Validation sensitivity: 0.5763324299909666
Validation specificity: 0.4378159757330637
Validation icbhi_score: 0.5070742028620151
Validation roc_auc: None
Validation avg_accuracy: 0.4339696127549346
Validation one_indexed_epoch: 8
The validation tracker metric at 0.5109565655818338 hasn't increased by 0 in 6 epochs
There is no such attribute
249/249 - 152s - loss: 0.4841 - accuracy: 0.7654 - 152s/epoch - 610ms/step
Epoch 9/110
Validation cm: [[311 482  34 162]
 [ 91 634  13 105]
 [  8  14  28  70]
 [ 10  57  27  50]]
Validation val_loss: 0.56084440912312
Validation normalized_cm: [[0.314 0.487 0.034 0.164]
 [0.108 0.752 0.015 0.125]
 [0.067 0.117 0.233 0.583]
 [0.069 0.396 0.188 0.347]]
Validation acc: 0.4880725190839695
Validation class_accuracies: [0.31445904954499493, 0.7520759193357058, 0.23333333333333334, 0.3472222222222222]
Validation sensitivity: 0.6431797651309846
Validation specificity: 0.31445904954499493
Validation icbhi_score: 0.4788194073379898
Validation roc_auc: None
Validation avg_accuracy: 0.41177263110906415
Validation one_indexed_epoch: 9
The validation tracker metric at 0.5109565655818338 hasn't increased by 0 in 7 epochs
There is no such attribute
249/249 - 155s - loss: 0.4715 - accuracy: 0.7707 - 155s/epoch - 624ms/step
Epoch 10/110
Validation cm: [[652 223  56  58]
 [317 442  24  60]
 [ 26  10  48  36]
 [ 38  44  41  21]]
Validation val_loss: 0.5161405859394212
Validation normalized_cm: [[0.659 0.225 0.057 0.059]
 [0.376 0.524 0.028 0.071]
 [0.217 0.083 0.4   0.3  ]
 [0.264 0.306 0.285 0.146]]
Validation acc: 0.5548664122137404
Validation class_accuracies: [0.6592517694641051, 0.5243179122182681, 0.4, 0.14583333333333334]
Validation sensitivity: 0.46160794941282746
Validation specificity: 0.6592517694641051
Validation icbhi_score: 0.5604298594384662
Validation roc_auc: None
Validation avg_accuracy: 0.43235075375392656
Validation one_indexed_epoch: 10
-- New best results were achieved. --
There is no such attribute
249/249 - 156s - loss: 0.4654 - accuracy: 0.7609 - 156s/epoch - 627ms/step
Epoch 11/110
Validation cm: [[410 401  41 137]
 [216 501  27  99]
 [ 14  17  21  68]
 [ 21  55  24  44]]
Validation val_loss: 0.5828756152417596
Validation normalized_cm: [[0.415 0.405 0.041 0.139]
 [0.256 0.594 0.032 0.117]
 [0.117 0.142 0.175 0.567]
 [0.146 0.382 0.167 0.306]]
Validation acc: 0.46564885496183206
Validation class_accuracies: [0.41456016177957533, 0.594306049822064, 0.175, 0.3055555555555556]
Validation sensitivity: 0.5112917795844625
Validation specificity: 0.41456016177957533
Validation icbhi_score: 0.4629259706820189
Validation roc_auc: None
Validation avg_accuracy: 0.37235544178929875
Validation one_indexed_epoch: 11
The validation tracker metric at 0.5604298594384662 hasn't increased by 0 in 1 epochs
Mel loss: <tf.Variable 'Variable:0' shape=() dtype=float32, numpy=0.5>
sinc loss: <tf.Variable 'Variable:0' shape=() dtype=float32, numpy=0.5>
There is no such attribute
249/249 - 153s - loss: 0.4476 - accuracy: 0.7702 - 153s/epoch - 615ms/step
Epoch 12/110
Validation cm: [[410 449  51  79]
 [188 574  19  62]
 [ 18  23  29  50]
 [ 18  69  34  23]]
Validation val_loss: 0.5406958359570904
Validation normalized_cm: [[0.415 0.454 0.052 0.08 ]
 [0.223 0.681 0.023 0.074]
 [0.15  0.192 0.242 0.417]
 [0.125 0.479 0.236 0.16 ]]
Validation acc: 0.49427480916030536
Validation class_accuracies: [0.41456016177957533, 0.6809015421115066, 0.24166666666666667, 0.1597222222222222]
Validation sensitivity: 0.5654923215898826
Validation specificity: 0.41456016177957533
Validation icbhi_score: 0.49002624168472897
Validation roc_auc: None
Validation avg_accuracy: 0.37421264819499267
Validation one_indexed_epoch: 12
The validation tracker metric at 0.5604298594384662 hasn't increased by 0 in 2 epochs
There is no such attribute
249/249 - 150s - loss: 0.4374 - accuracy: 0.7700 - 150s/epoch - 603ms/step
Epoch 13/110
Validation cm: [[380 431  39 139]
 [131 592  25  95]
 [ 22  17  29  52]
 [ 31  48  21  44]]
Validation val_loss: 0.5707732418388526
Validation normalized_cm: [[0.384 0.436 0.039 0.141]
 [0.155 0.702 0.03  0.113]
 [0.183 0.142 0.242 0.433]
 [0.215 0.333 0.146 0.306]]
Validation acc: 0.4985687022900763
Validation class_accuracies: [0.38422649140546006, 0.7022538552787663, 0.24166666666666667, 0.3055555555555556]
Validation sensitivity: 0.6007226738934056
Validation specificity: 0.38422649140546006
Validation icbhi_score: 0.49247458264943283
Validation roc_auc: None
Validation avg_accuracy: 0.40842564222661215
Validation one_indexed_epoch: 13
The validation tracker metric at 0.5604298594384662 hasn't increased by 0 in 3 epochs
There is no such attribute
249/249 - 151s - loss: 0.4265 - accuracy: 0.7755 - 151s/epoch - 605ms/step
Epoch 14/110
Validation cm: [[187 472  37 293]
 [ 45 511  24 263]
 [  7  18  25  70]
 [  8  37  17  82]]
Validation val_loss: 0.7704153826019464
Validation normalized_cm: [[0.189 0.477 0.037 0.296]
 [0.053 0.606 0.028 0.312]
 [0.058 0.15  0.208 0.583]
 [0.056 0.257 0.118 0.569]]
Validation acc: 0.38406488549618323
Validation class_accuracies: [0.1890798786653185, 0.6061684460260973, 0.20833333333333334, 0.5694444444444444]
Validation sensitivity: 0.5582655826558266
Validation specificity: 0.1890798786653185
Validation icbhi_score: 0.37367273066057255
Validation roc_auc: None
Validation avg_accuracy: 0.3932565256172984
Validation one_indexed_epoch: 14
The validation tracker metric at 0.5604298594384662 hasn't increased by 0 in 4 epochs
There is no such attribute
249/249 - 176s - loss: 0.4156 - accuracy: 0.7743 - 176s/epoch - 707ms/step
Epoch 15/110
Validation cm: [[671 127  83 108]
 [403 272  77  91]
 [ 20   7  65  28]
 [ 36  24  57  27]]
Validation val_loss: 0.6212712477320336
Validation normalized_cm: [[0.678 0.128 0.084 0.109]
 [0.478 0.323 0.091 0.108]
 [0.167 0.058 0.542 0.233]
 [0.25  0.167 0.396 0.188]]
Validation acc: 0.4937977099236641
Validation class_accuracies: [0.6784630940343782, 0.32265717674970346, 0.5416666666666666, 0.1875]
Validation sensitivity: 0.3288166214995483
Validation specificity: 0.6784630940343782
Validation icbhi_score: 0.5036398577669633
Validation roc_auc: None
Validation avg_accuracy: 0.43257173436268703
Validation one_indexed_epoch: 15
The validation tracker metric at 0.5604298594384662 hasn't increased by 0 in 5 epochs
Lr has been adjusted to 0.0002500000118743628
There is no such attribute
249/249 - 153s - loss: 0.4037 - accuracy: 0.7811 - 153s/epoch - 615ms/step
Epoch 16/110
Validation cm: [[329 524  38  98]
 [112 664  16  51]
 [ 16  31  37  36]
 [ 10  83  22  29]]
Validation val_loss: 0.5770237218012735
Validation normalized_cm: [[0.333 0.53  0.038 0.099]
 [0.133 0.788 0.019 0.06 ]
 [0.133 0.258 0.308 0.3  ]
 [0.069 0.576 0.153 0.201]]
Validation acc: 0.5052480916030534
Validation class_accuracies: [0.3326592517694641, 0.7876631079478055, 0.30833333333333335, 0.2013888888888889]
Validation sensitivity: 0.6594399277326106
Validation specificity: 0.3326592517694641
Validation icbhi_score: 0.49604958975103736
Validation roc_auc: None
Validation avg_accuracy: 0.40751114548487294
Validation one_indexed_epoch: 16
The validation tracker metric at 0.5604298594384662 hasn't increased by 0 in 6 epochs
There is no such attribute
249/249 - 156s - loss: 0.3970 - accuracy: 0.7707 - 156s/epoch - 626ms/step
Epoch 17/110
Validation cm: [[365 414  50 160]
 [153 555  25 110]
 [ 12  15  38  55]
 [  8  57  36  43]]
Validation val_loss: 0.6060574623855641
Validation normalized_cm: [[0.369 0.419 0.051 0.162]
 [0.181 0.658 0.03  0.13 ]
 [0.1   0.125 0.317 0.458]
 [0.056 0.396 0.25  0.299]]
Validation acc: 0.4775763358778626
Validation class_accuracies: [0.3690596562184024, 0.6583629893238434, 0.31666666666666665, 0.2986111111111111]
Validation sensitivity: 0.5745257452574526
Validation specificity: 0.3690596562184024
Validation icbhi_score: 0.4717927007379275
Validation roc_auc: None
Validation avg_accuracy: 0.41067510583000594
Validation one_indexed_epoch: 17
The validation tracker metric at 0.5604298594384662 hasn't increased by 0 in 7 epochs
There is no such attribute
249/249 - 155s - loss: 0.3842 - accuracy: 0.7876 - 155s/epoch - 622ms/step
Epoch 18/110
Validation cm: [[245 534  37 173]
 [ 96 626  17 104]
 [  9  22  26  63]
 [  7  65  17  55]]
Validation val_loss: 0.6291000507363183
Validation normalized_cm: [[0.248 0.54  0.037 0.175]
 [0.114 0.743 0.02  0.123]
 [0.075 0.183 0.217 0.525]
 [0.049 0.451 0.118 0.382]]
Validation acc: 0.4541984732824427
Validation class_accuracies: [0.24772497472194135, 0.7425860023724793, 0.21666666666666667, 0.3819444444444444]
Validation sensitivity: 0.6386630532971996
Validation specificity: 0.24772497472194135
Validation icbhi_score: 0.4431940140095705
Validation roc_auc: None
Validation avg_accuracy: 0.39723052205138293
Validation one_indexed_epoch: 18
The validation tracker metric at 0.5604298594384662 hasn't increased by 0 in 8 epochs
There is no such attribute
249/249 - 158s - loss: 0.3818 - accuracy: 0.7904 - 158s/epoch - 634ms/step
Epoch 19/110
Validation cm: [[538 260  63 128]
 [308 419  35  81]
 [ 18  12  48  42]
 [ 22  48  35  39]]
Validation val_loss: 0.634097664302414
Validation normalized_cm: [[0.544 0.263 0.064 0.129]
 [0.365 0.497 0.042 0.096]
 [0.15  0.1   0.4   0.35 ]
 [0.153 0.333 0.243 0.271]]
Validation acc: 0.49809160305343514
Validation class_accuracies: [0.5439838220424671, 0.4970344009489917, 0.4, 0.2708333333333333]
Validation sensitivity: 0.45709123757904246
Validation specificity: 0.5439838220424671
Validation icbhi_score: 0.5005375298107548
Validation roc_auc: None
Validation avg_accuracy: 0.427962889081198
Validation one_indexed_epoch: 19
The validation tracker metric at 0.5604298594384662 hasn't increased by 0 in 9 epochs
There is no such attribute
249/249 - 157s - loss: 0.3661 - accuracy: 0.7871 - 157s/epoch - 632ms/step
Epoch 20/110
Validation cm: [[213 636  29 111]
 [ 70 707  11  55]
 [ 12  32  25  51]
 [  5  93   8  38]]
Validation val_loss: 0.57566883622754
Validation normalized_cm: [[0.215 0.643 0.029 0.112]
 [0.083 0.839 0.013 0.065]
 [0.1   0.267 0.208 0.425]
 [0.035 0.646 0.056 0.264]]
Validation acc: 0.4689885496183206
Validation class_accuracies: [0.21536905965621841, 0.8386714116251482, 0.20833333333333334, 0.2638888888888889]
Validation sensitivity: 0.6955736224028907
Validation specificity: 0.21536905965621841
Validation icbhi_score: 0.45547134102955456
Validation roc_auc: None
Validation avg_accuracy: 0.3815656733758972
Validation one_indexed_epoch: 20
The validation tracker metric at 0.5604298594384662 hasn't increased by 0 in 10 epochs
Lr has been adjusted to 0.0001250000059371814
There is no such attribute
249/249 - 162s - loss: 0.3644 - accuracy: 0.7841 - 162s/epoch - 649ms/step
Epoch 21/110
Validation cm: [[162 566  42 219]
 [ 42 604  23 174]
 [  8  26  26  60]
 [  6  64  17  57]]
Validation val_loss: 0.7786569085682188
Validation normalized_cm: [[0.164 0.572 0.042 0.221]
 [0.05  0.716 0.027 0.206]
 [0.067 0.217 0.217 0.5  ]
 [0.042 0.444 0.118 0.396]]
Validation acc: 0.4050572519083969
Validation class_accuracies: [0.16380182002022245, 0.7164887307236062, 0.21666666666666667, 0.3958333333333333]
Validation sensitivity: 0.6205962059620597
Validation specificity: 0.16380182002022245
Validation icbhi_score: 0.39219901299114107
Validation roc_auc: None
Validation avg_accuracy: 0.37319763768595715
Validation one_indexed_epoch: 21
The validation tracker metric at 0.5604298594384662 hasn't increased by 0 in 11 epochs
Mel loss: <tf.Variable 'Variable:0' shape=() dtype=float32, numpy=0.5>
sinc loss: <tf.Variable 'Variable:0' shape=() dtype=float32, numpy=0.5>
There is no such attribute
249/249 - 164s - loss: 0.3548 - accuracy: 0.7939 - 164s/epoch - 660ms/step
Epoch 22/110
Validation cm: [[371 440  33 145]
 [140 612  18  73]
 [ 12  19  28  61]
 [ 13  62  15  54]]
Validation val_loss: 0.6303570354543981
Validation normalized_cm: [[0.375 0.445 0.033 0.147]
 [0.166 0.726 0.021 0.087]
 [0.1   0.158 0.233 0.508]
 [0.09  0.431 0.104 0.375]]
Validation acc: 0.5081106870229007
Validation class_accuracies: [0.3751263902932255, 0.7259786476868327, 0.23333333333333334, 0.375]
Validation sensitivity: 0.6269196025293586
Validation specificity: 0.3751263902932255
Validation icbhi_score: 0.501022996411292
Validation roc_auc: None
Validation avg_accuracy: 0.4273595928283479
Validation one_indexed_epoch: 22
The validation tracker metric at 0.5604298594384662 hasn't increased by 0 in 12 epochs
There is no such attribute
249/249 - 170s - loss: 0.3554 - accuracy: 0.7924 - 170s/epoch - 681ms/step
Epoch 23/110
Validation cm: [[593 249  48  99]
 [332 413  28  70]
 [ 26  14  39  41]
 [ 36  42  39  27]]
Validation val_loss: 0.6003961140700467
Validation normalized_cm: [[0.6   0.252 0.049 0.1  ]
 [0.394 0.49  0.033 0.083]
 [0.217 0.117 0.325 0.342]
 [0.25  0.292 0.271 0.188]]
Validation acc: 0.5114503816793893
Validation class_accuracies: [0.5995955510616785, 0.48991696322657174, 0.325, 0.1875]
Validation sensitivity: 0.4327009936766034
Validation specificity: 0.5995955510616785
Validation icbhi_score: 0.516148272369141
Validation roc_auc: None
Validation avg_accuracy: 0.40050312857206255
Validation one_indexed_epoch: 23
The validation tracker metric at 0.5604298594384662 hasn't increased by 0 in 13 epochs
There is no such attribute
249/249 - 174s - loss: 0.3552 - accuracy: 0.7947 - 174s/epoch - 698ms/step
Epoch 24/110
Validation cm: [[610 236  63  80]
 [355 381  42  65]
 [ 23  11  53  33]
 [ 33  43  34  34]]
Validation val_loss: 0.6030644962674305
Validation normalized_cm: [[0.617 0.239 0.064 0.081]
 [0.421 0.452 0.05  0.077]
 [0.192 0.092 0.442 0.275]
 [0.229 0.299 0.236 0.236]]
Validation acc: 0.5143129770992366
Validation class_accuracies: [0.6167846309403437, 0.45195729537366547, 0.44166666666666665, 0.2361111111111111]
Validation sensitivity: 0.42276422764227645
Validation specificity: 0.6167846309403437
Validation icbhi_score: 0.5197744292913101
Validation roc_auc: None
Validation avg_accuracy: 0.43662992602294676
Validation one_indexed_epoch: 24
The validation tracker metric at 0.5604298594384662 hasn't increased by 0 in 14 epochs
There is no such attribute
249/249 - 172s - loss: 0.3473 - accuracy: 0.7914 - 172s/epoch - 689ms/step
Epoch 25/110
Validation cm: [[636 170  90  93]
 [386 369  41  47]
 [ 25  11  56  28]
 [ 27  47  40  30]]
Validation val_loss: 0.5985107091522086
Validation normalized_cm: [[0.643 0.172 0.091 0.094]
 [0.458 0.438 0.049 0.056]
 [0.208 0.092 0.467 0.233]
 [0.188 0.326 0.278 0.208]]
Validation acc: 0.5205152671755725
Validation class_accuracies: [0.6430738119312437, 0.4377224199288256, 0.4666666666666667, 0.20833333333333334]
Validation sensitivity: 0.4110207768744354
Validation specificity: 0.6430738119312437
Validation icbhi_score: 0.5270472944028395
Validation roc_auc: None
Validation avg_accuracy: 0.4389490579650173
Validation one_indexed_epoch: 25
The number of epochs since last 1% equals the patience
Lr has been adjusted to 6.25000029685907e-05
There is no such attribute
249/249 - 174s - loss: 0.3485 - accuracy: 0.7901 - 174s/epoch - 699ms/step
----------------------------------
The best metrics for this job are: 

Best icbhi_score: 0.5604298594384662
Best cm: [[652 223  56  58]
 [317 442  24  60]
 [ 26  10  48  36]
 [ 38  44  41  21]]
Best val_loss: 0.5161405859394212
Best normalized_cm: [[0.659 0.225 0.057 0.059]
 [0.376 0.524 0.028 0.071]
 [0.217 0.083 0.4   0.3  ]
 [0.264 0.306 0.285 0.146]]
Best acc: 0.5548664122137404
Best class_accuracies: [0.6592517694641051, 0.5243179122182681, 0.4, 0.14583333333333334]
Best sensitivity: 0.46160794941282746
Best specificity: 0.6592517694641051
Best roc_auc: None
Best avg_accuracy: 0.43235075375392656
Best one_indexed_epoch: 10
icbhi_score
model
cm
val_loss
normalized_cm
acc
class_accuracies
sensitivity
specificity
roc_auc
avg_accuracy
one_indexed_epoch
25
25
Initial weights
[]
Post training weights
[]
Weight difference
[]
{'loss': [0.6959866285324097, 0.672094464302063, 0.639488160610199, 0.594038188457489, 0.5536105632781982, 0.5305418968200684, 0.5069940686225891, 0.4840724766254425, 0.4715385437011719, 0.46541687846183777, 0.44755202531814575, 0.4374203383922577, 0.42647862434387207, 0.41564491391181946, 0.40370801091194153, 0.3969793915748596, 0.3842467963695526, 0.38175639510154724, 0.36609768867492676, 0.3643723130226135, 0.35479146242141724, 0.3554016351699829, 0.3551636040210724, 0.34729114174842834, 0.3485322594642639], 'accuracy': [0.49634668231010437, 0.5107079744338989, 0.5915848016738892, 0.6465104818344116, 0.6926177740097046, 0.7218443155288696, 0.741748571395874, 0.7654321193695068, 0.7707231044769287, 0.7608969807624817, 0.7702192068099976, 0.769967257976532, 0.7755101919174194, 0.7742504477500916, 0.7810531854629517, 0.7707231044769287, 0.7876039147377014, 0.7903754115104675, 0.7871000170707703, 0.7840765714645386, 0.7939027547836304, 0.7923910021781921, 0.7946586012840271, 0.7913832068443298, 0.790123462677002]}
End
####################################
Job id is 3.
turning the kfold from 90/10 to 80/20
100
12
to
90
22
-----------------------
--- Final training dataset went from 0 to 4342 elements, with 1949 none's, 1225 crakles, 605 wheezes and 563 both ---
--- Final Validation dataset contains 1723 elements, with 929 none, 609 crackles, 112 wheezes and 73 both ---
GPUs
['/device:GPU:0']
Initializing weights...
weights = {0: 0.5569522832221652, 1: 0.8861224489795918, 2: 1.7942148760330578, 3: 1.9280639431616342}
Model: "sequential_1"
_________________________________________________________________
 Layer (type)                Output Shape              Param #   
=================================================================
 efficientnetb1 (Functional)  (None, 3, 16, 1280)      6575239   
                                                                 
 global_average_pooling2d_1   (None, 1280)             0         
 (GlobalAveragePooling2D)                                        
                                                                 
 dense_3 (Dense)             (None, 100)               128100    
                                                                 
 dropout_2 (Dropout)         (None, 100)               0         
                                                                 
 dense_4 (Dense)             (None, 50)                5050      
                                                                 
 dropout_3 (Dropout)         (None, 50)                0         
                                                                 
 dense_5 (Dense)             (None, 2)                 102       
                                                                 
=================================================================
Total params: 6,708,491
Trainable params: 6,646,436
Non-trainable params: 62,055
_________________________________________________________________
Model: "leaf_model9_model_efnet1_1"
______________________________________________________________________________________________________________
 Layer (type)                                    Output Shape                                Param #          
==============================================================================================================
 mel_filterbanks_2 (MelFilterbanks)              multiple                                    0                
                                                                                                              
 mel_filterbanks_3 (MelFilterbanks)              multiple                                    0 (unused)       
                                                                                                              
 sincnet (SincNet)                               multiple                                    0 (unused)       
                                                                                                              
 sequential_1 (Sequential)                       (None, 2)                                   6708491          
                                                                                                              
==============================================================================================================
Total params: 6,708,653
Trainable params: 6,646,598
Non-trainable params: 62,055
______________________________________________________________________________________________________________
Target metric is icbhi_score
Epoch 1/110
/home/alirachidi/classification_algorithm/trainers/modules/main/global_helpers.py:48: UserWarning: Matplotlib is currently using agg, which is a non-GUI backend, so cannot show the figure.
  plt.show()
WARNING:tensorflow:Gradients do not exist for variables ['kernel:0', 'Variable:0', 'Variable:0'] when minimizing the loss. If you're using `model.compile()`, did you forget to provide a `loss`argument?
WARNING:tensorflow:Gradients do not exist for variables ['kernel:0', 'Variable:0', 'Variable:0'] when minimizing the loss. If you're using `model.compile()`, did you forget to provide a `loss`argument?
WARNING:tensorflow:Gradients do not exist for variables ['kernel:0', 'Variable:0', 'Variable:0'] when minimizing the loss. If you're using `model.compile()`, did you forget to provide a `loss`argument?
WARNING:tensorflow:Gradients do not exist for variables ['kernel:0', 'Variable:0', 'Variable:0'] when minimizing the loss. If you're using `model.compile()`, did you forget to provide a `loss`argument?
Validation cm: [[149 171 143 466]
 [ 75  83  82 369]
 [  9  22  14  67]
 [ 10  13   7  43]]
Validation val_loss: 0.7074401407690153
Validation normalized_cm: [[0.16  0.184 0.154 0.502]
 [0.123 0.136 0.135 0.606]
 [0.08  0.196 0.125 0.598]
 [0.137 0.178 0.096 0.589]]
Validation acc: 0.1677307022634939
Validation class_accuracies: [0.1603875134553283, 0.13628899835796388, 0.125, 0.589041095890411]
Validation sensitivity: 0.17632241813602015
Validation specificity: 0.1603875134553283
Validation icbhi_score: 0.16835496579567422
Validation roc_auc: None
Validation avg_accuracy: 0.2526794019259258
Validation one_indexed_epoch: 1
-- New best results were achieved. --
There is no such attribute
272/272 - 167s - loss: 0.6967 - accuracy: 0.5364 - 167s/epoch - 616ms/step
Epoch 2/110
Validation cm: [[380 150 263 136]
 [291 122 124  72]
 [ 39  28  27  18]
 [ 22  14  23  14]]
Validation val_loss: 0.6795598686052766
Validation normalized_cm: [[0.409 0.161 0.283 0.146]
 [0.478 0.2   0.204 0.118]
 [0.348 0.25  0.241 0.161]
 [0.301 0.192 0.315 0.192]]
Validation acc: 0.3151479976784678
Validation class_accuracies: [0.40904198062432723, 0.20032840722495895, 0.24107142857142858, 0.1917808219178082]
Validation sensitivity: 0.2052896725440806
Validation specificity: 0.40904198062432723
Validation icbhi_score: 0.3071658265842039
Validation roc_auc: None
Validation avg_accuracy: 0.2605556595846308
Validation one_indexed_epoch: 2
-- New best results were achieved. --
There is no such attribute
272/272 - 156s - loss: 0.6781 - accuracy: 0.5219 - 156s/epoch - 572ms/step
Epoch 3/110
Validation cm: [[748 168  11   2]
 [386 213   5   5]
 [ 90  11  11   0]
 [ 53   9   7   4]]
Validation val_loss: 0.5563350634317514
Validation normalized_cm: [[0.805 0.181 0.012 0.002]
 [0.634 0.35  0.008 0.008]
 [0.804 0.098 0.098 0.   ]
 [0.726 0.123 0.096 0.055]]
Validation acc: 0.5664538595473012
Validation class_accuracies: [0.8051668460710442, 0.3497536945812808, 0.09821428571428571, 0.0547945205479452]
Validation sensitivity: 0.2871536523929471
Validation specificity: 0.8051668460710442
Validation icbhi_score: 0.5461602492319957
Validation roc_auc: None
Validation avg_accuracy: 0.32698233672863897
Validation one_indexed_epoch: 3
-- New best results were achieved. --
There is no such attribute
272/272 - 157s - loss: 0.6478 - accuracy: 0.5758 - 157s/epoch - 576ms/step
Epoch 4/110
Validation cm: [[673 104 139  13]
 [374 151  59  25]
 [ 37   4  68   3]
 [ 40   8  24   1]]
Validation val_loss: 0.5930529703806114
Validation normalized_cm: [[0.724 0.112 0.15  0.014]
 [0.614 0.248 0.097 0.041]
 [0.33  0.036 0.607 0.027]
 [0.548 0.11  0.329 0.014]]
Validation acc: 0.518282066163668
Validation class_accuracies: [0.7244348762109796, 0.24794745484400657, 0.6071428571428571, 0.0136986301369863]
Validation sensitivity: 0.2770780856423174
Validation specificity: 0.7244348762109796
Validation icbhi_score: 0.5007564809266485
Validation roc_auc: None
Validation avg_accuracy: 0.39830595458370743
Validation one_indexed_epoch: 4
The validation tracker metric at 0.5461602492319957 hasn't increased by 0 in 1 epochs
There is no such attribute
272/272 - 159s - loss: 0.5889 - accuracy: 0.6294 - 159s/epoch - 583ms/step
Epoch 5/110
Validation cm: [[899   0  30   0]
 [599   0  10   0]
 [ 81   0  31   0]
 [ 61   0  12   0]]
Validation val_loss: 0.5358930849883698
Validation normalized_cm: [[0.968 0.    0.032 0.   ]
 [0.984 0.    0.016 0.   ]
 [0.723 0.    0.277 0.   ]
 [0.836 0.    0.164 0.   ]]
Validation acc: 0.5397562391178178
Validation class_accuracies: [0.9677072120559742, 0.0, 0.2767857142857143, 0.0]
Validation sensitivity: 0.03904282115869018
Validation specificity: 0.9677072120559742
Validation icbhi_score: 0.5033750166073322
Validation roc_auc: None
Validation avg_accuracy: 0.3111232315854221
Validation one_indexed_epoch: 5
The validation tracker metric at 0.5461602492319957 hasn't increased by 0 in 2 epochs
There is no such attribute
272/272 - 142s - loss: 0.5444 - accuracy: 0.6838 - 142s/epoch - 521ms/step
Epoch 6/110
Validation cm: [[831  22  61  15]
 [504  48  36  21]
 [ 31   1  60  20]
 [ 43   4  22   4]]
Validation val_loss: 0.5084813807723969
Validation normalized_cm: [[0.895 0.024 0.066 0.016]
 [0.828 0.079 0.059 0.034]
 [0.277 0.009 0.536 0.179]
 [0.589 0.055 0.301 0.055]]
Validation acc: 0.547301218804411
Validation class_accuracies: [0.8945102260495156, 0.07881773399014778, 0.5357142857142857, 0.0547945205479452]
Validation sensitivity: 0.14105793450881612
Validation specificity: 0.8945102260495156
Validation icbhi_score: 0.5177840802791659
Validation roc_auc: None
Validation avg_accuracy: 0.3909591915754736
Validation one_indexed_epoch: 6
The validation tracker metric at 0.5461602492319957 hasn't increased by 0 in 3 epochs
There is no such attribute
272/272 - 140s - loss: 0.5172 - accuracy: 0.7273 - 140s/epoch - 514ms/step
Epoch 7/110
Validation cm: [[909  17   3   0]
 [599  10   0   0]
 [ 97   4   9   2]
 [ 61   5   3   4]]
Validation val_loss: 0.5594977839821241
Validation normalized_cm: [[0.978 0.018 0.003 0.   ]
 [0.984 0.016 0.    0.   ]
 [0.866 0.036 0.08  0.018]
 [0.836 0.068 0.041 0.055]]
Validation acc: 0.5409170052234474
Validation class_accuracies: [0.9784714747039828, 0.016420361247947456, 0.08035714285714286, 0.0547945205479452]
Validation sensitivity: 0.028967254408060455
Validation specificity: 0.9784714747039828
Validation icbhi_score: 0.5037193645560216
Validation roc_auc: None
Validation avg_accuracy: 0.2825108748392546
Validation one_indexed_epoch: 7
The validation tracker metric at 0.5461602492319957 hasn't increased by 0 in 4 epochs
There is no such attribute
272/272 - 141s - loss: 0.5031 - accuracy: 0.7395 - 141s/epoch - 520ms/step
Epoch 8/110
Validation cm: [[722 141  50  16]
 [362 213  22  12]
 [ 41  12  54   5]
 [ 45   7  15   6]]
Validation val_loss: 0.479609272837881
Validation normalized_cm: [[0.777 0.152 0.054 0.017]
