Tensorflow Version: 2.8.0
Num GPUs Available:  1
Collecting Variables...
All variables have been collected.
../cache/
cw
train189
Description:  effnet: kfold, mel, no normalizing, 1 optimizer w adaptive lr, overlap threshold = 0.3,
-----------------------
training parameters
[('cache_root', '../cache/'), ('data_root', '../data/'), ('jordan_root', '../data/jwyy9np4gv-3/'), ('icbhi_root', '../data/raw_audios/icbhi_preprocessed_v2_cleaned_8000/'), ('bd_root', '../data/PCV_SEGMENTED_Processed_Files/'), ('excel_path', '../data/Bangladesh_PCV_onlyStudyPatients.xlsx'), ('perch_root', '../data/raw_audios/perch_8000_10seconds'), ('ant_root', '../data/raw_audios/Antwerp_Clinical_Complete'), ('description', ' effnet: kfold, mel, no normalizing, 1 optimizer w adaptive lr, overlap threshold = 0.3,'), ('job_id', 0), ('mode', 'cw'), ('n_classes', 2), ('shape', (80, 500, 3)), ('n_epochs', 110), ('lr', 0.005), ('batch_size', 16), ('ll2_reg', 0), ('weight_decay', 0.01), ('label_smoothing', 0), ('epsilon', 1e-07), ('es_patience', 20), ('min_delta', 0), ('train_test_ratio', 0.8), ('kfold', False), ('clause', 0), ('epoch_start', 0), ('testing', 0), ('adaptive_lr', True), ('cuberooting', 1), ('normalizing', 1), ('class_weights', True), ('early_stopping', True), ('initial_channels', 1), ('factor', 0.5), ('lr_patience', 10), ('min_lr', 1e-05), ('sr', 4000), ('audio_length', 5), ('step_size', 2.5), ('n_fft', 1024), ('hop_length', 254), ('n_mels', 128), ('overlap_threshold', 0.3), ('trainable_fb', False), ('to_decibel', True), ('train_nn', False), ('train_mel', False), ('file_dir', '../cache/cw/train189'), ('n_sequences', 9), ('activate_spectral_loss', False), ('normalize', False), ('stacking', False), ('oversample', False), ('one_hot_encoding', False), ('activation', 'sigmoid'), ('n_filters', 80)]
Job id is 1.
Job dir: ../cache/cw/train189/1
- Loading Icbhi.
725 Icbhi audios have been loaded.
- Preparing Icbhi.
112 Icbhi groups of audio chunks (by filename or patients) have been prepared.
--- Samples are being split into training/val groups and de-grouped by patient ---
Job id is 2.
turning the kfold from 90/10 to 80/20
100
12
to
90
22
-----------------------
--- Final training dataset went from 0 to 3969 elements, with 1889 none's, 991 crakles, 597 wheezes and 492 both ---
--- Final Validation dataset contains 2096 elements, with 989 none, 843 crackles, 120 wheezes and 144 both ---
GPUs
['/device:GPU:0']
Initializing weights...
weights = {0: 0.5252779248279513, 1: 1.0012613521695257, 2: 1.6620603015075377, 3: 2.0167682926829267}
Model: "sequential"
_________________________________________________________________
 Layer (type)                Output Shape              Param #   
=================================================================
 resnet50 (Functional)       (None, 3, 16, 2048)       23587712  
                                                                 
 reshape (Reshape)           (None, 16, 6144)          0         
                                                                 
 bidirectional (Bidirectiona  (None, 16, 128)          3179008   
 l)                                                              
                                                                 
 dropout (Dropout)           (None, 16, 128)           0         
                                                                 
 bidirectional_1 (Bidirectio  (None, 16, 128)          98816     
 nal)                                                            
                                                                 
 dropout_1 (Dropout)         (None, 16, 128)           0         
                                                                 
 dense (Dense)               (None, 16, 100)           12900     
                                                                 
 dropout_2 (Dropout)         (None, 16, 100)           0         
                                                                 
 flatten (Flatten)           (None, 1600)              0         
                                                                 
 dense_1 (Dense)             (None, 2)                 3202      
                                                                 
 dense_2 (Dense)             (None, 2)                 6         
                                                                 
=================================================================
Total params: 26,881,644
Trainable params: 26,828,524
Non-trainable params: 53,120
_________________________________________________________________
Model: "leaf_model9_model_efnet1"
______________________________________________________________________________________________________________
 Layer (type)                                    Output Shape                                Param #          
==============================================================================================================
 mel_filterbanks (MelFilterbanks)                multiple                                    0                
                                                                                                              
 mel_filterbanks_1 (MelFilterbanks)              multiple                                    0 (unused)       
                                                                                                              
 sincnet (SincNet)                               multiple                                    0 (unused)       
                                                                                                              
 sequential (Sequential)                         (None, 2)                                   26881644         
                                                                                                              
==============================================================================================================
Total params: 26,881,806
Trainable params: 3,294,094
Non-trainable params: 23,587,712
______________________________________________________________________________________________________________
Target metric is icbhi_score
Epoch 1/110
WARNING:tensorflow:Gradients do not exist for variables ['kernel:0', 'Variable:0', 'Variable:0'] when minimizing the loss. If you're using `model.compile()`, did you forget to provide a `loss`argument?
WARNING:tensorflow:Gradients do not exist for variables ['kernel:0', 'Variable:0', 'Variable:0'] when minimizing the loss. If you're using `model.compile()`, did you forget to provide a `loss`argument?
WARNING:tensorflow:Gradients do not exist for variables ['kernel:0', 'Variable:0', 'Variable:0'] when minimizing the loss. If you're using `model.compile()`, did you forget to provide a `loss`argument?
WARNING:tensorflow:Gradients do not exist for variables ['kernel:0', 'Variable:0', 'Variable:0'] when minimizing the loss. If you're using `model.compile()`, did you forget to provide a `loss`argument?
Validation cm: [[  0 623 293  73]
 [  0 701 100  42]
 [  0  87  26   7]
 [  0 131   9   4]]
Validation val_loss: 0.6914470883669289
Validation normalized_cm: [[0.    0.63  0.296 0.074]
 [0.    0.832 0.119 0.05 ]
 [0.    0.725 0.217 0.058]
 [0.    0.91  0.062 0.028]]
Validation acc: 0.3487595419847328
Validation class_accuracies: [0.0, 0.8315539739027283, 0.21666666666666667, 0.027777777777777776]
Validation sensitivity: 0.6603432700993677
Validation specificity: 0.0
Validation icbhi_score: 0.33017163504968383
Validation roc_auc: None
Validation avg_accuracy: 0.2689996045867932
Validation one_indexed_epoch: 1
-- New best results were achieved. --
There is no such attribute
249/249 - 161s - loss: 0.6951 - accuracy: 0.3353 - 161s/epoch - 645ms/step
Epoch 2/110
Validation cm: [[  0 528 377  84]
 [  0 588 198  57]
 [  0  48  62  10]
 [  0  77  50  17]]
Validation val_loss: 0.7037220260000411
Validation normalized_cm: [[0.    0.534 0.381 0.085]
 [0.    0.698 0.235 0.068]
 [0.    0.4   0.517 0.083]
 [0.    0.535 0.347 0.118]]
Validation acc: 0.31822519083969464
Validation class_accuracies: [0.0, 0.697508896797153, 0.5166666666666667, 0.11805555555555555]
Validation sensitivity: 0.6025293586269196
Validation specificity: 0.0
Validation icbhi_score: 0.3012646793134598
Validation roc_auc: None
Validation avg_accuracy: 0.3330577797548438
Validation one_indexed_epoch: 2
The validation tracker metric at 0.33017163504968383 hasn't increased by 0 in 1 epochs
There is no such attribute
249/249 - 147s - loss: 0.6808 - accuracy: 0.4976 - 147s/epoch - 589ms/step
Epoch 3/110
Validation cm: [[  8 271 699  11]
 [  9 414 410  10]
 [  1  18  99   2]
 [  3  49  92   0]]
Validation val_loss: 0.7594629164131088
Validation normalized_cm: [[0.008 0.274 0.707 0.011]
 [0.011 0.491 0.486 0.012]
 [0.008 0.15  0.825 0.017]
 [0.021 0.34  0.639 0.   ]]
Validation acc: 0.24856870229007633
Validation class_accuracies: [0.008088978766430738, 0.49110320284697506, 0.825, 0.0]
Validation sensitivity: 0.4634146341463415
Validation specificity: 0.008088978766430738
Validation icbhi_score: 0.2357518064563861
Validation roc_auc: None
Validation avg_accuracy: 0.3310480454033514
Validation one_indexed_epoch: 3
The validation tracker metric at 0.33017163504968383 hasn't increased by 0 in 2 epochs
There is no such attribute
249/249 - 146s - loss: 0.6590 - accuracy: 0.6498 - 146s/epoch - 587ms/step
Epoch 4/110
Validation cm: [[ 75 289 594  31]
 [ 35 443 350  15]
 [  2  17  99   2]
 [  5  43  95   1]]
Validation val_loss: 0.750664219672557
Validation normalized_cm: [[0.076 0.292 0.601 0.031]
 [0.042 0.526 0.415 0.018]
 [0.017 0.142 0.825 0.017]
 [0.035 0.299 0.66  0.007]]
Validation acc: 0.2948473282442748
Validation class_accuracies: [0.07583417593528817, 0.5255041518386714, 0.825, 0.006944444444444444]
Validation sensitivity: 0.4905149051490515
Validation specificity: 0.07583417593528817
Validation icbhi_score: 0.28317454054216984
Validation roc_auc: None
Validation avg_accuracy: 0.35832069305460096
Validation one_indexed_epoch: 4
The validation tracker metric at 0.33017163504968383 hasn't increased by 0 in 3 epochs
There is no such attribute
249/249 - 147s - loss: 0.6440 - accuracy: 0.6709 - 147s/epoch - 591ms/step
Epoch 5/110
Validation cm: [[109 397 427  56]
 [ 55 511 258  19]
 [  5  24  89   2]
 [ 13  59  72   0]]
Validation val_loss: 0.7093883802446018
Validation normalized_cm: [[0.11  0.401 0.432 0.057]
 [0.065 0.606 0.306 0.023]
 [0.042 0.2   0.742 0.017]
 [0.09  0.41  0.5   0.   ]]
Validation acc: 0.33826335877862596
Validation class_accuracies: [0.1102123356926188, 0.6061684460260973, 0.7416666666666667, 0.0]
Validation sensitivity: 0.5420054200542005
Validation specificity: 0.1102123356926188
Validation icbhi_score: 0.32610887787340964
Validation roc_auc: None
Validation avg_accuracy: 0.3645118620963457
Validation one_indexed_epoch: 5
The validation tracker metric at 0.33017163504968383 hasn't increased by 0 in 4 epochs
There is no such attribute
249/249 - 147s - loss: 0.6310 - accuracy: 0.6825 - 147s/epoch - 590ms/step
Epoch 6/110
Validation cm: [[159 333 494   3]
 [111 452 277   3]
 [ 11  19  90   0]
 [ 16  43  85   0]]
Validation val_loss: 0.7290423997457474
Validation normalized_cm: [[0.161 0.337 0.499 0.003]
 [0.132 0.536 0.329 0.004]
 [0.092 0.158 0.75  0.   ]
 [0.111 0.299 0.59  0.   ]]
Validation acc: 0.3344465648854962
Validation class_accuracies: [0.16076845298281092, 0.5361803084223014, 0.75, 0.0]
Validation sensitivity: 0.4896115627822945
Validation specificity: 0.16076845298281092
Validation icbhi_score: 0.3251900078825527
Validation roc_auc: None
Validation avg_accuracy: 0.36173719035127805
Validation one_indexed_epoch: 6
The validation tracker metric at 0.33017163504968383 hasn't increased by 0 in 5 epochs
There is no such attribute
249/249 - 148s - loss: 0.6069 - accuracy: 0.7229 - 148s/epoch - 593ms/step
Epoch 7/110
Validation cm: [[120 699 117  53]
 [ 53 711  61  18]
 [ 11  55  49   5]
 [ 24 104  16   0]]
Validation val_loss: 0.6116675254782192
Validation normalized_cm: [[0.121 0.707 0.118 0.054]
 [0.063 0.843 0.072 0.021]
 [0.092 0.458 0.408 0.042]
 [0.167 0.722 0.111 0.   ]]
Validation acc: 0.4198473282442748
Validation class_accuracies: [0.12133468149646107, 0.8434163701067615, 0.4083333333333333, 0.0]
Validation sensitivity: 0.6865401987353207
Validation specificity: 0.12133468149646107
Validation icbhi_score: 0.4039374401158909
Validation roc_auc: None
Validation avg_accuracy: 0.343271096234139
Validation one_indexed_epoch: 7
-- New best results were achieved. --
There is no such attribute
249/249 - 148s - loss: 0.6115 - accuracy: 0.6911 - 148s/epoch - 595ms/step
Epoch 8/110
Validation cm: [[173 536 163 117]
 [ 56 638  83  66]
 [  8  40  56  16]
 [ 13  89  35   7]]
Validation val_loss: 0.6444834387285336
Validation normalized_cm: [[0.175 0.542 0.165 0.118]
 [0.066 0.757 0.098 0.078]
 [0.067 0.333 0.467 0.133]
 [0.09  0.618 0.243 0.049]]
Validation acc: 0.4169847328244275
Validation class_accuracies: [0.17492416582406473, 0.7568208778173191, 0.4666666666666667, 0.04861111111111111]
Validation sensitivity: 0.6332429990966576
Validation specificity: 0.17492416582406473
Validation icbhi_score: 0.40408358246036113
Validation roc_auc: None
Validation avg_accuracy: 0.3617557053547904
Validation one_indexed_epoch: 8
-- New best results were achieved. --
There is no such attribute
249/249 - 147s - loss: 0.5926 - accuracy: 0.7223 - 147s/epoch - 590ms/step
Epoch 9/110
Validation cm: [[ 75 494 240 180]
 [ 14 491 144 194]
 [  2  31  45  42]
 [  4  51  58  31]]
Validation val_loss: 0.7212887650768038
Validation normalized_cm: [[0.076 0.499 0.243 0.182]
 [0.017 0.582 0.171 0.23 ]
 [0.017 0.258 0.375 0.35 ]
 [0.028 0.354 0.403 0.215]]
Validation acc: 0.3062977099236641
Validation class_accuracies: [0.07583417593528817, 0.5824436536180309, 0.375, 0.2152777777777778]
Validation sensitivity: 0.5121951219512195
Validation specificity: 0.07583417593528817
Validation icbhi_score: 0.29401464894325385
Validation roc_auc: None
Validation avg_accuracy: 0.31213890183277415
Validation one_indexed_epoch: 9
The validation tracker metric at 0.40408358246036113 hasn't increased by 0 in 1 epochs
There is no such attribute
249/249 - 147s - loss: 0.5771 - accuracy: 0.7213 - 147s/epoch - 590ms/step
Epoch 10/110
Validation cm: [[231 493 248  17]
 [108 558 156  21]
 [ 15  36  67   2]
 [ 22  71  51   0]]
Validation val_loss: 0.6431643389563524
Validation normalized_cm: [[0.234 0.498 0.251 0.017]
 [0.128 0.662 0.185 0.025]
 [0.125 0.3   0.558 0.017]
 [0.153 0.493 0.354 0.   ]]
Validation acc: 0.4083969465648855
Validation class_accuracies: [0.23356926188068755, 0.6619217081850534, 0.5583333333333333, 0.0]
Validation sensitivity: 0.5645889792231256
Validation specificity: 0.23356926188068755
Validation icbhi_score: 0.39907912055190653
Validation roc_auc: None
Validation avg_accuracy: 0.3634560758497686
Validation one_indexed_epoch: 10
The validation tracker metric at 0.40408358246036113 hasn't increased by 0 in 2 epochs
There is no such attribute
249/249 - 149s - loss: 0.5631 - accuracy: 0.7294 - 149s/epoch - 600ms/step
Epoch 11/110
Validation cm: [[137 700  90  62]
 [ 50 698  36  59]
 [  8  56  37  19]
 [ 14  93  23  14]]
Validation val_loss: 0.5888353674636997
Validation normalized_cm: [[0.139 0.708 0.091 0.063]
 [0.059 0.828 0.043 0.07 ]
 [0.067 0.467 0.308 0.158]
 [0.097 0.646 0.16  0.097]]
Validation acc: 0.42270992366412213
Validation class_accuracies: [0.1385237613751264, 0.8279952550415184, 0.30833333333333335, 0.09722222222222222]
Validation sensitivity: 0.6766034327009937
Validation specificity: 0.1385237613751264
Validation icbhi_score: 0.40756359703806
Validation roc_auc: None
Validation avg_accuracy: 0.3430186429930501
Validation one_indexed_epoch: 11
-- New best results were achieved. --
Mel loss: <tf.Variable 'Variable:0' shape=() dtype=float32, numpy=0.5>
sinc loss: <tf.Variable 'Variable:0' shape=() dtype=float32, numpy=0.5>
There is no such attribute
249/249 - 144s - loss: 0.5645 - accuracy: 0.7103 - 144s/epoch - 578ms/step
Epoch 12/110
Validation cm: [[312 504 126  47]
 [119 614  61  49]
 [ 28  34  45  13]
 [ 35  69  35   5]]
Validation val_loss: 0.5975231721656014
Validation normalized_cm: [[0.315 0.51  0.127 0.048]
 [0.141 0.728 0.072 0.058]
 [0.233 0.283 0.375 0.108]
 [0.243 0.479 0.243 0.035]]
Validation acc: 0.46564885496183206
Validation class_accuracies: [0.3154701718907988, 0.7283511269276394, 0.375, 0.034722222222222224]
Validation sensitivity: 0.5998193315266486
Validation specificity: 0.3154701718907988
Validation icbhi_score: 0.45764475170872365
Validation roc_auc: None
Validation avg_accuracy: 0.3633858802601651
Validation one_indexed_epoch: 12
-- New best results were achieved. --
There is no such attribute
249/249 - 150s - loss: 0.5503 - accuracy: 0.7130 - 150s/epoch - 601ms/step
Epoch 13/110
Validation cm: [[184 583 121 101]
 [ 60 690  40  53]
 [  9  50  35  26]
 [ 14 103  18   9]]
Validation val_loss: 0.6047089349848168
Validation normalized_cm: [[0.186 0.589 0.122 0.102]
 [0.071 0.819 0.047 0.063]
 [0.075 0.417 0.292 0.217]
 [0.097 0.715 0.125 0.062]]
Validation acc: 0.43797709923664124
Validation class_accuracies: [0.18604651162790697, 0.8185053380782918, 0.2916666666666667, 0.0625]
Validation sensitivity: 0.6630532971996387
Validation specificity: 0.18604651162790697
Validation icbhi_score: 0.4245499044137728
Validation roc_auc: None
Validation avg_accuracy: 0.3396796290932164
Validation one_indexed_epoch: 13
The validation tracker metric at 0.45764475170872365 hasn't increased by 0 in 1 epochs
There is no such attribute
249/249 - 172s - loss: 0.5412 - accuracy: 0.7171 - 172s/epoch - 691ms/step
Epoch 14/110
Validation cm: [[236 638  56  59]
 [ 94 697  22  30]
 [ 21  51  36  12]
 [ 29  92  13  10]]
Validation val_loss: 0.5674046990781567
Validation normalized_cm: [[0.239 0.645 0.057 0.06 ]
 [0.112 0.827 0.026 0.036]
 [0.175 0.425 0.3   0.1  ]
 [0.201 0.639 0.09  0.069]]
Validation acc: 0.46708015267175573
Validation class_accuracies: [0.23862487360970677, 0.8268090154211151, 0.3, 0.06944444444444445]
Validation sensitivity: 0.6711833785004516
Validation specificity: 0.23862487360970677
Validation icbhi_score: 0.4549041260550792
Validation roc_auc: None
Validation avg_accuracy: 0.3587195833688166
Validation one_indexed_epoch: 14
The validation tracker metric at 0.45764475170872365 hasn't increased by 0 in 2 epochs
There is no such attribute
249/249 - 150s - loss: 0.5364 - accuracy: 0.7218 - 150s/epoch - 601ms/step
Epoch 15/110
Validation cm: [[135 627  76 151]
 [ 25 678  25 115]
 [  4  59  22  35]
 [  6 105  11  22]]
Validation val_loss: 0.6247711677729856
Validation normalized_cm: [[0.137 0.634 0.077 0.153]
 [0.03  0.804 0.03  0.136]
 [0.033 0.492 0.183 0.292]
 [0.042 0.729 0.076 0.153]]
Validation acc: 0.4088740458015267
Validation class_accuracies: [0.1365015166835187, 0.8042704626334519, 0.18333333333333332, 0.1527777777777778]
Validation sensitivity: 0.6522131887985546
Validation specificity: 0.1365015166835187
Validation icbhi_score: 0.39435735274103667
Validation roc_auc: None
Validation avg_accuracy: 0.3192207726070204
Validation one_indexed_epoch: 15
The validation tracker metric at 0.45764475170872365 hasn't increased by 0 in 3 epochs
There is no such attribute
249/249 - 147s - loss: 0.5203 - accuracy: 0.7302 - 147s/epoch - 590ms/step
Epoch 16/110
Validation cm: [[147 767  15  60]
 [ 68 754   9  12]
 [  6  93  11  10]
 [ 19 113   8   4]]
Validation val_loss: 0.5652511842150725
Validation normalized_cm: [[0.149 0.776 0.015 0.061]
 [0.081 0.894 0.011 0.014]
 [0.05  0.775 0.092 0.083]
 [0.132 0.785 0.056 0.028]]
Validation acc: 0.43702290076335876
Validation class_accuracies: [0.1486349848331648, 0.8944246737841044, 0.09166666666666666, 0.027777777777777776]
Validation sensitivity: 0.6946702800361337
Validation specificity: 0.1486349848331648
Validation icbhi_score: 0.4216526324346493
Validation roc_auc: None
Validation avg_accuracy: 0.29062602576542834
Validation one_indexed_epoch: 16
The validation tracker metric at 0.45764475170872365 hasn't increased by 0 in 4 epochs
There is no such attribute
249/249 - 150s - loss: 0.5099 - accuracy: 0.7299 - 150s/epoch - 601ms/step
Epoch 17/110
Validation cm: [[353 339 246  51]
 [153 444 182  64]
 [ 15  24  71  10]
 [ 26  40  67  11]]
Validation val_loss: 0.6812367511429746
Validation normalized_cm: [[0.357 0.343 0.249 0.052]
 [0.181 0.527 0.216 0.076]
 [0.125 0.2   0.592 0.083]
 [0.181 0.278 0.465 0.076]]
Validation acc: 0.4193702290076336
Validation class_accuracies: [0.3569261880687563, 0.5266903914590747, 0.5916666666666667, 0.0763888888888889]
Validation sensitivity: 0.4751580849141825
Validation specificity: 0.3569261880687563
Validation icbhi_score: 0.41604213649146937
Validation roc_auc: None
Validation avg_accuracy: 0.38791803377084666
Validation one_indexed_epoch: 17
The validation tracker metric at 0.45764475170872365 hasn't increased by 0 in 5 epochs
There is no such attribute
249/249 - 157s - loss: 0.5080 - accuracy: 0.7271 - 157s/epoch - 630ms/step
Epoch 18/110
Validation cm: [[261 369 231 128]
 [ 80 426 116 221]
 [ 11  29  60  20]
 [  8  46  51  39]]
Validation val_loss: 0.7211302017992121
Validation normalized_cm: [[0.264 0.373 0.234 0.129]
 [0.095 0.505 0.138 0.262]
 [0.092 0.242 0.5   0.167]
 [0.056 0.319 0.354 0.271]]
Validation acc: 0.375
Validation class_accuracies: [0.2639029322548028, 0.505338078291815, 0.5, 0.2708333333333333]
Validation sensitivity: 0.4742547425474255
Validation specificity: 0.2639029322548028
Validation icbhi_score: 0.36907883740111413
Validation roc_auc: None
Validation avg_accuracy: 0.3850185859699878
Validation one_indexed_epoch: 18
The validation tracker metric at 0.45764475170872365 hasn't increased by 0 in 6 epochs
There is no such attribute
249/249 - 165s - loss: 0.4908 - accuracy: 0.7244 - 165s/epoch - 662ms/step
Epoch 19/110
Validation cm: [[ 96 761  24 108]
 [ 21 731  17  74]
 [  9  74  11  26]
 [ 14 102  11  17]]
Validation val_loss: 0.5880820003999326
Validation normalized_cm: [[0.097 0.769 0.024 0.109]
 [0.025 0.867 0.02  0.088]
 [0.075 0.617 0.092 0.217]
 [0.097 0.708 0.076 0.118]]
Validation acc: 0.40791984732824427
Validation class_accuracies: [0.09706774519716886, 0.867141162514828, 0.09166666666666666, 0.11805555555555555]
Validation sensitivity: 0.6856368563685636
Validation specificity: 0.09706774519716886
Validation icbhi_score: 0.39135230078286626
Validation roc_auc: None
Validation avg_accuracy: 0.29348278248355475
Validation one_indexed_epoch: 19
The validation tracker metric at 0.45764475170872365 hasn't increased by 0 in 7 epochs
There is no such attribute
249/249 - 165s - loss: 0.5048 - accuracy: 0.7118 - 165s/epoch - 663ms/step
Epoch 20/110
Validation cm: [[133 698  38 120]
 [ 16 735  13  79]
 [  4  70  17  29]
 [  7 117   8  12]]
Validation val_loss: 0.6016791815521153
Validation normalized_cm: [[0.134 0.706 0.038 0.121]
 [0.019 0.872 0.015 0.094]
 [0.033 0.583 0.142 0.242]
 [0.049 0.812 0.056 0.083]]
Validation acc: 0.4279580152671756
Validation class_accuracies: [0.134479271991911, 0.8718861209964412, 0.14166666666666666, 0.08333333333333333]
Validation sensitivity: 0.6901535682023487
Validation specificity: 0.134479271991911
Validation icbhi_score: 0.4123164200971299
Validation roc_auc: None
Validation avg_accuracy: 0.30784134824708803
Validation one_indexed_epoch: 20
The validation tracker metric at 0.45764475170872365 hasn't increased by 0 in 8 epochs
There is no such attribute
249/249 - 163s - loss: 0.4888 - accuracy: 0.7176 - 163s/epoch - 656ms/step
Epoch 21/110
Validation cm: [[199 653  48  89]
 [ 42 705  30  66]
 [ 11  64  25  20]
 [ 18  93  23  10]]
Validation val_loss: 0.5812676022298463
Validation normalized_cm: [[0.201 0.66  0.049 0.09 ]
 [0.05  0.836 0.036 0.078]
 [0.092 0.533 0.208 0.167]
 [0.125 0.646 0.16  0.069]]
Validation acc: 0.44799618320610685
Validation class_accuracies: [0.2012133468149646, 0.8362989323843416, 0.20833333333333334, 0.06944444444444445]
Validation sensitivity: 0.6684733514001807
Validation specificity: 0.2012133468149646
Validation icbhi_score: 0.43484334910757266
Validation roc_auc: None
Validation avg_accuracy: 0.328822514244271
Validation one_indexed_epoch: 21
The validation tracker metric at 0.45764475170872365 hasn't increased by 0 in 9 epochs
Mel loss: <tf.Variable 'Variable:0' shape=() dtype=float32, numpy=0.5>
sinc loss: <tf.Variable 'Variable:0' shape=() dtype=float32, numpy=0.5>
There is no such attribute
249/249 - 165s - loss: 0.4759 - accuracy: 0.7203 - 165s/epoch - 661ms/step
Epoch 22/110
Validation cm: [[231 440  78 240]
 [ 72 538  17 216]
 [ 13  33   8  66]
 [ 12  69  15  48]]
Validation val_loss: 0.6792585431946484
Validation normalized_cm: [[0.234 0.445 0.079 0.243]
 [0.085 0.638 0.02  0.256]
 [0.108 0.275 0.067 0.55 ]
 [0.083 0.479 0.104 0.333]]
Validation acc: 0.39360687022900764
Validation class_accuracies: [0.23356926188068755, 0.638196915776987, 0.06666666666666667, 0.3333333333333333]
Validation sensitivity: 0.5365853658536586
Validation specificity: 0.23356926188068755
Validation icbhi_score: 0.38507731386717303
Validation roc_auc: None
Validation avg_accuracy: 0.31794154441441863
Validation one_indexed_epoch: 22
The validation tracker metric at 0.45764475170872365 hasn't increased by 0 in 10 epochs
Lr has been adjusted to 0.0024999999441206455
There is no such attribute
249/249 - 158s - loss: 0.4718 - accuracy: 0.7148 - 158s/epoch - 634ms/step
Epoch 23/110
Validation cm: [[463 298 171  57]
 [226 426 111  80]
 [ 31  22  63   4]
 [ 41  48  51   4]]
Validation val_loss: 0.6584894825626193
Validation normalized_cm: [[0.468 0.301 0.173 0.058]
 [0.268 0.505 0.132 0.095]
 [0.258 0.183 0.525 0.033]
 [0.285 0.333 0.354 0.028]]
Validation acc: 0.45610687022900764
Validation class_accuracies: [0.46814964610717896, 0.505338078291815, 0.525, 0.027777777777777776]
Validation sensitivity: 0.44534778681120146
Validation specificity: 0.46814964610717896
Validation icbhi_score: 0.45674871645919024
Validation roc_auc: None
Validation avg_accuracy: 0.3815663755441929
Validation one_indexed_epoch: 23
The validation tracker metric at 0.45764475170872365 hasn't increased by 0 in 11 epochs
There is no such attribute
249/249 - 161s - loss: 0.4438 - accuracy: 0.7264 - 161s/epoch - 647ms/step
Epoch 24/110
Validation cm: [[302 352 168 167]
 [ 95 463  79 206]
 [ 15  25  44  36]
 [ 17  55  37  35]]
Validation val_loss: 0.7041918490835615
Validation normalized_cm: [[0.305 0.356 0.17  0.169]
 [0.113 0.549 0.094 0.244]
 [0.125 0.208 0.367 0.3  ]
 [0.118 0.382 0.257 0.243]]
Validation acc: 0.4026717557251908
Validation class_accuracies: [0.30535894843276035, 0.5492289442467378, 0.36666666666666664, 0.24305555555555555]
Validation sensitivity: 0.4896115627822945
Validation specificity: 0.30535894843276035
Validation icbhi_score: 0.39748525560752745
Validation roc_auc: None
Validation avg_accuracy: 0.3660775287254301
Validation one_indexed_epoch: 24
The validation tracker metric at 0.45764475170872365 hasn't increased by 0 in 12 epochs
There is no such attribute
249/249 - 165s - loss: 0.4221 - accuracy: 0.7251 - 165s/epoch - 664ms/step
Epoch 25/110
Validation cm: [[308 415 157 109]
 [140 544  65  94]
 [ 29  31  47  13]
 [ 29  64  39  12]]
Validation val_loss: 0.6630894731701785
Validation normalized_cm: [[0.311 0.42  0.159 0.11 ]
 [0.166 0.645 0.077 0.112]
 [0.242 0.258 0.392 0.108]
 [0.201 0.444 0.271 0.083]]
Validation acc: 0.43463740458015265
Validation class_accuracies: [0.3114256825075834, 0.6453143534994069, 0.39166666666666666, 0.08333333333333333]
Validation sensitivity: 0.5447154471544715
Validation specificity: 0.3114256825075834
Validation icbhi_score: 0.42807056483102746
Validation roc_auc: None
Validation avg_accuracy: 0.3579350090017476
Validation one_indexed_epoch: 25
The validation tracker metric at 0.45764475170872365 hasn't increased by 0 in 13 epochs
There is no such attribute
249/249 - 153s - loss: 0.4091 - accuracy: 0.7158 - 153s/epoch - 616ms/step
Epoch 26/110
Validation cm: [[228 547  95 119]
 [ 70 614  41 118]
 [ 13  48  34  25]
 [ 11  89  25  19]]
Validation val_loss: 0.6417213928892868
Validation normalized_cm: [[0.231 0.553 0.096 0.12 ]
 [0.083 0.728 0.049 0.14 ]
 [0.108 0.4   0.283 0.208]
 [0.076 0.618 0.174 0.132]]
Validation acc: 0.42700381679389315
Validation class_accuracies: [0.23053589484327602, 0.7283511269276394, 0.2833333333333333, 0.13194444444444445]
Validation sensitivity: 0.6025293586269196
Validation specificity: 0.23053589484327602
Validation icbhi_score: 0.41653262673509783
Validation roc_auc: None
Validation avg_accuracy: 0.3435411998871733
Validation one_indexed_epoch: 26
The validation tracker metric at 0.45764475170872365 hasn't increased by 0 in 14 epochs
There is no such attribute
249/249 - 150s - loss: 0.3948 - accuracy: 0.7193 - 150s/epoch - 602ms/step
Epoch 27/110
Validation cm: [[360 424 111  94]
 [140 549  63  91]
 [ 24  29  53  14]
 [ 21  70  39  14]]
Validation val_loss: 0.6336381074595656
Validation normalized_cm: [[0.364 0.429 0.112 0.095]
 [0.166 0.651 0.075 0.108]
 [0.2   0.242 0.442 0.117]
 [0.146 0.486 0.271 0.097]]
Validation acc: 0.46564885496183206
Validation class_accuracies: [0.3640040444893832, 0.6512455516014235, 0.44166666666666665, 0.09722222222222222]
Validation sensitivity: 0.5564588979223125
Validation specificity: 0.3640040444893832
Validation icbhi_score: 0.46023147120584784
Validation roc_auc: None
Validation avg_accuracy: 0.38853462124492394
Validation one_indexed_epoch: 27
-- New best results were achieved. --
There is no such attribute
249/249 - 152s - loss: 0.3993 - accuracy: 0.7148 - 152s/epoch - 611ms/step
Epoch 28/110
Validation cm: [[313 577  31  68]
 [ 83 699  16  45]
 [ 24  62  14  20]
 [ 16 107   5  16]]
Validation val_loss: 0.5740526137333221
Validation normalized_cm: [[0.316 0.583 0.031 0.069]
 [0.098 0.829 0.019 0.053]
 [0.2   0.517 0.117 0.167]
 [0.111 0.743 0.035 0.111]]
Validation acc: 0.49713740458015265
Validation class_accuracies: [0.31648129423660265, 0.8291814946619217, 0.11666666666666667, 0.1111111111111111]
Validation sensitivity: 0.6585365853658537
Validation specificity: 0.31648129423660265
Validation icbhi_score: 0.48750893980122817
Validation roc_auc: None
Validation avg_accuracy: 0.3433601416690756
Validation one_indexed_epoch: 28
-- New best results were achieved. --
There is no such attribute
249/249 - 151s - loss: 0.3722 - accuracy: 0.7087 - 151s/epoch - 607ms/step
Epoch 29/110
Validation cm: [[412 438  61  78]
 [149 589  42  63]
 [ 28  45  35  12]
 [ 22  81  23  18]]
Validation val_loss: 0.5998392745653409
Validation normalized_cm: [[0.417 0.443 0.062 0.079]
 [0.177 0.699 0.05  0.075]
 [0.233 0.375 0.292 0.1  ]
 [0.153 0.562 0.16  0.125]]
Validation acc: 0.5028625954198473
Validation class_accuracies: [0.416582406471183, 0.6986951364175563, 0.2916666666666667, 0.125]
Validation sensitivity: 0.5799457994579946
Validation specificity: 0.416582406471183
Validation icbhi_score: 0.4982641029645888
Validation roc_auc: None
Validation avg_accuracy: 0.38298605238885153
Validation one_indexed_epoch: 29
-- New best results were achieved. --
There is no such attribute
249/249 - 150s - loss: 0.3714 - accuracy: 0.7052 - 150s/epoch - 603ms/step
Epoch 30/110
Validation cm: [[474 421  74  20]
 [260 529  41  13]
 [ 47  40  32   1]
 [ 49  67  26   2]]
Validation val_loss: 0.606223689797441
Validation normalized_cm: [[0.479 0.426 0.075 0.02 ]
 [0.308 0.628 0.049 0.015]
 [0.392 0.333 0.267 0.008]
 [0.34  0.465 0.181 0.014]]
Validation acc: 0.49475190839694655
Validation class_accuracies: [0.4792719919110212, 0.627520759193357, 0.26666666666666666, 0.013888888888888888]
Validation sensitivity: 0.5085817524841915
Validation specificity: 0.4792719919110212
Validation icbhi_score: 0.49392687219760634
Validation roc_auc: None
Validation avg_accuracy: 0.3468370766649834
Validation one_indexed_epoch: 30
The validation tracker metric at 0.4982641029645888 hasn't increased by 0 in 1 epochs
There is no such attribute
249/249 - 151s - loss: 0.3654 - accuracy: 0.7032 - 151s/epoch - 608ms/step
Epoch 31/110
Validation cm: [[169 659  28 133]
 [ 48 694  14  87]
 [  9  56  12  43]
 [  9 103   7  25]]
Validation val_loss: 0.6243285392944253
Validation normalized_cm: [[0.171 0.666 0.028 0.134]
 [0.057 0.823 0.017 0.103]
 [0.075 0.467 0.1   0.358]
 [0.062 0.715 0.049 0.174]]
Validation acc: 0.42938931297709926
Validation class_accuracies: [0.17087967644084934, 0.8232502965599051, 0.1, 0.1736111111111111]
Validation sensitivity: 0.6603432700993677
Validation specificity: 0.17087967644084934
Validation icbhi_score: 0.4156114732701085
Validation roc_auc: None
Validation avg_accuracy: 0.3169352710279664
Validation one_indexed_epoch: 31
The validation tracker metric at 0.4982641029645888 hasn't increased by 0 in 2 epochs
Mel loss: <tf.Variable 'Variable:0' shape=() dtype=float32, numpy=0.5>
sinc loss: <tf.Variable 'Variable:0' shape=() dtype=float32, numpy=0.5>
There is no such attribute
249/249 - 146s - loss: 0.3469 - accuracy: 0.6914 - 146s/epoch - 586ms/step
Epoch 32/110
Validation cm: [[385 369 171  64]
 [167 515  93  68]
 [ 24  21  64  11]
 [ 28  55  52   9]]
Validation val_loss: 0.669962199561241
Validation normalized_cm: [[0.389 0.373 0.173 0.065]
 [0.198 0.611 0.11  0.081]
 [0.2   0.175 0.533 0.092]
 [0.194 0.382 0.361 0.062]]
Validation acc: 0.4642175572519084
Validation class_accuracies: [0.38928210313447925, 0.6109134045077106, 0.5333333333333333, 0.0625]
Validation sensitivity: 0.5311653116531165
Validation specificity: 0.38928210313447925
Validation icbhi_score: 0.4602237073937979
Validation roc_auc: None
Validation avg_accuracy: 0.39900721024388075
Validation one_indexed_epoch: 32
The validation tracker metric at 0.4982641029645888 hasn't increased by 0 in 3 epochs
There is no such attribute
249/249 - 145s - loss: 0.3654 - accuracy: 0.7037 - 145s/epoch - 584ms/step
Epoch 33/110
Validation cm: [[255 554  91  89]
 [ 77 666  45  55]
 [ 16  56  23  25]
 [ 17  89  24  14]]
Validation val_loss: 0.637370083559276
Validation normalized_cm: [[0.258 0.56  0.092 0.09 ]
 [0.091 0.79  0.053 0.065]
 [0.133 0.467 0.192 0.208]
 [0.118 0.618 0.167 0.097]]
Validation acc: 0.4570610687022901
Validation class_accuracies: [0.25783619817997977, 0.7900355871886121, 0.19166666666666668, 0.09722222222222222]
Validation sensitivity: 0.6350496838301717
Validation specificity: 0.25783619817997977
Validation icbhi_score: 0.44644294100507576
Validation roc_auc: None
Validation avg_accuracy: 0.3341901685643702
Validation one_indexed_epoch: 33
The validation tracker metric at 0.4982641029645888 hasn't increased by 0 in 4 epochs
There is no such attribute
249/249 - 151s - loss: 0.3381 - accuracy: 0.6909 - 151s/epoch - 606ms/step
Epoch 34/110
Validation cm: [[288 456  96 149]
 [115 529  54 145]
 [ 15  40  27  38]
 [ 11  76  23  34]]
Validation val_loss: 0.7091883244881592
Validation normalized_cm: [[0.291 0.461 0.097 0.151]
 [0.136 0.628 0.064 0.172]
 [0.125 0.333 0.225 0.317]
 [0.076 0.528 0.16  0.236]]
Validation acc: 0.41889312977099236
Validation class_accuracies: [0.29120323559150657, 0.627520759193357, 0.225, 0.2361111111111111]
Validation sensitivity: 0.5329719963866305
Validation specificity: 0.29120323559150657
Validation icbhi_score: 0.4120876159890685
Validation roc_auc: None
Validation avg_accuracy: 0.3449587764739937
Validation one_indexed_epoch: 34
The validation tracker metric at 0.4982641029645888 hasn't increased by 0 in 5 epochs
There is no such attribute
249/249 - 151s - loss: 0.3269 - accuracy: 0.6959 - 151s/epoch - 607ms/step
Epoch 35/110
Validation cm: [[294 430 106 159]
 [115 543  60 125]
 [ 18  29  35  38]
 [ 19  64  34  27]]
Validation val_loss: 0.7157095482587131
Validation normalized_cm: [[0.297 0.435 0.107 0.161]
 [0.136 0.644 0.071 0.148]
 [0.15  0.242 0.292 0.317]
 [0.132 0.444 0.236 0.188]]
Validation acc: 0.428912213740458
Validation class_accuracies: [0.2972699696663296, 0.6441281138790036, 0.2916666666666667, 0.1875]
Validation sensitivity: 0.5465221318879856
Validation specificity: 0.2972699696663296
Validation icbhi_score: 0.42189605077715764
Validation roc_auc: None
Validation avg_accuracy: 0.355141187553
Validation one_indexed_epoch: 35
The validation tracker metric at 0.4982641029645888 hasn't increased by 0 in 6 epochs
There is no such attribute
249/249 - 152s - loss: 0.3210 - accuracy: 0.6833 - 152s/epoch - 609ms/step
Epoch 36/110
Validation cm: [[263 639  18  69]
 [103 701   9  30]
 [ 28  66   8  18]
 [ 16 109   4  15]]
Validation val_loss: 0.5938833265508461
Validation normalized_cm: [[0.266 0.646 0.018 0.07 ]
 [0.122 0.832 0.011 0.036]
 [0.233 0.55  0.067 0.15 ]
 [0.111 0.757 0.028 0.104]]
Validation acc: 0.4708969465648855
Validation class_accuracies: [0.2659251769464105, 0.8315539739027283, 0.06666666666666667, 0.10416666666666667]
Validation sensitivity: 0.6540198735320687
Validation specificity: 0.2659251769464105
Validation icbhi_score: 0.4599725252392396
Validation roc_auc: None
Validation avg_accuracy: 0.31707812104561806
Validation one_indexed_epoch: 36
The validation tracker metric at 0.4982641029645888 hasn't increased by 0 in 7 epochs
There is no such attribute
249/249 - 152s - loss: 0.3190 - accuracy: 0.6891 - 152s/epoch - 612ms/step
Epoch 37/110
Validation cm: [[217 596  65 111]
 [ 74 669  27  73]
 [ 17  40  30  33]
 [ 15  90  22  17]]
Validation val_loss: 0.6393399006679995
Validation normalized_cm: [[0.219 0.603 0.066 0.112]
 [0.088 0.794 0.032 0.087]
 [0.142 0.333 0.25  0.275]
 [0.104 0.625 0.153 0.118]]
Validation acc: 0.44513358778625955
Validation class_accuracies: [0.21941354903943378, 0.7935943060498221, 0.25, 0.11805555555555555]
Validation sensitivity: 0.6467931345980127
Validation specificity: 0.21941354903943378
Validation icbhi_score: 0.43310334181872323
Validation roc_auc: None
Validation avg_accuracy: 0.34526585266120285
Validation one_indexed_epoch: 37
The validation tracker metric at 0.4982641029645888 hasn't increased by 0 in 8 epochs
There is no such attribute
249/249 - 152s - loss: 0.3794 - accuracy: 0.6765 - 152s/epoch - 610ms/step
Epoch 38/110
Validation cm: [[316 414 114 145]
 [130 512  67 134]
 [ 20  27  41  32]
 [ 14  66  32  32]]
Validation val_loss: 0.7038978637331201
Validation normalized_cm: [[0.32  0.419 0.115 0.147]
 [0.154 0.607 0.079 0.159]
 [0.167 0.225 0.342 0.267]
 [0.097 0.458 0.222 0.222]]
Validation acc: 0.42986641221374045
Validation class_accuracies: [0.3195146612740142, 0.6073546856465006, 0.3416666666666667, 0.2222222222222222]
Validation sensitivity: 0.5284552845528455
Validation specificity: 0.3195146612740142
Validation icbhi_score: 0.42398497291342985
Validation roc_auc: None
Validation avg_accuracy: 0.3726895589523509
Validation one_indexed_epoch: 38
The validation tracker metric at 0.4982641029645888 hasn't increased by 0 in 9 epochs
There is no such attribute
249/249 - 152s - loss: 0.3137 - accuracy: 0.6825 - 152s/epoch - 609ms/step
Epoch 39/110
Validation cm: [[344 503  63  79]
 [122 650  21  50]
 [ 30  47  25  18]
 [ 20  87  23  14]]
Validation val_loss: 0.6133108479219652
Validation normalized_cm: [[0.348 0.509 0.064 0.08 ]
 [0.145 0.771 0.025 0.059]
 [0.25  0.392 0.208 0.15 ]
 [0.139 0.604 0.16  0.097]]
Validation acc: 0.4928435114503817
Validation class_accuracies: [0.34782608695652173, 0.7710557532621589, 0.20833333333333334, 0.09722222222222222]
Validation sensitivity: 0.6224028906955736
Validation specificity: 0.34782608695652173
Validation icbhi_score: 0.4851144888260477
Validation roc_auc: None
Validation avg_accuracy: 0.35610934894355906
Validation one_indexed_epoch: 39
The validation tracker metric at 0.4982641029645888 hasn't increased by 0 in 10 epochs
Lr has been adjusted to 0.0012499999720603228
There is no such attribute
249/249 - 153s - loss: 0.3018 - accuracy: 0.6727 - 153s/epoch - 615ms/step
Epoch 40/110
Validation cm: [[356 457  73 103]
 [122 622  31  68]
 [ 21  42  26  31]
 [ 13  88  23  20]]
Validation val_loss: 0.639067851120734
