Tensorflow Version: 2.8.0
Num GPUs Available:  1
Collecting Variables...
All variables have been collected.
../cache/
cw
train190
Description:  effnet: kfold, mel, no normalizing, 1 optimizer w adaptive lr, overlap threshold = 0.3,
-----------------------
training parameters
[('cache_root', '../cache/'), ('data_root', '../data/'), ('jordan_root', '../data/jwyy9np4gv-3/'), ('icbhi_root', '../data/raw_audios/icbhi_preprocessed_v2_cleaned_8000/'), ('bd_root', '../data/PCV_SEGMENTED_Processed_Files/'), ('excel_path', '../data/Bangladesh_PCV_onlyStudyPatients.xlsx'), ('perch_root', '../data/raw_audios/perch_8000_10seconds'), ('ant_root', '../data/raw_audios/Antwerp_Clinical_Complete'), ('description', ' effnet: kfold, mel, no normalizing, 1 optimizer w adaptive lr, overlap threshold = 0.3,'), ('job_id', 0), ('mode', 'cw'), ('n_classes', 2), ('shape', (80, 500, 3)), ('n_epochs', 110), ('lr', 0.005), ('batch_size', 16), ('ll2_reg', 0), ('weight_decay', 0.01), ('label_smoothing', 0), ('epsilon', 1e-07), ('es_patience', 20), ('min_delta', 0), ('train_test_ratio', 0.8), ('kfold', False), ('clause', 0), ('epoch_start', 0), ('testing', 0), ('adaptive_lr', True), ('cuberooting', 1), ('normalizing', 1), ('class_weights', True), ('early_stopping', True), ('initial_channels', 1), ('factor', 0.5), ('lr_patience', 10), ('min_lr', 1e-05), ('sr', 4000), ('audio_length', 5), ('step_size', 2.5), ('n_fft', 1024), ('hop_length', 254), ('n_mels', 128), ('overlap_threshold', 0.3), ('trainable_fb', False), ('to_decibel', True), ('train_nn', False), ('train_mel', False), ('file_dir', '../cache/cw/train190'), ('n_sequences', 9), ('activate_spectral_loss', False), ('normalize', False), ('stacking', False), ('oversample', False), ('one_hot_encoding', False), ('activation', 'sigmoid'), ('n_filters', 80)]
Job id is 1.
Job dir: ../cache/cw/train190/1
- Loading Icbhi.
725 Icbhi audios have been loaded.
- Preparing Icbhi.
112 Icbhi groups of audio chunks (by filename or patients) have been prepared.
--- Samples are being split into training/val groups and de-grouped by patient ---
Job id is 2.
turning the kfold from 90/10 to 80/20
100
12
to
90
22
-----------------------
--- Final training dataset went from 0 to 3969 elements, with 1889 none's, 991 crakles, 597 wheezes and 492 both ---
--- Final Validation dataset contains 2096 elements, with 989 none, 843 crackles, 120 wheezes and 144 both ---
GPUs
['/device:GPU:0']
Initializing weights...
weights = {0: 0.5252779248279513, 1: 1.0012613521695257, 2: 1.6620603015075377, 3: 2.0167682926829267}
Model: "sequential"
_________________________________________________________________
 Layer (type)                Output Shape              Param #   
=================================================================
 resnet50 (Functional)       (None, 3, 16, 2048)       23587712  
                                                                 
 global_average_pooling2d (G  (None, 2048)             0         
 lobalAveragePooling2D)                                          
                                                                 
 dense (Dense)               (None, 100)               204900    
                                                                 
 dropout (Dropout)           (None, 100)               0         
                                                                 
 dense_1 (Dense)             (None, 50)                5050      
                                                                 
 dropout_1 (Dropout)         (None, 50)                0         
                                                                 
 dense_2 (Dense)             (None, 2)                 102       
                                                                 
=================================================================
Total params: 23,797,764
Trainable params: 23,744,644
Non-trainable params: 53,120
_________________________________________________________________
There is no such attribute
Model: "leaf_model9_model_efnet1"
______________________________________________________________________________________________________________
 Layer (type)                                    Output Shape                                Param #          
==============================================================================================================
 mel_filterbanks (MelFilterbanks)                multiple                                    0                
                                                                                                              
 mel_filterbanks_1 (MelFilterbanks)              multiple                                    0 (unused)       
                                                                                                              
 sincnet (SincNet)                               multiple                                    0 (unused)       
                                                                                                              
 sequential (Sequential)                         (None, 2)                                   23797764         
                                                                                                              
==============================================================================================================
Total params: 23,797,926
Trainable params: 23,744,806
Non-trainable params: 53,120
______________________________________________________________________________________________________________
Model: "sequential_1"
_________________________________________________________________
 Layer (type)                Output Shape              Param #   
=================================================================
 resnet50 (Functional)       (None, 3, 16, 2048)       23587712  
                                                                 
 global_average_pooling2d_1   (None, 2048)             0         
 (GlobalAveragePooling2D)                                        
                                                                 
 dense_3 (Dense)             (None, 100)               204900    
                                                                 
 dropout_2 (Dropout)         (None, 100)               0         
                                                                 
 dense_4 (Dense)             (None, 50)                5050      
                                                                 
 dropout_3 (Dropout)         (None, 50)                0         
                                                                 
 dense_5 (Dense)             (None, 2)                 102       
                                                                 
=================================================================
Total params: 23,797,764
Trainable params: 23,744,644
Non-trainable params: 53,120
_________________________________________________________________
Model: "leaf_model9_model_efnet1_1"
______________________________________________________________________________________________________________
 Layer (type)                                    Output Shape                                Param #          
==============================================================================================================
 sincnet (SincNet)                               multiple                                    320              
                                                                                                              
 mel_filterbanks_2 (MelFilterbanks)              multiple                                    0 (unused)       
                                                                                                              
 sincnet (SincNet)                               multiple                                    0 (unused)       
                                                                                                              
 sequential_1 (Sequential)                       (None, 2)                                   23797764         
                                                                                                              
==============================================================================================================
Total params: 23,798,246
Trainable params: 23,745,126
Non-trainable params: 53,120
______________________________________________________________________________________________________________
Target metric is avg_accuracy
Epoch 1/110
WARNING:tensorflow:Gradients do not exist for variables ['kernel:0', 'Variable:0', 'Variable:0'] when minimizing the loss. If you're using `model.compile()`, did you forget to provide a `loss`argument?
WARNING:tensorflow:Gradients do not exist for variables ['kernel:0', 'Variable:0', 'Variable:0'] when minimizing the loss. If you're using `model.compile()`, did you forget to provide a `loss`argument?
WARNING:tensorflow:Gradients do not exist for variables ['kernel:0', 'Variable:0', 'Variable:0'] when minimizing the loss. If you're using `model.compile()`, did you forget to provide a `loss`argument?
WARNING:tensorflow:Gradients do not exist for variables ['kernel:0', 'Variable:0', 'Variable:0'] when minimizing the loss. If you're using `model.compile()`, did you forget to provide a `loss`argument?
Validation cm: [[735   1 234  19]
 [594   2 239   8]
 [ 95   0  25   0]
 [115   0  28   1]]
Validation val_loss: 0.0
Validation normalized_cm: [[0.743 0.001 0.237 0.019]
 [0.705 0.002 0.284 0.009]
 [0.792 0.    0.208 0.   ]
 [0.799 0.    0.194 0.007]]
Validation acc: 0.3640267175572519
Validation class_accuracies: [0.7431749241658241, 0.002372479240806643, 0.20833333333333334, 0.006944444444444444]
Validation sensitivity: 0.025293586269196026
Validation specificity: 0.7431749241658241
Validation icbhi_score: 0.38423425521751003
Validation roc_auc: None
Validation avg_accuracy: 0.24020629529610213
Validation one_indexed_epoch: 1
-- New best results were achieved. --
249/249 - 165s - accuracy: 0.6523 - student_loss: 0.8409 - distillation_loss: 0.0023 - val_accuracy: 0.2366 - val_student_loss: 0.7523 - 165s/epoch - 661ms/step
Epoch 2/110
Validation cm: [[882  24  57  26]
 [783  15  37   8]
 [112   5   3   0]
 [136   6   2   0]]
Validation val_loss: 0.0
Validation normalized_cm: [[0.892 0.024 0.058 0.026]
 [0.929 0.018 0.044 0.009]
 [0.933 0.042 0.025 0.   ]
 [0.944 0.042 0.014 0.   ]]
Validation acc: 0.42938931297709926
Validation class_accuracies: [0.8918099089989889, 0.017793594306049824, 0.025, 0.0]
Validation sensitivity: 0.016260162601626018
Validation specificity: 0.8918099089989889
Validation icbhi_score: 0.45403503580030746
Validation roc_auc: None
Validation avg_accuracy: 0.2336508758262597
Validation one_indexed_epoch: 2
The validation tracker metric at 0.24020629529610213 hasn't increased by 0 in 1 epochs
249/249 - 149s - accuracy: 0.7246 - student_loss: 0.6387 - distillation_loss: -1.9344e-02 - val_accuracy: 0.5949 - val_student_loss: 0.6637 - 149s/epoch - 599ms/step
Epoch 3/110
Validation cm: [[862  34  76  17]
 [662  58  87  36]
 [103   5   9   3]
 [115   5  22   2]]
Validation val_loss: 0.0
Validation normalized_cm: [[0.872 0.034 0.077 0.017]
 [0.785 0.069 0.103 0.043]
 [0.858 0.042 0.075 0.025]
 [0.799 0.035 0.153 0.014]]
Validation acc: 0.4441793893129771
Validation class_accuracies: [0.871587462082912, 0.06880189798339265, 0.075, 0.013888888888888888]
Validation sensitivity: 0.06233062330623306
Validation specificity: 0.871587462082912
Validation icbhi_score: 0.46695904269457256
Validation roc_auc: None
Validation avg_accuracy: 0.25731956223879837
Validation one_indexed_epoch: 3
-- New best results were achieved. --
249/249 - 151s - accuracy: 0.7433 - student_loss: 0.8607 - distillation_loss: 0.0227 - val_accuracy: 0.3010 - val_student_loss: 0.7461 - 151s/epoch - 607ms/step
Epoch 4/110
Validation cm: [[683 246   9  51]
 [610 210   2  21]
 [ 60  31  22   7]
 [ 84  54   3   3]]
Validation val_loss: 0.0
Validation normalized_cm: [[0.691 0.249 0.009 0.052]
 [0.724 0.249 0.002 0.025]
 [0.5   0.258 0.183 0.058]
 [0.583 0.375 0.021 0.021]]
Validation acc: 0.43797709923664124
Validation class_accuracies: [0.6905965621840243, 0.2491103202846975, 0.18333333333333332, 0.020833333333333332]
Validation sensitivity: 0.2122854561878952
Validation specificity: 0.6905965621840243
Validation icbhi_score: 0.45144100918595975
Validation roc_auc: None
Validation avg_accuracy: 0.2859683872838471
Validation one_indexed_epoch: 4
-- New best results were achieved. --
249/249 - 151s - accuracy: 0.7493 - student_loss: 0.9855 - distillation_loss: 0.0116 - val_accuracy: 0.9232 - val_student_loss: 0.6015 - 151s/epoch - 605ms/step
Epoch 5/110
Validation cm: [[502 435   1  51]
 [370 455   1  17]
 [ 24  90   2   4]
 [ 40 103   0   1]]
Validation val_loss: 0.0
Validation normalized_cm: [[0.508 0.44  0.001 0.052]
 [0.439 0.54  0.001 0.02 ]
 [0.2   0.75  0.017 0.033]
 [0.278 0.715 0.    0.007]]
Validation acc: 0.4580152671755725
Validation class_accuracies: [0.5075834175935288, 0.5397390272835113, 0.016666666666666666, 0.006944444444444444]
Validation sensitivity: 0.4137308039747064
Validation specificity: 0.5075834175935288
Validation icbhi_score: 0.4606571107841176
Validation roc_auc: None
Validation avg_accuracy: 0.26773338899703775
Validation one_indexed_epoch: 5
The validation tracker metric at 0.2859683872838471 hasn't increased by 0 in 1 epochs
249/249 - 151s - accuracy: 0.7518 - student_loss: 0.4933 - distillation_loss: 0.0058 - val_accuracy: 0.9237 - val_student_loss: 0.2949 - 151s/epoch - 605ms/step
Epoch 6/110
Validation cm: [[615 299  32  43]
 [499 308  12  24]
 [ 33  30  45  12]
 [ 50  77  12   5]]
Validation val_loss: 0.0
Validation normalized_cm: [[0.622 0.302 0.032 0.043]
 [0.592 0.365 0.014 0.028]
 [0.275 0.25  0.375 0.1  ]
 [0.347 0.535 0.083 0.035]]
Validation acc: 0.4642175572519084
Validation class_accuracies: [0.621840242669363, 0.365361803084223, 0.375, 0.034722222222222224]
Validation sensitivity: 0.32339656729900634
Validation specificity: 0.621840242669363
Validation icbhi_score: 0.47261840498418467
Validation roc_auc: None
Validation avg_accuracy: 0.34923106699395207
Validation one_indexed_epoch: 6
-- New best results were achieved. --
249/249 - 152s - accuracy: 0.7828 - student_loss: 1.1135 - distillation_loss: 0.0321 - val_accuracy: 0.9003 - val_student_loss: 0.4239 - 152s/epoch - 611ms/step
Epoch 7/110
Validation cm: [[666 279   8  36]
 [522 302   1  18]
 [ 60  50   8   2]
 [ 71  72   1   0]]
Validation val_loss: 0.0
Validation normalized_cm: [[0.673 0.282 0.008 0.036]
 [0.619 0.358 0.001 0.021]
 [0.5   0.417 0.067 0.017]
 [0.493 0.5   0.007 0.   ]]
Validation acc: 0.46564885496183206
Validation class_accuracies: [0.673407482305359, 0.3582443653618031, 0.06666666666666667, 0.0]
Validation sensitivity: 0.2800361336946703
Validation specificity: 0.673407482305359
Validation icbhi_score: 0.4767218080000146
Validation roc_auc: None
Validation avg_accuracy: 0.2745796285834572
Validation one_indexed_epoch: 7
The validation tracker metric at 0.34923106699395207 hasn't increased by 0 in 1 epochs
249/249 - 151s - accuracy: 0.7926 - student_loss: 0.3963 - distillation_loss: -1.4541e-02 - val_accuracy: 0.9237 - val_student_loss: 0.4124 - 151s/epoch - 607ms/step
Epoch 8/110
Validation cm: [[427 151 215 196]
 [357 186 151 149]
 [ 13   9  74  24]
 [ 39  27  47  31]]
Validation val_loss: 0.0
Validation normalized_cm: [[0.432 0.153 0.217 0.198]
 [0.423 0.221 0.179 0.177]
 [0.108 0.075 0.617 0.2  ]
 [0.271 0.188 0.326 0.215]]
Validation acc: 0.3425572519083969
Validation class_accuracies: [0.43174924165824063, 0.2206405693950178, 0.6166666666666667, 0.2152777777777778]
Validation sensitivity: 0.26287262872628725
Validation specificity: 0.43174924165824063
Validation icbhi_score: 0.34731093519226397
Validation roc_auc: None
Validation avg_accuracy: 0.37108356387442576
Validation one_indexed_epoch: 8
-- New best results were achieved. --
249/249 - 152s - accuracy: 0.8047 - student_loss: 0.6299 - distillation_loss: 0.0086 - val_accuracy: 0.5859 - val_student_loss: 0.5894 - 152s/epoch - 611ms/step
Epoch 9/110
Validation cm: [[762 145  23  59]
 [669 140  10  24]
 [ 56  22  31  11]
 [113  25   6   0]]
Validation val_loss: 0.0
Validation normalized_cm: [[0.77  0.147 0.023 0.06 ]
 [0.794 0.166 0.012 0.028]
 [0.467 0.183 0.258 0.092]
 [0.785 0.174 0.042 0.   ]]
Validation acc: 0.44513358778625955
Validation class_accuracies: [0.7704752275025278, 0.166073546856465, 0.25833333333333336, 0.0]
Validation sensitivity: 0.15447154471544716
Validation specificity: 0.7704752275025278
Validation icbhi_score: 0.46247338610898747
Validation roc_auc: None
Validation avg_accuracy: 0.29872052692308154
Validation one_indexed_epoch: 9
The validation tracker metric at 0.37108356387442576 hasn't increased by 0 in 1 epochs
249/249 - 151s - accuracy: 0.8005 - student_loss: 0.3563 - distillation_loss: -8.7209e-03 - val_accuracy: 0.9160 - val_student_loss: 0.6286 - 151s/epoch - 607ms/step
Epoch 10/110
Validation cm: [[548 434   2   5]
 [382 454   0   7]
 [ 46  70   0   4]
 [ 67  77   0   0]]
Validation val_loss: 0.0
Validation normalized_cm: [[0.554 0.439 0.002 0.005]
 [0.453 0.539 0.    0.008]
 [0.383 0.583 0.    0.033]
 [0.465 0.535 0.    0.   ]]
Validation acc: 0.4780534351145038
Validation class_accuracies: [0.5540950455005056, 0.538552787663108, 0.0, 0.0]
Validation sensitivity: 0.4101174345076784
Validation specificity: 0.5540950455005056
Validation icbhi_score: 0.48210624000409197
Validation roc_auc: None
Validation avg_accuracy: 0.2731619582909034
Validation one_indexed_epoch: 10
The validation tracker metric at 0.37108356387442576 hasn't increased by 0 in 2 epochs
249/249 - 151s - accuracy: 0.8047 - student_loss: 0.1551 - distillation_loss: 0.0017 - val_accuracy: 0.9418 - val_student_loss: 0.4513 - 151s/epoch - 605ms/step
Epoch 11/110
Validation cm: [[490 264 120 115]
 [383 328  60  72]
 [ 21  14  63  22]
 [ 46  51  23  24]]
Validation val_loss: 0.0
Validation normalized_cm: [[0.495 0.267 0.121 0.116]
 [0.454 0.389 0.071 0.085]
 [0.175 0.117 0.525 0.183]
 [0.319 0.354 0.16  0.167]]
Validation acc: 0.43177480916030536
Validation class_accuracies: [0.4954499494438827, 0.38908659549228947, 0.525, 0.16666666666666666]
Validation sensitivity: 0.3748870822041554
Validation specificity: 0.4954499494438827
Validation icbhi_score: 0.43516851582401905
Validation roc_auc: None
Validation avg_accuracy: 0.39405080290070976
Validation one_indexed_epoch: 11
-- New best results were achieved. --
249/249 - 153s - accuracy: 0.8221 - student_loss: 0.2422 - distillation_loss: -9.8157e-03 - val_accuracy: 0.7557 - val_student_loss: 0.7015 - 153s/epoch - 615ms/step
Epoch 12/110
Validation cm: [[389 270 141 189]
 [296 318  82 147]
 [ 14  13  62  31]
 [ 44  28  44  28]]
Validation val_loss: 0.0
Validation normalized_cm: [[0.393 0.273 0.143 0.191]
 [0.351 0.377 0.097 0.174]
 [0.117 0.108 0.517 0.258]
 [0.306 0.194 0.306 0.194]]
Validation acc: 0.38024809160305345
Validation class_accuracies: [0.39332659251769464, 0.37722419928825623, 0.5166666666666667, 0.19444444444444445]
Validation sensitivity: 0.3685636856368564
Validation specificity: 0.39332659251769464
Validation icbhi_score: 0.3809451390772755
Validation roc_auc: None
Validation avg_accuracy: 0.37041547572926553
Validation one_indexed_epoch: 12
The validation tracker metric at 0.39405080290070976 hasn't increased by 0 in 1 epochs
249/249 - 160s - accuracy: 0.8176 - student_loss: 0.8037 - distillation_loss: 0.0086 - val_accuracy: 0.6832 - val_student_loss: 1.0815 - 160s/epoch - 643ms/step
Epoch 13/110
Validation cm: [[654 306  11  18]
 [522 304   2  15]
 [ 49  46   6  19]
 [ 87  55   1   1]]
Validation val_loss: 0.0
Validation normalized_cm: [[0.661 0.309 0.011 0.018]
 [0.619 0.361 0.002 0.018]
 [0.408 0.383 0.05  0.158]
 [0.604 0.382 0.007 0.007]]
Validation acc: 0.4604007633587786
Validation class_accuracies: [0.6612740141557129, 0.36061684460260973, 0.05, 0.006944444444444444]
Validation sensitivity: 0.2809394760614273
Validation specificity: 0.6612740141557129
Validation icbhi_score: 0.4711067451085701
Validation roc_auc: None
Validation avg_accuracy: 0.2697088258006918
Validation one_indexed_epoch: 13
The validation tracker metric at 0.39405080290070976 hasn't increased by 0 in 2 epochs
249/249 - 167s - accuracy: 0.8146 - student_loss: 1.2506 - distillation_loss: 0.0169 - val_accuracy: 0.9280 - val_student_loss: 1.9058 - 167s/epoch - 669ms/step
Epoch 14/110
Validation cm: [[296 590  32  71]
 [176 604  17  46]
 [  9  45  15  51]
 [ 15  99  10  20]]
Validation val_loss: 0.0
Validation normalized_cm: [[0.299 0.597 0.032 0.072]
 [0.209 0.716 0.02  0.055]
 [0.075 0.375 0.125 0.425]
 [0.104 0.688 0.069 0.139]]
Validation acc: 0.446087786259542
Validation class_accuracies: [0.2992922143579373, 0.7164887307236062, 0.125, 0.1388888888888889]
Validation sensitivity: 0.5772357723577236
Validation specificity: 0.2992922143579373
Validation icbhi_score: 0.43826399335783045
Validation roc_auc: None
Validation avg_accuracy: 0.3199174584926081
Validation one_indexed_epoch: 14
The validation tracker metric at 0.39405080290070976 hasn't increased by 0 in 3 epochs
249/249 - 152s - accuracy: 0.8090 - student_loss: 0.0690 - distillation_loss: -2.9208e-03 - val_accuracy: 0.8931 - val_student_loss: 0.2234 - 152s/epoch - 610ms/step
Epoch 15/110
Validation cm: [[509 402  31  47]
 [377 419  13  34]
 [ 23  34  29  34]
 [ 79  49   7   9]]
Validation val_loss: 0.0
Validation normalized_cm: [[0.515 0.406 0.031 0.048]
 [0.447 0.497 0.015 0.04 ]
 [0.192 0.283 0.242 0.283]
 [0.549 0.34  0.049 0.062]]
Validation acc: 0.46087786259541985
Validation class_accuracies: [0.5146612740141557, 0.4970344009489917, 0.24166666666666667, 0.0625]
Validation sensitivity: 0.4128274616079494
Validation specificity: 0.5146612740141557
Validation icbhi_score: 0.46374436781105255
Validation roc_auc: None
Validation avg_accuracy: 0.3289655854074535
Validation one_indexed_epoch: 15
The validation tracker metric at 0.39405080290070976 hasn't increased by 0 in 4 epochs
249/249 - 153s - accuracy: 0.8035 - student_loss: 2.5212 - distillation_loss: 0.0320 - val_accuracy: 0.8779 - val_student_loss: 0.9486 - 153s/epoch - 615ms/step
Epoch 16/110
Validation cm: [[794 175  14   6]
 [595 233   9   6]
 [ 80  16  18   6]
 [105  34   5   0]]
Validation val_loss: 0.0
Validation normalized_cm: [[0.803 0.177 0.014 0.006]
 [0.706 0.276 0.011 0.007]
 [0.667 0.133 0.15  0.05 ]
 [0.729 0.236 0.035 0.   ]]
Validation acc: 0.4985687022900763
Validation class_accuracies: [0.8028311425682507, 0.2763938315539739, 0.15, 0.0]
Validation sensitivity: 0.22673893405600723
Validation specificity: 0.8028311425682507
Validation icbhi_score: 0.514785038312129
Validation roc_auc: None
Validation avg_accuracy: 0.30730624353055613
Validation one_indexed_epoch: 16
The validation tracker metric at 0.39405080290070976 hasn't increased by 0 in 5 epochs
249/249 - 155s - accuracy: 0.7601 - student_loss: 1.7393 - distillation_loss: 0.0416 - val_accuracy: 0.9213 - val_student_loss: 1.4333 - 155s/epoch - 621ms/step
Epoch 17/110
Validation cm: [[272 549  37 131]
 [160 600  16  67]
 [ 13  40  16  51]
 [ 30  91  11  12]]
Validation val_loss: 0.0
Validation normalized_cm: [[0.275 0.555 0.037 0.132]
 [0.19  0.712 0.019 0.079]
 [0.108 0.333 0.133 0.425]
 [0.208 0.632 0.076 0.083]]
Validation acc: 0.42938931297709926
Validation class_accuracies: [0.2750252780586451, 0.7117437722419929, 0.13333333333333333, 0.08333333333333333]
Validation sensitivity: 0.5672990063233966
Validation specificity: 0.2750252780586451
Validation icbhi_score: 0.4211621421910208
Validation roc_auc: None
Validation avg_accuracy: 0.30085892924182617
Validation one_indexed_epoch: 17
The validation tracker metric at 0.39405080290070976 hasn't increased by 0 in 6 epochs
249/249 - 164s - accuracy: 0.7740 - student_loss: 0.4768 - distillation_loss: 0.0121 - val_accuracy: 0.8798 - val_student_loss: 0.6254 - 164s/epoch - 658ms/step
Epoch 18/110
Validation cm: [[430 523   8  28]
 [300 525   5  13]
 [ 25  63   9  23]
 [ 40  98   4   2]]
Validation val_loss: 0.0
Validation normalized_cm: [[0.435 0.529 0.008 0.028]
 [0.356 0.623 0.006 0.015]
 [0.208 0.525 0.075 0.192]
 [0.278 0.681 0.028 0.014]]
Validation acc: 0.46087786259541985
Validation class_accuracies: [0.43478260869565216, 0.6227758007117438, 0.075, 0.013888888888888888]
Validation sensitivity: 0.48419150858175247
Validation specificity: 0.43478260869565216
Validation icbhi_score: 0.4594870586387023
Validation roc_auc: None
Validation avg_accuracy: 0.2866118245740712
Validation one_indexed_epoch: 18
The validation tracker metric at 0.39405080290070976 hasn't increased by 0 in 7 epochs
249/249 - 167s - accuracy: 0.7503 - student_loss: 0.8972 - distillation_loss: 0.0062 - val_accuracy: 0.9280 - val_student_loss: 0.4455 - 167s/epoch - 669ms/step
Epoch 19/110
Validation cm: [[831 141  12   5]
 [732 102   2   7]
 [ 88  10  15   7]
 [132   9   3   0]]
Validation val_loss: 0.0
Validation normalized_cm: [[0.84  0.143 0.012 0.005]
 [0.868 0.121 0.002 0.008]
 [0.733 0.083 0.125 0.058]
 [0.917 0.062 0.021 0.   ]]
Validation acc: 0.45229007633587787
Validation class_accuracies: [0.840242669362993, 0.12099644128113879, 0.125, 0.0]
Validation sensitivity: 0.10569105691056911
Validation specificity: 0.840242669362993
Validation icbhi_score: 0.47296686313678105
Validation roc_auc: None
Validation avg_accuracy: 0.27155977766103295
Validation one_indexed_epoch: 19
The validation tracker metric at 0.39405080290070976 hasn't increased by 0 in 8 epochs
249/249 - 168s - accuracy: 0.7463 - student_loss: 0.9041 - distillation_loss: 0.0205 - val_accuracy: 0.8731 - val_student_loss: 4.4192 - 168s/epoch - 674ms/step
Epoch 20/110
Validation cm: [[672 221  38  58]
 [610 185  21  27]
 [ 49  10  36  25]
 [102  24  12   6]]
Validation val_loss: 0.0
Validation normalized_cm: [[0.679 0.223 0.038 0.059]
 [0.724 0.219 0.025 0.032]
 [0.408 0.083 0.3   0.208]
 [0.708 0.167 0.083 0.042]]
Validation acc: 0.428912213740458
Validation class_accuracies: [0.679474216380182, 0.21945432977461446, 0.3, 0.041666666666666664]
Validation sensitivity: 0.2050587172538392
Validation specificity: 0.679474216380182
Validation icbhi_score: 0.4422664668170106
Validation roc_auc: None
Validation avg_accuracy: 0.3101488032053658
Validation one_indexed_epoch: 20
The validation tracker metric at 0.39405080290070976 hasn't increased by 0 in 9 epochs
249/249 - 167s - accuracy: 0.7566 - student_loss: 0.2871 - distillation_loss: 0.0054 - val_accuracy: 0.7605 - val_student_loss: 4.3274 - 167s/epoch - 672ms/step
Epoch 21/110
Validation cm: [[515 362  59  53]
 [410 366  24  43]
 [ 33  34  38  15]
 [ 71  53  13   7]]
Validation val_loss: 0.0
Validation normalized_cm: [[0.521 0.366 0.06  0.054]
 [0.486 0.434 0.028 0.051]
 [0.275 0.283 0.317 0.125]
 [0.493 0.368 0.09  0.049]]
Validation acc: 0.44179389312977096
Validation class_accuracies: [0.5207280080889788, 0.43416370106761565, 0.31666666666666665, 0.04861111111111111]
Validation sensitivity: 0.3712737127371274
Validation specificity: 0.5207280080889788
Validation icbhi_score: 0.4460008604130531
Validation roc_auc: None
Validation avg_accuracy: 0.3300423717335931
Validation one_indexed_epoch: 21
The validation tracker metric at 0.39405080290070976 hasn't increased by 0 in 10 epochs
Lr has been adjusted to 0.0024999999441206455
249/249 - 167s - accuracy: 0.7319 - student_loss: 2.4259 - distillation_loss: 0.0435 - val_accuracy: 0.7987 - val_student_loss: 3.5512 - 167s/epoch - 670ms/step
Epoch 22/110
Validation cm: [[628 211  92  58]
 [472 258  66  47]
 [ 29   7  60  24]
 [ 68  32  29  15]]
Validation val_loss: 0.0
Validation normalized_cm: [[0.635 0.213 0.093 0.059]
 [0.56  0.306 0.078 0.056]
 [0.242 0.058 0.5   0.2  ]
 [0.472 0.222 0.201 0.104]]
Validation acc: 0.45849236641221375
Validation class_accuracies: [0.6349848331648129, 0.30604982206405695, 0.5, 0.10416666666666667]
Validation sensitivity: 0.3008130081300813
Validation specificity: 0.6349848331648129
Validation icbhi_score: 0.4678989206474471
Validation roc_auc: None
Validation avg_accuracy: 0.3863003304738842
Validation one_indexed_epoch: 22
The validation tracker metric at 0.39405080290070976 hasn't increased by 0 in 11 epochs
249/249 - 162s - accuracy: 0.7319 - student_loss: 1.1822 - distillation_loss: -3.9795e-03 - val_accuracy: 0.6665 - val_student_loss: 6.3909 - 162s/epoch - 652ms/step
Epoch 23/110
Validation cm: [[830 106  30  23]
 [684 124  18  17]
 [ 63   6  42   9]
 [121  11  10   2]]
Validation val_loss: 0.0
Validation normalized_cm: [[0.839 0.107 0.03  0.023]
 [0.811 0.147 0.021 0.02 ]
 [0.525 0.05  0.35  0.075]
 [0.84  0.076 0.069 0.014]]
Validation acc: 0.4761450381679389
Validation class_accuracies: [0.839231547017189, 0.14709371293001186, 0.35, 0.013888888888888888]
Validation sensitivity: 0.15176151761517614
Validation specificity: 0.839231547017189
Validation icbhi_score: 0.4954965323161826
Validation roc_auc: None
Validation avg_accuracy: 0.3375535372090224
Validation one_indexed_epoch: 23
The validation tracker metric at 0.39405080290070976 hasn't increased by 0 in 12 epochs
249/249 - 162s - accuracy: 0.7261 - student_loss: 0.7366 - distillation_loss: 0.0124 - val_accuracy: 0.7867 - val_student_loss: 6.8047 - 162s/epoch - 650ms/step
Epoch 24/110
Validation cm: [[691 236  42  20]
 [512 273  35  23]
 [ 35  15  53  17]
 [ 85  28  21  10]]
Validation val_loss: 0.0
Validation normalized_cm: [[0.699 0.239 0.042 0.02 ]
 [0.607 0.324 0.042 0.027]
 [0.292 0.125 0.442 0.142]
 [0.59  0.194 0.146 0.069]]
Validation acc: 0.48998091603053434
Validation class_accuracies: [0.698685540950455, 0.3238434163701068, 0.44166666666666665, 0.06944444444444445]
Validation sensitivity: 0.3035230352303523
Validation specificity: 0.698685540950455
Validation icbhi_score: 0.5011042880904036
Validation roc_auc: None
Validation avg_accuracy: 0.3834100171079182
Validation one_indexed_epoch: 24
The validation tracker metric at 0.39405080290070976 hasn't increased by 0 in 13 epochs
249/249 - 169s - accuracy: 0.7181 - student_loss: 0.0241 - distillation_loss: 0.0029 - val_accuracy: 0.7619 - val_student_loss: 4.9918 - 169s/epoch - 679ms/step
Epoch 25/110
Validation cm: [[542 358  45  44]
 [387 391  31  34]
 [ 28  21  33  38]
 [ 58  57  16  13]]
Validation val_loss: 0.0
Validation normalized_cm: [[0.548 0.362 0.046 0.044]
 [0.459 0.464 0.037 0.04 ]
 [0.233 0.175 0.275 0.317]
 [0.403 0.396 0.111 0.09 ]]
Validation acc: 0.46708015267175573
Validation class_accuracies: [0.5480283114256825, 0.4638196915776987, 0.275, 0.09027777777777778]
Validation sensitivity: 0.3947606142728094
Validation specificity: 0.5480283114256825
Validation icbhi_score: 0.47139446284924597
Validation roc_auc: None
Validation avg_accuracy: 0.3442814451952897
Validation one_indexed_epoch: 25
The validation tracker metric at 0.39405080290070976 hasn't increased by 0 in 14 epochs
249/249 - 154s - accuracy: 0.7105 - student_loss: 0.0298 - distillation_loss: 0.0205 - val_accuracy: 0.8168 - val_student_loss: 3.7934 - 154s/epoch - 619ms/step
Epoch 26/110
Validation cm: [[650 223  70  46]
 [484 287  41  31]
 [ 33  11  54  22]
 [ 81  30  25   8]]
Validation val_loss: 0.0
Validation normalized_cm: [[0.657 0.225 0.071 0.047]
 [0.574 0.34  0.049 0.037]
 [0.275 0.092 0.45  0.183]
 [0.562 0.208 0.174 0.056]]
Validation acc: 0.47662213740458015
Validation class_accuracies: [0.6572295247724975, 0.3404507710557533, 0.45, 0.05555555555555555]
Validation sensitivity: 0.3152664859981933
Validation specificity: 0.6572295247724975
Validation icbhi_score: 0.4862480053853454
Validation roc_auc: None
Validation avg_accuracy: 0.3758089628459516
Validation one_indexed_epoch: 26
The validation tracker metric at 0.39405080290070976 hasn't increased by 0 in 15 epochs
249/249 - 157s - accuracy: 0.7145 - student_loss: 2.1161 - distillation_loss: 0.0478 - val_accuracy: 0.7476 - val_student_loss: 4.7191 - 157s/epoch - 629ms/step
Epoch 27/110
Validation cm: [[635 227  64  63]
 [507 246  40  50]
 [ 28  15  36  41]
 [ 81  28  22  13]]
Validation val_loss: 0.0
Validation normalized_cm: [[0.642 0.23  0.065 0.064]
 [0.601 0.292 0.047 0.059]
 [0.233 0.125 0.3   0.342]
 [0.562 0.194 0.153 0.09 ]]
Validation acc: 0.4437022900763359
Validation class_accuracies: [0.6420626895854399, 0.2918149466192171, 0.3, 0.09027777777777778]
Validation sensitivity: 0.26648599819331525
Validation specificity: 0.6420626895854399
Validation icbhi_score: 0.4542743438893776
Validation roc_auc: None
Validation avg_accuracy: 0.3310388534956087
Validation one_indexed_epoch: 27
The validation tracker metric at 0.39405080290070976 hasn't increased by 0 in 16 epochs
249/249 - 155s - accuracy: 0.6848 - student_loss: 0.8576 - distillation_loss: 0.0170 - val_accuracy: 0.6450 - val_student_loss: 4.9250 - 155s/epoch - 624ms/step
Epoch 28/110
Validation cm: [[689 181  86  33]
 [618 155  41  29]
 [ 46  10  48  16]
 [102  17  21   4]]
Validation val_loss: 0.0
Validation normalized_cm: [[0.697 0.183 0.087 0.033]
 [0.733 0.184 0.049 0.034]
 [0.383 0.083 0.4   0.133]
 [0.708 0.118 0.146 0.028]]
Validation acc: 0.42748091603053434
Validation class_accuracies: [0.6966632962588474, 0.18386714116251482, 0.4, 0.027777777777777776]
Validation sensitivity: 0.18699186991869918
Validation specificity: 0.6966632962588474
Validation icbhi_score: 0.4418275830887733
Validation roc_auc: None
Validation avg_accuracy: 0.32707705379978497
Validation one_indexed_epoch: 28
The validation tracker metric at 0.39405080290070976 hasn't increased by 0 in 17 epochs
249/249 - 155s - accuracy: 0.7261 - student_loss: 1.9620 - distillation_loss: 0.0195 - val_accuracy: 0.6069 - val_student_loss: 6.1786 - 155s/epoch - 624ms/step
Epoch 29/110
Validation cm: [[532 343  62  52]
 [382 387  30  44]
 [ 26  19  40  35]
 [ 65  50  18  11]]
Validation val_loss: 0.0
Validation normalized_cm: [[0.538 0.347 0.063 0.053]
 [0.453 0.459 0.036 0.052]
 [0.217 0.158 0.333 0.292]
 [0.451 0.347 0.125 0.076]]
Validation acc: 0.4627862595419847
Validation class_accuracies: [0.537917087967644, 0.45907473309608543, 0.3333333333333333, 0.0763888888888889]
Validation sensitivity: 0.3956639566395664
Validation specificity: 0.537917087967644
Validation icbhi_score: 0.4667905223036052
Validation roc_auc: None
Validation avg_accuracy: 0.3516785108214879
Validation one_indexed_epoch: 29
The validation tracker metric at 0.39405080290070976 hasn't increased by 0 in 18 epochs
249/249 - 155s - accuracy: 0.7264 - student_loss: 2.1386 - distillation_loss: 0.0223 - val_accuracy: 0.7934 - val_student_loss: 5.3535 - 155s/epoch - 624ms/step
Epoch 30/110
Validation cm: [[703 240  23  23]
 [553 256  14  20]
 [ 46  17  39  18]
 [ 96  33  13   2]]
Validation val_loss: 0.0
Validation normalized_cm: [[0.711 0.243 0.023 0.023]
 [0.656 0.304 0.017 0.024]
 [0.383 0.142 0.325 0.15 ]
 [0.667 0.229 0.09  0.014]]
Validation acc: 0.4770992366412214
Validation class_accuracies: [0.7108190091001011, 0.3036773428232503, 0.325, 0.013888888888888888]
Validation sensitivity: 0.2682926829268293
Validation specificity: 0.7108190091001011
Validation icbhi_score: 0.4895558460134652
Validation roc_auc: None
Validation avg_accuracy: 0.33834631020306005
Validation one_indexed_epoch: 30
The validation tracker metric at 0.39405080290070976 hasn't increased by 0 in 19 epochs
249/249 - 154s - accuracy: 0.6987 - student_loss: 0.0915 - distillation_loss: 0.0039 - val_accuracy: 0.7886 - val_student_loss: 5.8348 - 154s/epoch - 619ms/step
Epoch 31/110
Validation cm: [[592 307  43  47]
 [427 339  35  42]
 [ 31  17  38  34]
 [ 62  51  20  11]]
Validation val_loss: 0.0
Validation normalized_cm: [[0.599 0.31  0.043 0.048]
 [0.507 0.402 0.042 0.05 ]
 [0.258 0.142 0.317 0.283]
 [0.431 0.354 0.139 0.076]]
Validation acc: 0.4675572519083969
Validation class_accuracies: [0.5985844287158746, 0.40213523131672596, 0.31666666666666665, 0.0763888888888889]
Validation sensitivity: 0.35049683830171635
Validation specificity: 0.5985844287158746
Validation icbhi_score: 0.4745406335087955
Validation roc_auc: None
Validation avg_accuracy: 0.348443803897039
Validation one_indexed_epoch: 31
The number of epochs since last 1% equals the patience
Lr has been adjusted to 0.0012499999720603228
249/249 - 152s - accuracy: 0.7092 - student_loss: 2.6262 - distillation_loss: 0.0208 - val_accuracy: 0.7715 - val_student_loss: 5.4856 - 152s/epoch - 610ms/step
----------------------------------
The best metrics for this job are: 

Best avg_accuracy: 0.39405080290070976
Best cm: [[490 264 120 115]
 [383 328  60  72]
 [ 21  14  63  22]
 [ 46  51  23  24]]
Best val_loss: 0.0
Best normalized_cm: [[0.495 0.267 0.121 0.116]
 [0.454 0.389 0.071 0.085]
 [0.175 0.117 0.525 0.183]
 [0.319 0.354 0.16  0.167]]
Best acc: 0.43177480916030536
Best class_accuracies: [0.4954499494438827, 0.38908659549228947, 0.525, 0.16666666666666666]
Best sensitivity: 0.3748870822041554
Best specificity: 0.4954499494438827
Best icbhi_score: 0.43516851582401905
Best roc_auc: None
Best one_indexed_epoch: 11
avg_accuracy
model
cm
val_loss
normalized_cm
acc
class_accuracies
sensitivity
specificity
icbhi_score
roc_auc
one_indexed_epoch
End
####################################
Job dir: ../cache/cw/train190/2
Job id is 3.
Job dir: ../cache/cw/train190/3
- Loading Icbhi.
725 Icbhi audios have been loaded.
- Preparing Icbhi.
112 Icbhi groups of audio chunks (by filename or patients) have been prepared.
--- Samples are being split into training/val groups and de-grouped by patient ---
Job id is 4.
turning the kfold from 90/10 to 80/20
100
12
to
90
22
-----------------------
--- Final training dataset went from 0 to 3969 elements, with 1889 none's, 991 crakles, 597 wheezes and 492 both ---
--- Final Validation dataset contains 2096 elements, with 989 none, 843 crackles, 120 wheezes and 144 both ---
GPUs
['/device:GPU:0']
Initializing weights...
weights = {0: 0.5252779248279513, 1: 1.0012613521695257, 2: 1.6620603015075377, 3: 2.0167682926829267}
Model: "sequential_2"
_________________________________________________________________
 Layer (type)                Output Shape              Param #   
=================================================================
 resnet50 (Functional)       (None, 3, 16, 2048)       23587712  
                                                                 
 global_average_pooling2d_2   (None, 2048)             0         
 (GlobalAveragePooling2D)                                        
                                                                 
 dense_6 (Dense)             (None, 100)               204900    
                                                                 
 dropout_4 (Dropout)         (None, 100)               0         
                                                                 
 dense_7 (Dense)             (None, 50)                5050      
                                                                 
 dropout_5 (Dropout)         (None, 50)                0         
                                                                 
 dense_8 (Dense)             (None, 2)                 102       
                                                                 
=================================================================
Total params: 23,797,764
Trainable params: 23,744,644
Non-trainable params: 53,120
_________________________________________________________________
There is no such attribute
Model: "leaf_model9_model_efnet1_2"
______________________________________________________________________________________________________________
 Layer (type)                                    Output Shape                                Param #          
==============================================================================================================
 mel_filterbanks_3 (MelFilterbanks)              multiple                                    0                
