Tensorflow Version: 2.8.0
Num GPUs Available:  1
Collecting Variables...
All variables have been collected.
../cache/
cw
train191
Description:  effnet: kfold, mel, no normalizing, 1 optimizer w adaptive lr, overlap threshold = 0.3,
-----------------------
training parameters
[('cache_root', '../cache/'), ('data_root', '../data/'), ('jordan_root', '../data/jwyy9np4gv-3/'), ('icbhi_root', '../data/raw_audios/icbhi_preprocessed_v2_cleaned_8000/'), ('bd_root', '../data/PCV_SEGMENTED_Processed_Files/'), ('excel_path', '../data/Bangladesh_PCV_onlyStudyPatients.xlsx'), ('perch_root', '../data/raw_audios/perch_8000_10seconds'), ('ant_root', '../data/raw_audios/Antwerp_Clinical_Complete'), ('description', ' effnet: kfold, mel, no normalizing, 1 optimizer w adaptive lr, overlap threshold = 0.3,'), ('job_id', 0), ('mode', 'cw'), ('n_classes', 2), ('shape', (80, 500, 3)), ('n_epochs', 110), ('lr', 0.005), ('batch_size', 16), ('ll2_reg', 0), ('weight_decay', 0.01), ('label_smoothing', 0), ('epsilon', 1e-07), ('es_patience', 20), ('min_delta', 0), ('train_test_ratio', 0.8), ('kfold', False), ('clause', 0), ('epoch_start', 0), ('testing', 0), ('adaptive_lr', True), ('cuberooting', 1), ('normalizing', 1), ('class_weights', True), ('early_stopping', True), ('initial_channels', 1), ('factor', 0.5), ('lr_patience', 10), ('min_lr', 1e-05), ('sr', 4000), ('audio_length', 5), ('step_size', 2.5), ('n_fft', 1024), ('hop_length', 254), ('n_mels', 128), ('overlap_threshold', 0.3), ('trainable_fb', False), ('to_decibel', True), ('train_nn', False), ('train_mel', False), ('file_dir', '../cache/cw/train191'), ('n_sequences', 9), ('activate_spectral_loss', False), ('normalize', False), ('stacking', False), ('oversample', False), ('one_hot_encoding', False), ('activation', 'sigmoid'), ('n_filters', 80)]
Job id is 1.
Job dir: ../cache/cw/train191/1
- Loading Icbhi.
725 Icbhi audios have been loaded.
- Preparing Icbhi.
112 Icbhi groups of audio chunks (by filename or patients) have been prepared.
--- Samples are being split into training/val groups and de-grouped by patient ---
Job id is 2.
turning the kfold from 90/10 to 80/20
100
12
to
90
22
-----------------------
--- Final training dataset went from 0 to 3969 elements, with 1889 none's, 991 crakles, 597 wheezes and 492 both ---
--- Final Validation dataset contains 2096 elements, with 989 none, 843 crackles, 120 wheezes and 144 both ---
GPUs
['/device:GPU:0']
Initializing weights...
weights = {0: 0.5252779248279513, 1: 1.0012613521695257, 2: 1.6620603015075377, 3: 2.0167682926829267}
Model: "sequential"
_________________________________________________________________
 Layer (type)                Output Shape              Param #   
=================================================================
 efficientnetb1 (Functional)  (None, 3, 16, 1280)      6575239   
                                                                 
 global_average_pooling2d (G  (None, 1280)             0         
 lobalAveragePooling2D)                                          
                                                                 
 dense (Dense)               (None, 100)               128100    
                                                                 
 dropout (Dropout)           (None, 100)               0         
                                                                 
 dense_1 (Dense)             (None, 50)                5050      
                                                                 
 dropout_1 (Dropout)         (None, 50)                0         
                                                                 
 dense_2 (Dense)             (None, 2)                 102       
                                                                 
=================================================================
Total params: 6,708,491
Trainable params: 6,646,436
Non-trainable params: 62,055
_________________________________________________________________
There is no such attribute
Model: "leaf_model9_model_efnet1"
______________________________________________________________________________________________________________
 Layer (type)                                    Output Shape                                Param #          
==============================================================================================================
 mel_filterbanks (MelFilterbanks)                multiple                                    0                
                                                                                                              
 mel_filterbanks_1 (MelFilterbanks)              multiple                                    0 (unused)       
                                                                                                              
 sincnet (SincNet)                               multiple                                    0 (unused)       
                                                                                                              
 sequential (Sequential)                         (None, 2)                                   6708491          
                                                                                                              
==============================================================================================================
Total params: 6,708,653
Trainable params: 6,646,598
Non-trainable params: 62,055
______________________________________________________________________________________________________________
Model: "sequential_1"
_________________________________________________________________
 Layer (type)                Output Shape              Param #   
=================================================================
 efficientnetb1 (Functional)  (None, 3, 16, 1280)      6575239   
                                                                 
 global_average_pooling2d_1   (None, 1280)             0         
 (GlobalAveragePooling2D)                                        
                                                                 
 dense_3 (Dense)             (None, 100)               128100    
                                                                 
 dropout_2 (Dropout)         (None, 100)               0         
                                                                 
 dense_4 (Dense)             (None, 50)                5050      
                                                                 
 dropout_3 (Dropout)         (None, 50)                0         
                                                                 
 dense_5 (Dense)             (None, 2)                 102       
                                                                 
=================================================================
Total params: 6,708,491
Trainable params: 6,646,436
Non-trainable params: 62,055
_________________________________________________________________
Model: "leaf_model9_model_efnet1_1"
______________________________________________________________________________________________________________
 Layer (type)                                    Output Shape                                Param #          
==============================================================================================================
 sincnet (SincNet)                               multiple                                    320              
                                                                                                              
 mel_filterbanks_2 (MelFilterbanks)              multiple                                    0 (unused)       
                                                                                                              
 sincnet (SincNet)                               multiple                                    0 (unused)       
                                                                                                              
 sequential_1 (Sequential)                       (None, 2)                                   6708491          
                                                                                                              
==============================================================================================================
Total params: 6,708,973
Trainable params: 6,646,918
Non-trainable params: 62,055
______________________________________________________________________________________________________________
Target metric is icbhi_score
Epoch 1/110
WARNING:tensorflow:Gradients do not exist for variables ['kernel:0', 'Variable:0', 'Variable:0'] when minimizing the loss. If you're using `model.compile()`, did you forget to provide a `loss`argument?
WARNING:tensorflow:Gradients do not exist for variables ['kernel:0', 'Variable:0', 'Variable:0'] when minimizing the loss. If you're using `model.compile()`, did you forget to provide a `loss`argument?
WARNING:tensorflow:Gradients do not exist for variables ['kernel:0', 'Variable:0', 'Variable:0'] when minimizing the loss. If you're using `model.compile()`, did you forget to provide a `loss`argument?
WARNING:tensorflow:Gradients do not exist for variables ['kernel:0', 'Variable:0', 'Variable:0'] when minimizing the loss. If you're using `model.compile()`, did you forget to provide a `loss`argument?
Validation cm: [[858  19 110   2]
 [749  23  71   0]
 [104   3  13   0]
 [133   3   8   0]]
Validation val_loss: 0.0
Validation normalized_cm: [[0.868 0.019 0.111 0.002]
 [0.888 0.027 0.084 0.   ]
 [0.867 0.025 0.108 0.   ]
 [0.924 0.021 0.056 0.   ]]
Validation acc: 0.4265267175572519
Validation class_accuracies: [0.8675429726996967, 0.027283511269276393, 0.10833333333333334, 0.0]
Validation sensitivity: 0.032520325203252036
Validation specificity: 0.8675429726996967
Validation icbhi_score: 0.45003164895147435
Validation roc_auc: None
Validation avg_accuracy: 0.2507899543255766
Validation one_indexed_epoch: 1
-- New best results were achieved. --
249/249 - 229s - accuracy: 0.5883 - student_loss: 0.7602 - distillation_loss: 0.0230 - val_accuracy: 0.4943 - val_student_loss: 0.6871 - 229s/epoch - 919ms/step
Epoch 2/110
Validation cm: [[722 165  72  30]
 [635 132  56  20]
 [ 86  17  12   5]
 [111  13  16   4]]
Validation val_loss: 0.0
Validation normalized_cm: [[0.73  0.167 0.073 0.03 ]
 [0.753 0.157 0.066 0.024]
 [0.717 0.142 0.1   0.042]
 [0.771 0.09  0.111 0.028]]
Validation acc: 0.4150763358778626
Validation class_accuracies: [0.7300303336703741, 0.15658362989323843, 0.1, 0.027777777777777776]
Validation sensitivity: 0.13369467028003612
Validation specificity: 0.7300303336703741
Validation icbhi_score: 0.4318625019752051
Validation roc_auc: None
Validation avg_accuracy: 0.2535979353353476
Validation one_indexed_epoch: 2
The validation tracker metric at 0.45003164895147435 hasn't increased by 0 in 1 epochs
249/249 - 188s - accuracy: 0.7052 - student_loss: 0.5791 - distillation_loss: -8.9220e-03 - val_accuracy: 0.6541 - val_student_loss: 0.6811 - 188s/epoch - 756ms/step
Epoch 3/110
Validation cm: [[ 79 111 283 516]
 [ 94 123 243 383]
 [ 10  12  36  62]
 [ 15  10  57  62]]
Validation val_loss: 0.0
Validation normalized_cm: [[0.08  0.112 0.286 0.522]
 [0.112 0.146 0.288 0.454]
 [0.083 0.1   0.3   0.517]
 [0.104 0.069 0.396 0.431]]
Validation acc: 0.1431297709923664
Validation class_accuracies: [0.07987866531850354, 0.14590747330960854, 0.3, 0.4305555555555556]
Validation sensitivity: 0.1996386630532972
Validation specificity: 0.07987866531850354
Validation icbhi_score: 0.13975866418590038
Validation roc_auc: None
Validation avg_accuracy: 0.23908542354591691
Validation one_indexed_epoch: 3
The validation tracker metric at 0.45003164895147435 hasn't increased by 0 in 2 epochs
249/249 - 191s - accuracy: 0.7365 - student_loss: 0.8539 - distillation_loss: 0.0149 - val_accuracy: 0.3545 - val_student_loss: 0.7538 - 191s/epoch - 766ms/step
Epoch 4/110
Validation cm: [[702  97 157  33]
 [558  52 205  28]
 [ 75  15  20  10]
 [ 98  10  32   4]]
Validation val_loss: 0.0
Validation normalized_cm: [[0.71  0.098 0.159 0.033]
 [0.662 0.062 0.243 0.033]
 [0.625 0.125 0.167 0.083]
 [0.681 0.069 0.222 0.028]]
Validation acc: 0.3711832061068702
Validation class_accuracies: [0.7098078867542973, 0.06168446026097272, 0.16666666666666666, 0.027777777777777776]
Validation sensitivity: 0.06865401987353206
Validation specificity: 0.7098078867542973
Validation icbhi_score: 0.38923095331391466
Validation roc_auc: None
Validation avg_accuracy: 0.2414841978649286
Validation one_indexed_epoch: 4
The validation tracker metric at 0.45003164895147435 hasn't increased by 0 in 3 epochs
249/249 - 190s - accuracy: 0.7354 - student_loss: 0.7256 - distillation_loss: 0.0063 - val_accuracy: 0.5143 - val_student_loss: 0.6369 - 190s/epoch - 762ms/step
Epoch 5/110
Validation cm: [[181 444  96 268]
 [137 374  69 263]
 [ 20  68   8  24]
 [ 18  79   7  40]]
Validation val_loss: 0.0
Validation normalized_cm: [[0.183 0.449 0.097 0.271]
 [0.163 0.444 0.082 0.312]
 [0.167 0.567 0.067 0.2  ]
 [0.125 0.549 0.049 0.278]]
Validation acc: 0.2876908396946565
Validation class_accuracies: [0.18301314459049545, 0.44365361803084225, 0.06666666666666667, 0.2777777777777778]
Validation sensitivity: 0.38121047877145436
Validation specificity: 0.18301314459049545
Validation icbhi_score: 0.2821118116809749
Validation roc_auc: None
Validation avg_accuracy: 0.24277780176644553
Validation one_indexed_epoch: 5
The validation tracker metric at 0.45003164895147435 hasn't increased by 0 in 4 epochs
249/249 - 191s - accuracy: 0.7536 - student_loss: 0.5751 - distillation_loss: -3.7773e-03 - val_accuracy: 0.7314 - val_student_loss: 0.6472 - 191s/epoch - 768ms/step
Epoch 6/110
Validation cm: [[473 369  17 130]
 [437 316  12  78]
 [ 56  43   1  20]
 [ 79  54   0  11]]
Validation val_loss: 0.0
Validation normalized_cm: [[0.478 0.373 0.017 0.131]
 [0.518 0.375 0.014 0.093]
 [0.467 0.358 0.008 0.167]
 [0.549 0.375 0.    0.076]]
Validation acc: 0.3821564885496183
Validation class_accuracies: [0.4782608695652174, 0.3748517200474496, 0.008333333333333333, 0.0763888888888889]
Validation sensitivity: 0.2962962962962963
Validation specificity: 0.4782608695652174
Validation icbhi_score: 0.38727858293075684
Validation roc_auc: None
Validation avg_accuracy: 0.2344587029587223
Validation one_indexed_epoch: 6
The validation tracker metric at 0.45003164895147435 hasn't increased by 0 in 5 epochs
249/249 - 196s - accuracy: 0.7503 - student_loss: 0.8188 - distillation_loss: 0.0254 - val_accuracy: 0.8769 - val_student_loss: 0.6671 - 196s/epoch - 789ms/step
Epoch 7/110
Validation cm: [[571 260  79  79]
 [482 267  41  53]
 [ 45  36  17  22]
 [ 86  36  15   7]]
Validation val_loss: 0.0
Validation normalized_cm: [[0.577 0.263 0.08  0.08 ]
 [0.572 0.317 0.049 0.063]
 [0.375 0.3   0.142 0.183]
 [0.597 0.25  0.104 0.049]]
Validation acc: 0.4112595419847328
Validation class_accuracies: [0.5773508594539939, 0.3167259786476868, 0.14166666666666666, 0.04861111111111111]
Validation sensitivity: 0.26287262872628725
Validation specificity: 0.5773508594539939
Validation icbhi_score: 0.42011174409014057
Validation roc_auc: None
Validation avg_accuracy: 0.27108865396986465
Validation one_indexed_epoch: 7
The validation tracker metric at 0.45003164895147435 hasn't increased by 0 in 6 epochs
249/249 - 199s - accuracy: 0.7606 - student_loss: 0.5668 - distillation_loss: -1.4313e-02 - val_accuracy: 0.7886 - val_student_loss: 0.6102 - 199s/epoch - 800ms/step
Epoch 8/110
Validation cm: [[106  23 453 407]
 [145  27 469 202]
 [  7   0  50  63]
 [ 25   5  72  42]]
Validation val_loss: 0.0
Validation normalized_cm: [[0.107 0.023 0.458 0.412]
 [0.172 0.032 0.556 0.24 ]
 [0.058 0.    0.417 0.525]
 [0.174 0.035 0.5   0.292]]
Validation acc: 0.10734732824427481
Validation class_accuracies: [0.10717896865520728, 0.03202846975088968, 0.4166666666666667, 0.2916666666666667]
Validation sensitivity: 0.10749774164408311
Validation specificity: 0.10717896865520728
Validation icbhi_score: 0.1073383551496452
Validation roc_auc: None
Validation avg_accuracy: 0.21188519293485758
Validation one_indexed_epoch: 8
The validation tracker metric at 0.45003164895147435 hasn't increased by 0 in 7 epochs
249/249 - 192s - accuracy: 0.7755 - student_loss: 0.6648 - distillation_loss: -1.7632e-02 - val_accuracy: 0.1827 - val_student_loss: 0.6831 - 192s/epoch - 772ms/step
Epoch 9/110
Validation cm: [[582 208  40 159]
 [550 185  21  87]
 [ 57  26   3  34]
 [109  26   1   8]]
Validation val_loss: 0.0
Validation normalized_cm: [[0.588 0.21  0.04  0.161]
 [0.652 0.219 0.025 0.103]
 [0.475 0.217 0.025 0.283]
 [0.757 0.181 0.007 0.056]]
Validation acc: 0.3711832061068702
Validation class_accuracies: [0.5884732052578362, 0.21945432977461446, 0.025, 0.05555555555555555]
Validation sensitivity: 0.17705510388437218
Validation specificity: 0.5884732052578362
Validation icbhi_score: 0.3827641545711042
Validation roc_auc: None
Validation avg_accuracy: 0.22212077264700156
Validation one_indexed_epoch: 9
The validation tracker metric at 0.45003164895147435 hasn't increased by 0 in 8 epochs
249/249 - 191s - accuracy: 0.7785 - student_loss: 0.5758 - distillation_loss: -1.5381e-02 - val_accuracy: 0.8316 - val_student_loss: 0.5820 - 191s/epoch - 768ms/step
Epoch 10/110
Validation cm: [[185  67 397 340]
 [237  62 374 170]
 [ 14   6  54  46]
 [ 27   8  70  39]]
Validation val_loss: 0.0
Validation normalized_cm: [[0.187 0.068 0.401 0.344]
 [0.281 0.074 0.444 0.202]
 [0.117 0.05  0.45  0.383]
 [0.188 0.056 0.486 0.271]]
Validation acc: 0.16221374045801526
Validation class_accuracies: [0.1870576339737108, 0.07354685646500593, 0.45, 0.2708333333333333]
Validation sensitivity: 0.14001806684733514
Validation specificity: 0.1870576339737108
Validation icbhi_score: 0.163537850410523
Validation roc_auc: None
Validation avg_accuracy: 0.2453594559430125
Validation one_indexed_epoch: 10
The validation tracker metric at 0.45003164895147435 hasn't increased by 0 in 9 epochs
249/249 - 199s - accuracy: 0.7768 - student_loss: 0.6116 - distillation_loss: -1.7542e-02 - val_accuracy: 0.2591 - val_student_loss: 0.6638 - 199s/epoch - 801ms/step
Epoch 11/110
Validation cm: [[316 621   6  46]
 [251 561   1  30]
 [ 24  71   0  25]
 [ 43  96   0   5]]
Validation val_loss: 0.0
Validation normalized_cm: [[0.32  0.628 0.006 0.047]
 [0.298 0.665 0.001 0.036]
 [0.2   0.592 0.    0.208]
 [0.299 0.667 0.    0.035]]
Validation acc: 0.4208015267175573
Validation class_accuracies: [0.3195146612740142, 0.6654804270462633, 0.0, 0.034722222222222224]
Validation sensitivity: 0.5112917795844625
Validation specificity: 0.3195146612740142
Validation icbhi_score: 0.41540322042923833
Validation roc_auc: None
Validation avg_accuracy: 0.2549293276356249
Validation one_indexed_epoch: 11
The validation tracker metric at 0.45003164895147435 hasn't increased by 0 in 10 epochs
Lr has been adjusted to 0.0024999999441206455
249/249 - 191s - accuracy: 0.7773 - student_loss: 0.4591 - distillation_loss: -1.0084e-02 - val_accuracy: 0.9308 - val_student_loss: 0.5441 - 191s/epoch - 766ms/step
Epoch 12/110
Validation cm: [[ 23  10 217 739]
 [ 19  18 232 574]
 [  0   1  43  76]
 [  3   1  54  86]]
Validation val_loss: 0.0
Validation normalized_cm: [[0.023 0.01  0.219 0.747]
 [0.023 0.021 0.275 0.681]
 [0.    0.008 0.358 0.633]
 [0.021 0.007 0.375 0.597]]
Validation acc: 0.08110687022900763
Validation class_accuracies: [0.023255813953488372, 0.021352313167259787, 0.35833333333333334, 0.5972222222222222]
Validation sensitivity: 0.13279132791327913
Validation specificity: 0.023255813953488372
Validation icbhi_score: 0.07802357093338375
Validation roc_auc: None
Validation avg_accuracy: 0.2500409206690759
Validation one_indexed_epoch: 12
The validation tracker metric at 0.45003164895147435 hasn't increased by 0 in 11 epochs
249/249 - 193s - accuracy: 0.7851 - student_loss: 0.6653 - distillation_loss: -1.2401e-02 - val_accuracy: 0.1031 - val_student_loss: 1.0606 - 193s/epoch - 776ms/step
Epoch 13/110
Validation cm: [[233 318 165 273]
 [157 317 158 211]
 [ 12  25  34  49]
 [ 26  46  47  25]]
Validation val_loss: 0.0
Validation normalized_cm: [[0.236 0.322 0.167 0.276]
 [0.186 0.376 0.187 0.25 ]
 [0.1   0.208 0.283 0.408]
 [0.181 0.319 0.326 0.174]]
Validation acc: 0.2905534351145038
Validation class_accuracies: [0.23559150657229525, 0.3760379596678529, 0.2833333333333333, 0.1736111111111111]
Validation sensitivity: 0.33965672990063234
Validation specificity: 0.23559150657229525
Validation icbhi_score: 0.2876241182364638
Validation roc_auc: None
Validation avg_accuracy: 0.26714347767114816
Validation one_indexed_epoch: 13
The validation tracker metric at 0.45003164895147435 hasn't increased by 0 in 12 epochs
249/249 - 201s - accuracy: 0.7876 - student_loss: 0.5619 - distillation_loss: -1.0560e-02 - val_accuracy: 0.5997 - val_student_loss: 0.5402 - 201s/epoch - 806ms/step
Epoch 14/110
Validation cm: [[199 101 585 104]
 [101  28 665  49]
 [ 11   4  96   9]
 [ 10   2 124   8]]
Validation val_loss: 0.0
Validation normalized_cm: [[0.201 0.102 0.592 0.105]
 [0.12  0.033 0.789 0.058]
 [0.092 0.033 0.8   0.075]
 [0.069 0.014 0.861 0.056]]
Validation acc: 0.15791984732824427
Validation class_accuracies: [0.2012133468149646, 0.033214709371293, 0.8, 0.05555555555555555]
Validation sensitivity: 0.11924119241192412
Validation specificity: 0.2012133468149646
Validation icbhi_score: 0.16022726961344436
Validation roc_auc: None
Validation avg_accuracy: 0.2724959029354533
Validation one_indexed_epoch: 14
The validation tracker metric at 0.45003164895147435 hasn't increased by 0 in 13 epochs
249/249 - 193s - accuracy: 0.7896 - student_loss: 0.5536 - distillation_loss: -1.5749e-02 - val_accuracy: 0.2090 - val_student_loss: 0.8828 - 193s/epoch - 775ms/step
Epoch 15/110
Validation cm: [[322 224  71 372]
 [338 272  37 196]
 [ 28  25  12  55]
 [ 67  47   9  21]]
Validation val_loss: 0.0
Validation normalized_cm: [[0.326 0.226 0.072 0.376]
 [0.401 0.323 0.044 0.233]
 [0.233 0.208 0.1   0.458]
 [0.465 0.326 0.062 0.146]]
Validation acc: 0.2991412213740458
Validation class_accuracies: [0.32558139534883723, 0.32265717674970346, 0.1, 0.14583333333333334]
Validation sensitivity: 0.2755194218608853
Validation specificity: 0.32558139534883723
Validation icbhi_score: 0.30055040860486126
Validation roc_auc: None
Validation avg_accuracy: 0.2235179763579685
Validation one_indexed_epoch: 15
The validation tracker metric at 0.45003164895147435 hasn't increased by 0 in 14 epochs
249/249 - 191s - accuracy: 0.7964 - student_loss: 0.9027 - distillation_loss: 0.0256 - val_accuracy: 0.7090 - val_student_loss: 0.6317 - 191s/epoch - 767ms/step
Epoch 16/110
Validation cm: [[496 477   0  16]
 [325 510   2   6]
 [ 22  93   1   4]
 [ 51  92   0   1]]
Validation val_loss: 0.0
Validation normalized_cm: [[0.502 0.482 0.    0.016]
 [0.386 0.605 0.002 0.007]
 [0.183 0.775 0.008 0.033]
 [0.354 0.639 0.    0.007]]
Validation acc: 0.48091603053435117
Validation class_accuracies: [0.5015166835187057, 0.604982206405694, 0.008333333333333333, 0.006944444444444444]
Validation sensitivity: 0.46251129177958444
Validation specificity: 0.5015166835187057
Validation icbhi_score: 0.48201398764914505
Validation roc_auc: None
Validation avg_accuracy: 0.28044416692554436
Validation one_indexed_epoch: 16
-- New best results were achieved. --
249/249 - 185s - accuracy: 0.7833 - student_loss: 0.8586 - distillation_loss: 0.0174 - val_accuracy: 0.9385 - val_student_loss: 0.3962 - 185s/epoch - 744ms/step
Epoch 17/110
Validation cm: [[  7 106  32 844]
 [  1  52  33 757]
 [  0   5   1 114]
 [  0   9   1 134]]
Validation val_loss: 0.0
Validation normalized_cm: [[0.007 0.107 0.032 0.853]
 [0.001 0.062 0.039 0.898]
 [0.    0.042 0.008 0.95 ]
 [0.    0.062 0.007 0.931]]
Validation acc: 0.09255725190839695
Validation class_accuracies: [0.007077856420626896, 0.06168446026097272, 0.008333333333333333, 0.9305555555555556]
Validation sensitivity: 0.16892502258355918
Validation specificity: 0.007077856420626896
Validation icbhi_score: 0.08800143950209303
Validation roc_auc: None
Validation avg_accuracy: 0.2519128013926221
Validation one_indexed_epoch: 17
The validation tracker metric at 0.48201398764914505 hasn't increased by 0 in 1 epochs
249/249 - 178s - accuracy: 0.7967 - student_loss: 0.4684 - distillation_loss: -6.3788e-03 - val_accuracy: 0.3378 - val_student_loss: 0.7319 - 178s/epoch - 714ms/step
Epoch 18/110
Validation cm: [[279 431  16 263]
 [243 433   8 159]
 [ 13  47   3  57]
 [ 49  75   1  19]]
Validation val_loss: 0.0
Validation normalized_cm: [[0.282 0.436 0.016 0.266]
 [0.288 0.514 0.009 0.189]
 [0.108 0.392 0.025 0.475]
 [0.34  0.521 0.007 0.132]]
Validation acc: 0.3501908396946565
Validation class_accuracies: [0.282103134479272, 0.5136417556346382, 0.025, 0.13194444444444445]
Validation sensitivity: 0.4110207768744354
Validation specificity: 0.282103134479272
Validation icbhi_score: 0.34656195567685366
Validation roc_auc: None
Validation avg_accuracy: 0.23817233363958865
Validation one_indexed_epoch: 18
The validation tracker metric at 0.48201398764914505 hasn't increased by 0 in 2 epochs
249/249 - 178s - accuracy: 0.7909 - student_loss: 0.8870 - distillation_loss: 0.0071 - val_accuracy: 0.8373 - val_student_loss: 0.5188 - 178s/epoch - 716ms/step
Epoch 19/110
Validation cm: [[480 477   0  32]
 [324 505   0  14]
 [ 22  93   0   5]
 [ 58  85   0   1]]
Validation val_loss: 0.0
Validation normalized_cm: [[0.485 0.482 0.    0.032]
 [0.384 0.599 0.    0.017]
 [0.183 0.775 0.    0.042]
 [0.403 0.59  0.    0.007]]
Validation acc: 0.47041984732824427
Validation class_accuracies: [0.48533872598584427, 0.5990510083036773, 0.0, 0.006944444444444444]
Validation sensitivity: 0.45709123757904246
Validation specificity: 0.48533872598584427
Validation icbhi_score: 0.47121498178244337
Validation roc_auc: None
Validation avg_accuracy: 0.27283354468349147
Validation one_indexed_epoch: 19
The validation tracker metric at 0.48201398764914505 hasn't increased by 0 in 3 epochs
249/249 - 175s - accuracy: 0.7929 - student_loss: 0.5689 - distillation_loss: 9.4819e-04 - val_accuracy: 0.9413 - val_student_loss: 0.3191 - 175s/epoch - 701ms/step
Epoch 20/110
Validation cm: [[809 165   0  15]
 [734 101   0   8]
 [ 70  44   1   5]
 [121  22   0   1]]
Validation val_loss: 0.0
Validation normalized_cm: [[0.818 0.167 0.    0.015]
 [0.871 0.12  0.    0.009]
 [0.583 0.367 0.008 0.042]
 [0.84  0.153 0.    0.007]]
Validation acc: 0.4351145038167939
Validation class_accuracies: [0.8179979777553084, 0.11981020166073547, 0.008333333333333333, 0.006944444444444444]
Validation sensitivity: 0.0930442637759711
Validation specificity: 0.8179979777553084
Validation icbhi_score: 0.4555211207656397
Validation roc_auc: None
Validation avg_accuracy: 0.23827148929845537
Validation one_indexed_epoch: 20
The validation tracker metric at 0.48201398764914505 hasn't increased by 0 in 4 epochs
249/249 - 175s - accuracy: 0.7911 - student_loss: 0.5344 - distillation_loss: -1.5797e-02 - val_accuracy: 0.9389 - val_student_loss: 0.5016 - 175s/epoch - 704ms/step
Epoch 21/110
Validation cm: [[407 160 183 239]
 [281 120 165 277]
 [ 26  22  24  48]
 [ 46  18  34  46]]
Validation val_loss: 0.0
Validation normalized_cm: [[0.412 0.162 0.185 0.242]
 [0.333 0.142 0.196 0.329]
 [0.217 0.183 0.2   0.4  ]
 [0.319 0.125 0.236 0.319]]
Validation acc: 0.2848282442748092
Validation class_accuracies: [0.4115267947421638, 0.1423487544483986, 0.2, 0.3194444444444444]
Validation sensitivity: 0.17163504968383017
Validation specificity: 0.4115267947421638
Validation icbhi_score: 0.291580922212997
Validation roc_auc: None
Validation avg_accuracy: 0.2683299984087517
Validation one_indexed_epoch: 21
The validation tracker metric at 0.48201398764914505 hasn't increased by 0 in 5 epochs
249/249 - 179s - accuracy: 0.8040 - student_loss: 1.1473 - distillation_loss: 0.0298 - val_accuracy: 0.5134 - val_student_loss: 0.7176 - 179s/epoch - 717ms/step
Epoch 22/110
Validation cm: [[179 443  82 285]
 [134 477  50 182]
 [  4  29  17  70]
 [ 13  85   9  37]]
Validation val_loss: 0.0
Validation normalized_cm: [[0.181 0.448 0.083 0.288]
 [0.159 0.566 0.059 0.216]
 [0.033 0.242 0.142 0.583]
 [0.09  0.59  0.062 0.257]]
Validation acc: 0.3387404580152672
Validation class_accuracies: [0.18099089989888775, 0.5658362989323843, 0.14166666666666666, 0.2569444444444444]
Validation sensitivity: 0.4796747967479675
Validation specificity: 0.18099089989888775
Validation icbhi_score: 0.33033284832342763
Validation roc_auc: None
Validation avg_accuracy: 0.28635957748559576
Validation one_indexed_epoch: 22
The validation tracker metric at 0.48201398764914505 hasn't increased by 0 in 6 epochs
249/249 - 179s - accuracy: 0.8047 - student_loss: 0.6404 - distillation_loss: -3.5312e-03 - val_accuracy: 0.7352 - val_student_loss: 0.4440 - 179s/epoch - 718ms/step
Epoch 23/110
Validation cm: [[  1 219  14 755]
 [  0 194   8 641]
 [  0  28   2  90]
 [  0  43   0 101]]
Validation val_loss: 0.0
Validation normalized_cm: [[0.001 0.221 0.014 0.763]
 [0.    0.23  0.009 0.76 ]
 [0.    0.233 0.017 0.75 ]
 [0.    0.299 0.    0.701]]
Validation acc: 0.14217557251908397
Validation class_accuracies: [0.0010111223458038423, 0.23013048635824437, 0.016666666666666666, 0.7013888888888888]
Validation sensitivity: 0.2682926829268293
Validation specificity: 0.0010111223458038423
Validation icbhi_score: 0.13465190263631657
Validation roc_auc: None
Validation avg_accuracy: 0.23729929106490094
Validation one_indexed_epoch: 23
The validation tracker metric at 0.48201398764914505 hasn't increased by 0 in 7 epochs
249/249 - 189s - accuracy: 0.8060 - student_loss: 0.9550 - distillation_loss: 0.0027 - val_accuracy: 0.6455 - val_student_loss: 0.5254 - 189s/epoch - 759ms/step
Epoch 24/110
Validation cm: [[772 156   1  60]
 [687 135   0  21]
 [ 64  48   2   6]
 [116  27   0   1]]
Validation val_loss: 0.0
Validation normalized_cm: [[0.781 0.158 0.001 0.061]
 [0.815 0.16  0.    0.025]
 [0.533 0.4   0.017 0.05 ]
 [0.806 0.188 0.    0.007]]
Validation acc: 0.43416030534351147
Validation class_accuracies: [0.7805864509605662, 0.1601423487544484, 0.016666666666666666, 0.006944444444444444]
Validation sensitivity: 0.12466124661246612
Validation specificity: 0.7805864509605662
Validation icbhi_score: 0.4526238487865162
Validation roc_auc: None
Validation avg_accuracy: 0.24108497770653145
Validation one_indexed_epoch: 24
The validation tracker metric at 0.48201398764914505 hasn't increased by 0 in 8 epochs
249/249 - 187s - accuracy: 0.7994 - student_loss: 0.5123 - distillation_loss: -1.3465e-02 - val_accuracy: 0.9208 - val_student_loss: 0.4280 - 187s/epoch - 749ms/step
Epoch 25/110
Validation cm: [[  1   0 371 617]
 [  0   1 301 541]
 [  0   0  63  57]
 [  0   0  64  80]]
Validation val_loss: 0.0
Validation normalized_cm: [[0.001 0.    0.375 0.624]
 [0.    0.001 0.357 0.642]
 [0.    0.    0.525 0.475]
 [0.    0.    0.444 0.556]]
Validation acc: 0.0691793893129771
Validation class_accuracies: [0.0010111223458038423, 0.0011862396204033216, 0.525, 0.5555555555555556]
Validation sensitivity: 0.13008130081300814
Validation specificity: 0.0010111223458038423
Validation icbhi_score: 0.06554621157940599
Validation roc_auc: None
Validation avg_accuracy: 0.2706882293804407
Validation one_indexed_epoch: 25
The validation tracker metric at 0.48201398764914505 hasn't increased by 0 in 9 epochs
249/249 - 184s - accuracy: 0.8050 - student_loss: 0.4287 - distillation_loss: -7.7246e-03 - val_accuracy: 0.0587 - val_student_loss: 1.2606 - 184s/epoch - 738ms/step
Epoch 26/110
Validation cm: [[337 530  25  97]
 [200 558  15  70]
 [ 31  74   5  10]
 [ 30  97   2  15]]
Validation val_loss: 0.0
Validation normalized_cm: [[0.341 0.536 0.025 0.098]
 [0.237 0.662 0.018 0.083]
 [0.258 0.617 0.042 0.083]
 [0.208 0.674 0.014 0.104]]
Validation acc: 0.43654580152671757
Validation class_accuracies: [0.34074823053589487, 0.6619217081850534, 0.041666666666666664, 0.10416666666666667]
Validation sensitivity: 0.5221318879855466
Validation specificity: 0.34074823053589487
Validation icbhi_score: 0.4314400592607207
Validation roc_auc: None
Validation avg_accuracy: 0.2871258180135704
Validation one_indexed_epoch: 26
The validation tracker metric at 0.48201398764914505 hasn't increased by 0 in 10 epochs
Lr has been adjusted to 0.0012499999720603228
249/249 - 188s - accuracy: 0.8088 - student_loss: 1.0608 - distillation_loss: 0.0093 - val_accuracy: 0.8645 - val_student_loss: 0.5255 - 188s/epoch - 756ms/step
Epoch 27/110
Validation cm: [[807 138   0  44]
 [723 103   0  17]
 [ 68  46   1   5]
 [120  24   0   0]]
Validation val_loss: 0.0
Validation normalized_cm: [[0.816 0.14  0.    0.044]
 [0.858 0.122 0.    0.02 ]
 [0.567 0.383 0.008 0.042]
 [0.833 0.167 0.    0.   ]]
Validation acc: 0.43463740458015265
Validation class_accuracies: [0.8159757330637007, 0.1221826809015421, 0.008333333333333333, 0.0]
Validation sensitivity: 0.0939476061427281
Validation specificity: 0.8159757330637007
Validation icbhi_score: 0.45496166960321444
Validation roc_auc: None
Validation avg_accuracy: 0.23662293682464403
Validation one_indexed_epoch: 27
The validation tracker metric at 0.48201398764914505 hasn't increased by 0 in 11 epochs
249/249 - 190s - accuracy: 0.8060 - student_loss: 0.4197 - distillation_loss: 0.0017 - val_accuracy: 0.9342 - val_student_loss: 0.4500 - 190s/epoch - 761ms/step
Epoch 28/110
Validation cm: [[288 597   7  97]
 [166 602   4  71]
 [ 15  58   9  38]
 [ 16 107   1  20]]
Validation val_loss: 0.0
Validation normalized_cm: [[0.291 0.604 0.007 0.098]
 [0.197 0.714 0.005 0.084]
 [0.125 0.483 0.075 0.317]
 [0.111 0.743 0.007 0.139]]
Validation acc: 0.43845419847328243
Validation class_accuracies: [0.29120323559150657, 0.7141162514827996, 0.075, 0.1388888888888889]
Validation sensitivity: 0.5700090334236676
Validation specificity: 0.29120323559150657
Validation icbhi_score: 0.4306061345075871
Validation roc_auc: None
Validation avg_accuracy: 0.3048020939907987
Validation one_indexed_epoch: 28
The validation tracker metric at 0.48201398764914505 hasn't increased by 0 in 12 epochs
249/249 - 187s - accuracy: 0.8073 - student_loss: 0.4584 - distillation_loss: -1.2276e-02 - val_accuracy: 0.8998 - val_student_loss: 0.3608 - 187s/epoch - 750ms/step
Epoch 29/110
Validation cm: [[712 228   4  45]
 [600 220   0  23]
 [ 44  64   2  10]
 [ 94  49   0   1]]
Validation val_loss: 0.0
Validation normalized_cm: [[0.72  0.231 0.004 0.046]
 [0.712 0.261 0.    0.027]
 [0.367 0.533 0.017 0.083]
 [0.653 0.34  0.    0.007]]
Validation acc: 0.446087786259542
Validation class_accuracies: [0.7199191102123357, 0.2609727164887307, 0.016666666666666666, 0.006944444444444444]
Validation sensitivity: 0.2014453477868112
Validation specificity: 0.7199191102123357
Validation icbhi_score: 0.46068222899957345
Validation roc_auc: None
Validation avg_accuracy: 0.2511257344530444
Validation one_indexed_epoch: 29
The validation tracker metric at 0.48201398764914505 hasn't increased by 0 in 13 epochs
249/249 - 189s - accuracy: 0.8110 - student_loss: 1.0953 - distillation_loss: 0.0245 - val_accuracy: 0.9308 - val_student_loss: 0.4683 - 189s/epoch - 759ms/step
Epoch 30/110
Validation cm: [[809  58  99  23]
 [716  10  87  30]
 [ 81  10  29   0]
 [121   1  22   0]]
Validation val_loss: 0.0
Validation normalized_cm: [[0.818 0.059 0.1   0.023]
 [0.849 0.012 0.103 0.036]
 [0.675 0.083 0.242 0.   ]
 [0.84  0.007 0.153 0.   ]]
Validation acc: 0.40458015267175573
Validation class_accuracies: [0.8179979777553084, 0.011862396204033215, 0.24166666666666667, 0.0]
Validation sensitivity: 0.03523035230352303
Validation specificity: 0.8179979777553084
Validation icbhi_score: 0.4266141650294157
Validation roc_auc: None
Validation avg_accuracy: 0.26788176015650206
Validation one_indexed_epoch: 30
The validation tracker metric at 0.48201398764914505 hasn't increased by 0 in 14 epochs
249/249 - 192s - accuracy: 0.8095 - student_loss: 0.5318 - distillation_loss: -1.4479e-02 - val_accuracy: 0.7739 - val_student_loss: 0.5653 - 192s/epoch - 772ms/step
Epoch 31/110
Validation cm: [[554 413   4  18]
 [378 451   0  14]
 [ 36  59   4  21]
 [ 52  86   0   6]]
Validation val_loss: 0.0
Validation normalized_cm: [[0.56  0.418 0.004 0.018]
 [0.448 0.535 0.    0.017]
 [0.3   0.492 0.033 0.175]
 [0.361 0.597 0.    0.042]]
Validation acc: 0.4842557251908397
Validation class_accuracies: [0.5601617795753286, 0.534994068801898, 0.03333333333333333, 0.041666666666666664]
Validation sensitivity: 0.4164408310749774
Validation specificity: 0.5601617795753286
Validation icbhi_score: 0.48830130532515303
Validation roc_auc: None
Validation avg_accuracy: 0.29253896209430674
Validation one_indexed_epoch: 31
-- New best results were achieved. --
249/249 - 195s - accuracy: 0.8080 - student_loss: 0.4006 - distillation_loss: -1.4563e-02 - val_accuracy: 0.9413 - val_student_loss: 0.3121 - 195s/epoch - 782ms/step
Epoch 32/110
Validation cm: [[134 363 104 388]
 [ 67 291 122 363]
 [  2   7  30  81]
 [ 10  39  23  72]]
Validation val_loss: 0.0
Validation normalized_cm: [[0.135 0.367 0.105 0.392]
 [0.079 0.345 0.145 0.431]
 [0.017 0.058 0.25  0.675]
 [0.069 0.271 0.16  0.5  ]]
Validation acc: 0.2514312977099237
Validation class_accuracies: [0.13549039433771487, 0.34519572953736655, 0.25, 0.5]
Validation sensitivity: 0.35501355013550134
Validation specificity: 0.13549039433771487
Validation icbhi_score: 0.2452519722366081
Validation roc_auc: None
Validation avg_accuracy: 0.30767153096877037
Validation one_indexed_epoch: 32
The validation tracker metric at 0.48830130532515303 hasn't increased by 0 in 1 epochs
249/249 - 190s - accuracy: 0.8131 - student_loss: 0.3771 - distillation_loss: 0.0074 - val_accuracy: 0.6174 - val_student_loss: 0.5032 - 190s/epoch - 764ms/step
Epoch 33/110
Validation cm: [[672 248  32  37]
 [577 224  14  28]
 [ 41  23  37  19]
 [ 72  53  11   8]]
Validation val_loss: 0.0
Validation normalized_cm: [[0.679 0.251 0.032 0.037]
 [0.684 0.266 0.017 0.033]
 [0.342 0.192 0.308 0.158]
 [0.5   0.368 0.076 0.056]]
Validation acc: 0.44895038167938933
Validation class_accuracies: [0.679474216380182, 0.265717674970344, 0.30833333333333335, 0.05555555555555555]
Validation sensitivity: 0.24299909665763325
Validation specificity: 0.679474216380182
Validation icbhi_score: 0.46123665651890766
Validation roc_auc: None
Validation avg_accuracy: 0.3272701950598537
Validation one_indexed_epoch: 33
The validation tracker metric at 0.48830130532515303 hasn't increased by 0 in 2 epochs
249/249 - 186s - accuracy: 0.8108 - student_loss: 0.9648 - distillation_loss: 0.0068 - val_accuracy: 0.9151 - val_student_loss: 0.3804 - 186s/epoch - 747ms/step
Epoch 34/110
Validation cm: [[738 185   2  64]
 [697 108   8  30]
 [ 62  50   1   7]
 [120  24   0   0]]
Validation val_loss: 0.0
Validation normalized_cm: [[0.746 0.187 0.002 0.065]
 [0.827 0.128 0.009 0.036]
 [0.517 0.417 0.008 0.058]
 [0.833 0.167 0.    0.   ]]
Validation acc: 0.4041030534351145
Validation class_accuracies: [0.7462082912032356, 0.12811387900355872, 0.008333333333333333, 0.0]
Validation sensitivity: 0.0984643179765131
Validation specificity: 0.7462082912032356
Validation icbhi_score: 0.42233630458987437
Validation roc_auc: None
Validation avg_accuracy: 0.22066387588503192
Validation one_indexed_epoch: 34
The validation tracker metric at 0.48830130532515303 hasn't increased by 0 in 3 epochs
249/249 - 211s - accuracy: 0.8196 - student_loss: 0.4811 - distillation_loss: -1.2377e-02 - val_accuracy: 0.9074 - val_student_loss: 0.4221 - 211s/epoch - 848ms/step
Epoch 35/110
Validation cm: [[176 283 227 303]
 [138 297 148 260]
 [  3  10  58  49]
 [ 12  53  39  40]]
Validation val_loss: 0.0
Validation normalized_cm: [[0.178 0.286 0.23  0.306]
 [0.164 0.352 0.176 0.308]
 [0.025 0.083 0.483 0.408]
 [0.083 0.368 0.271 0.278]]
Validation acc: 0.2724236641221374
Validation class_accuracies: [0.17795753286147623, 0.35231316725978645, 0.48333333333333334, 0.2777777777777778]
