Tensorflow Version: 2.8.0
Num GPUs Available:  1
Collecting Variables...
All variables have been collected.
../cache/
cw
train200
Description:  effnet: kfold, mel, no normalizing, 1 optimizer w adaptive lr, overlap threshold = 0.3,
-----------------------
training parameters
[('cache_root', '../cache/'), ('data_root', '../data/'), ('jordan_root', '../data/jwyy9np4gv-3/'), ('icbhi_root', '../data/raw_audios/icbhi_preprocessed_v2_8000/'), ('bd_root', '../data/PCV_SEGMENTED_Processed_Files/'), ('excel_path', '../data/Bangladesh_PCV_onlyStudyPatients.xlsx'), ('perch_root', '../data/raw_audios/perch_8000_10seconds'), ('ant_root', '../data/raw_audios/Antwerp_Clinical_Complete'), ('description', ' effnet: kfold, mel, no normalizing, 1 optimizer w adaptive lr, overlap threshold = 0.3,'), ('job_id', 0), ('mode', 'cw'), ('n_classes', 2), ('shape', (80, 500, 3)), ('n_epochs', 110), ('lr', 0.002), ('batch_size', 16), ('ll2_reg', 0), ('weight_decay', 0.0001), ('label_smoothing', 0), ('epsilon', 1e-07), ('es_patience', 15), ('min_delta', 0), ('train_test_ratio', 0.8), ('kfold', False), ('clause', 0), ('epoch_start', 0), ('testing', 0), ('adaptive_lr', False), ('cuberooting', 1), ('normalizing', 1), ('class_weights', True), ('early_stopping', True), ('initial_channels', 1), ('factor', 0.5), ('lr_patience', 10), ('min_lr', 1e-05), ('sr', 8000), ('audio_length', 5), ('step_size', 2.5), ('n_fft', 1024), ('hop_length', 254), ('n_mels', 128), ('overlap_threshold', 0.3), ('trainable_fb', False), ('to_decibel', True), ('train_nn', False), ('train_mel', False), ('file_dir', '../cache/cw/train200'), ('n_sequences', 9), ('activate_spectral_loss', False), ('normalize', False), ('stacking', False), ('oversample', False), ('one_hot_encoding', False), ('activation', 'sigmoid'), ('n_filters', 80), ('code', -1), ('distillation', False)]
Job id is 1.
Job dir: ../cache/cw/train200/1
- Loading Icbhi.
920 Icbhi audios have been loaded.
- Preparing Icbhi.
126 Icbhi groups of audio chunks (by filename or patients) have been prepared.
--- Samples are being split into training/val groups and de-grouped by patient ---
Job id is 2.
len(_all_samples)
7857
-----------------------
--- Final training dataset went from 0 to 4769 elements, with 2299 none's, 1353 crakles, 554 wheezes and 563 both ---
--- Final Validation dataset contains 3080 elements, with 1574 none, 860 crackles, 404 wheezes and 242 both ---
GPUs
['/device:GPU:0']
Initializing weights...
weights = {0: 0.518595041322314, 1: 0.881189948263119, 2: 2.152075812274368, 3: 2.1176731793960926}
Model: "sequential"
_________________________________________________________________
 Layer (type)                Output Shape              Param #   
=================================================================
 resnet50 (Functional)       (None, 3, 16, 2048)       23587712  
                                                                 
 global_average_pooling2d (G  (None, 2048)             0         
 lobalAveragePooling2D)                                          
                                                                 
 dense (Dense)               (None, 100)               204900    
                                                                 
 dropout (Dropout)           (None, 100)               0         
                                                                 
 dense_1 (Dense)             (None, 50)                5050      
                                                                 
 dropout_1 (Dropout)         (None, 50)                0         
                                                                 
 dense_2 (Dense)             (None, 2)                 102       
                                                                 
=================================================================
Total params: 23,797,764
Trainable params: 23,744,644
Non-trainable params: 53,120
_________________________________________________________________
There is no such attribute
Model: "leaf_model9_model_efnet1"
______________________________________________________________________________________________________________
 Layer (type)                                    Output Shape                                Param #          
==============================================================================================================
 mel_filterbanks_1 (MelFilterbanks)              multiple                                    0                
                                                                                                              
 mel_filterbanks_2 (MelFilterbanks)              multiple                                    0 (unused)       
                                                                                                              
 sincnet (SincNet)                               multiple                                    0 (unused)       
                                                                                                              
 sequential (Sequential)                         (None, 2)                                   23797764         
                                                                                                              
==============================================================================================================
Total params: 23,797,926
Trainable params: 23,744,806
Non-trainable params: 53,120
______________________________________________________________________________________________________________
Model: "sequential_1"
_________________________________________________________________
 Layer (type)                Output Shape              Param #   
=================================================================
 efficientnetb1 (Functional)  (None, 3, 16, 1280)      6575239   
                                                                 
 global_average_pooling2d_1   (None, 1280)             0         
 (GlobalAveragePooling2D)                                        
                                                                 
 dense_3 (Dense)             (None, 100)               128100    
                                                                 
 dropout_2 (Dropout)         (None, 100)               0         
                                                                 
 dense_4 (Dense)             (None, 50)                5050      
                                                                 
 dropout_3 (Dropout)         (None, 50)                0         
                                                                 
 dense_5 (Dense)             (None, 2)                 102       
                                                                 
=================================================================
Total params: 6,708,491
Trainable params: 6,646,436
Non-trainable params: 62,055
_________________________________________________________________
Model: "leaf_model9_model_efnet1_1"
______________________________________________________________________________________________________________
 Layer (type)                                    Output Shape                                Param #          
==============================================================================================================
 mel_filterbanks (MelFilterbanks)                multiple                                    0                
                                                                                                              
 mel_filterbanks_3 (MelFilterbanks)              multiple                                    0 (unused)       
                                                                                                              
 sincnet (SincNet)                               multiple                                    0 (unused)       
                                                                                                              
 sequential_1 (Sequential)                       (None, 2)                                   6708491          
                                                                                                              
==============================================================================================================
Total params: 6,708,653
Trainable params: 6,646,598
Non-trainable params: 62,055
______________________________________________________________________________________________________________
Target metric is icbhi_score
here
There is no such attribute
here2
Epoch 1/110
/home/alirachidi/classification_algorithm/trainers/modules/main/global_helpers.py:48: UserWarning: Matplotlib is currently using agg, which is a non-GUI backend, so cannot show the figure.
  plt.show()
WARNING:tensorflow:Gradients do not exist for variables ['kernel:0', 'Variable:0', 'Variable:0'] when minimizing the loss. If you're using `model.compile()`, did you forget to provide a `loss`argument?
WARNING:tensorflow:Gradients do not exist for variables ['kernel:0', 'Variable:0', 'Variable:0'] when minimizing the loss. If you're using `model.compile()`, did you forget to provide a `loss`argument?
WARNING:tensorflow:Gradients do not exist for variables ['kernel:0', 'Variable:0', 'Variable:0'] when minimizing the loss. If you're using `model.compile()`, did you forget to provide a `loss`argument?
WARNING:tensorflow:Gradients do not exist for variables ['kernel:0', 'Variable:0', 'Variable:0'] when minimizing the loss. If you're using `model.compile()`, did you forget to provide a `loss`argument?
Validation cm: [[1103  471    0    0]
 [ 547  313    0    0]
 [ 283  121    0    0]
 [ 147   95    0    0]]
Validation val_loss: 0.6198668984333416
Validation normalized_cm: [[0.701 0.299 0.    0.   ]
 [0.636 0.364 0.    0.   ]
 [0.7   0.3   0.    0.   ]
 [0.607 0.393 0.    0.   ]]
Validation acc: 0.4597402597402597
Validation class_accuracies: [0.7007623888182973, 0.363953488372093, 0.0, 0.0]
Validation sensitivity: 0.20783532536520585
Validation specificity: 0.7007623888182973
Validation icbhi_score: 0.4542988570917516
Validation roc_auc: None
Validation avg_accuracy: 0.2661789692975976
Validation one_indexed_epoch: 1
Tensor("kl_divergence/weighted_loss/value:0", shape=(), dtype=float32)
Tensor("kl_divergence/weighted_loss/value:0", shape=(), dtype=float32)
-- New best results were achieved. --
299/299 - 535s - accuracy: 0.5949 - student_loss: 0.6436 - distillation_loss: 0.0047 - val_accuracy: 0.8591 - val_student_loss: 0.6740 - 535s/epoch - 2s/step
here
There is no such attribute
here2
Epoch 2/110
Validation cm: [[1556   18    0    0]
 [ 841   19    0    0]
 [ 397    7    0    0]
 [ 237    5    0    0]]
Validation val_loss: 0.5967205916809571
Validation normalized_cm: [[0.989 0.011 0.    0.   ]
 [0.978 0.022 0.    0.   ]
 [0.983 0.017 0.    0.   ]
 [0.979 0.021 0.    0.   ]]
Validation acc: 0.5113636363636364
Validation class_accuracies: [0.98856416772554, 0.022093023255813953, 0.0, 0.0]
Validation sensitivity: 0.012616201859229747
Validation specificity: 0.98856416772554
Validation icbhi_score: 0.5005901847923849
Validation roc_auc: None
Validation avg_accuracy: 0.2526642977453385
Validation one_indexed_epoch: 2
-- New best results were achieved. --
299/299 - 542s - accuracy: 0.7509 - student_loss: 0.3347 - distillation_loss: 0.0027 - val_accuracy: 0.8195 - val_student_loss: 0.3677 - 542s/epoch - 2s/step
here
There is no such attribute
here2
Epoch 3/110
Validation cm: [[1510   64    0    0]
 [ 806   54    0    0]
 [ 389   15    0    0]
 [ 224   18    0    0]]
Validation val_loss: 0.5855642915981544
Validation normalized_cm: [[0.959 0.041 0.    0.   ]
 [0.937 0.063 0.    0.   ]
 [0.963 0.037 0.    0.   ]
 [0.926 0.074 0.    0.   ]]
Validation acc: 0.5077922077922078
Validation class_accuracies: [0.9593392630241423, 0.06279069767441861, 0.0, 0.0]
Validation sensitivity: 0.035856573705179286
Validation specificity: 0.9593392630241423
Validation icbhi_score: 0.4975979183646608
Validation roc_auc: None
Validation avg_accuracy: 0.25553249017464025
Validation one_indexed_epoch: 3
The validation tracker metric at 0.5005901847923849 hasn't increased by 0 in 1 epochs
299/299 - 537s - accuracy: 0.7742 - student_loss: 0.5754 - distillation_loss: 0.0132 - val_accuracy: 0.8331 - val_student_loss: 0.5018 - 537s/epoch - 2s/step
here
There is no such attribute
here2
Epoch 4/110
Validation cm: [[1357  217    0    0]
 [ 661  199    0    0]
 [ 326   78    0    0]
 [ 199   43    0    0]]
Validation val_loss: 0.5912562998084279
Validation normalized_cm: [[0.862 0.138 0.    0.   ]
 [0.769 0.231 0.    0.   ]
 [0.807 0.193 0.    0.   ]
 [0.822 0.178 0.    0.   ]]
Validation acc: 0.5051948051948052
Validation class_accuracies: [0.8621346886912326, 0.2313953488372093, 0.0, 0.0]
Validation sensitivity: 0.13213811420982735
Validation specificity: 0.8621346886912326
Validation icbhi_score: 0.49713640145052995
Validation roc_auc: None
Validation avg_accuracy: 0.27338250938211045
Validation one_indexed_epoch: 4
The validation tracker metric at 0.5005901847923849 hasn't increased by 0 in 2 epochs
299/299 - 534s - accuracy: 0.8023 - student_loss: 0.5697 - distillation_loss: 0.0041 - val_accuracy: 0.8584 - val_student_loss: 0.2885 - 534s/epoch - 2s/step
here
There is no such attribute
here2
Epoch 5/110
Validation cm: [[1369  205    0    0]
 [ 646  214    0    0]
 [ 359   45    0    0]
 [ 210   32    0    0]]
Validation val_loss: 0.5751095697719169
Validation normalized_cm: [[0.87  0.13  0.    0.   ]
 [0.751 0.249 0.    0.   ]
 [0.889 0.111 0.    0.   ]
 [0.868 0.132 0.    0.   ]]
Validation acc: 0.513961038961039
Validation class_accuracies: [0.8697585768742059, 0.24883720930232558, 0.0, 0.0]
Validation sensitivity: 0.14209827357237717
Validation specificity: 0.8697585768742059
Validation icbhi_score: 0.5059284252232915
Validation roc_auc: None
Validation avg_accuracy: 0.27964894654413286
Validation one_indexed_epoch: 5
-- New best results were achieved. --
299/299 - 538s - accuracy: 0.7842 - student_loss: 0.6072 - distillation_loss: -8.7699e-03 - val_accuracy: 0.8266 - val_student_loss: 0.2595 - 538s/epoch - 2s/step
here
There is no such attribute
here2
Epoch 6/110
Validation cm: [[1340  234    0    0]
 [ 660  200    0    0]
 [ 356   48    0    0]
 [ 202   40    0    0]]
Validation val_loss: 0.5857654815757429
Validation normalized_cm: [[0.851 0.149 0.    0.   ]
 [0.767 0.233 0.    0.   ]
 [0.881 0.119 0.    0.   ]
 [0.835 0.165 0.    0.   ]]
Validation acc: 0.5
Validation class_accuracies: [0.8513341804320204, 0.23255813953488372, 0.0, 0.0]
Validation sensitivity: 0.13280212483399734
Validation specificity: 0.8513341804320204
Validation icbhi_score: 0.49206815263300885
Validation roc_auc: None
Validation avg_accuracy: 0.27097307999172604
Validation one_indexed_epoch: 6
The validation tracker metric at 0.5059284252232915 hasn't increased by 0 in 1 epochs
299/299 - 552s - accuracy: 0.7920 - student_loss: 0.5099 - distillation_loss: 0.0026 - val_accuracy: 0.8445 - val_student_loss: 0.3209 - 552s/epoch - 2s/step
here
There is no such attribute
here2
Epoch 7/110
Validation cm: [[1352  222    0    0]
 [ 689  171    0    0]
 [ 363   41    0    0]
 [ 212   30    0    0]]
Validation val_loss: 0.5816658469183105
Validation normalized_cm: [[0.859 0.141 0.    0.   ]
 [0.801 0.199 0.    0.   ]
 [0.899 0.101 0.    0.   ]
 [0.876 0.124 0.    0.   ]]
Validation acc: 0.49448051948051946
Validation class_accuracies: [0.8589580686149937, 0.19883720930232557, 0.0, 0.0]
Validation sensitivity: 0.11354581673306773
Validation specificity: 0.8589580686149937
Validation icbhi_score: 0.4862519426740307
Validation roc_auc: None
Validation avg_accuracy: 0.2644488194793298
Validation one_indexed_epoch: 7
The validation tracker metric at 0.5059284252232915 hasn't increased by 0 in 2 epochs
299/299 - 531s - accuracy: 0.7922 - student_loss: 0.4172 - distillation_loss: -7.8305e-03 - val_accuracy: 0.8136 - val_student_loss: 0.3496 - 531s/epoch - 2s/step
here
There is no such attribute
here2
Epoch 8/110
Validation cm: [[1316  258    0    0]
 [ 695  165    0    0]
 [ 377   26    1    0]
 [ 210   32    0    0]]
Validation val_loss: 0.5770848804020456
Validation normalized_cm: [[0.836 0.164 0.    0.   ]
 [0.808 0.192 0.    0.   ]
 [0.933 0.064 0.002 0.   ]
 [0.868 0.132 0.    0.   ]]
Validation acc: 0.4811688311688312
Validation class_accuracies: [0.8360864040660737, 0.19186046511627908, 0.0024752475247524753, 0.0]
Validation sensitivity: 0.1102257636122178
Validation specificity: 0.8360864040660737
Validation icbhi_score: 0.47315608383914576
Validation roc_auc: None
Validation avg_accuracy: 0.2576055291767763
Validation one_indexed_epoch: 8
The validation tracker metric at 0.5059284252232915 hasn't increased by 0 in 3 epochs
299/299 - 485s - accuracy: 0.7968 - student_loss: 0.3273 - distillation_loss: 3.3108e-04 - val_accuracy: 0.8364 - val_student_loss: 0.3465 - 485s/epoch - 2s/step
here
There is no such attribute
here2
Epoch 9/110
Validation cm: [[1516   58    0    0]
 [ 821   39    0    0]
 [ 389   14    1    0]
 [ 237    5    0    0]]
Validation val_loss: 0.5860063061795452
Validation normalized_cm: [[0.963 0.037 0.    0.   ]
 [0.955 0.045 0.    0.   ]
 [0.963 0.035 0.002 0.   ]
 [0.979 0.021 0.    0.   ]]
Validation acc: 0.5051948051948052
Validation class_accuracies: [0.963151207115629, 0.04534883720930233, 0.0024752475247524753, 0.0]
Validation sensitivity: 0.02656042496679947
Validation specificity: 0.963151207115629
Validation icbhi_score: 0.4948558160412142
Validation roc_auc: None
Validation avg_accuracy: 0.2527438229624209
Validation one_indexed_epoch: 9
The validation tracker metric at 0.5059284252232915 hasn't increased by 0 in 4 epochs
299/299 - 552s - accuracy: 0.8157 - student_loss: 0.3507 - distillation_loss: -6.6925e-03 - val_accuracy: 0.8347 - val_student_loss: 0.3100 - 552s/epoch - 2s/step
here
There is no such attribute
here2
Epoch 10/110
Validation cm: [[1428  121   25    0]
 [ 720  136    4    0]
 [ 362   20   21    1]
 [ 212   27    3    0]]
Validation val_loss: 0.5645497710359367
Validation normalized_cm: [[0.907 0.077 0.016 0.   ]
 [0.837 0.158 0.005 0.   ]
 [0.896 0.05  0.052 0.002]
 [0.876 0.112 0.012 0.   ]]
Validation acc: 0.5146103896103896
Validation class_accuracies: [0.9072426937738246, 0.15813953488372093, 0.05198019801980198, 0.0]
Validation sensitivity: 0.10424966799468792
Validation specificity: 0.9072426937738246
Validation icbhi_score: 0.5057461808842563
Validation roc_auc: None
Validation avg_accuracy: 0.2793406066693369
Validation one_indexed_epoch: 10
The validation tracker metric at 0.5059284252232915 hasn't increased by 0 in 5 epochs
299/299 - 552s - accuracy: 0.8121 - student_loss: 0.3957 - distillation_loss: 0.0054 - val_accuracy: 0.7688 - val_student_loss: 0.2351 - 552s/epoch - 2s/step
here
There is no such attribute
here2
Epoch 11/110
Validation cm: [[1434   75   56    9]
 [ 778   72    9    1]
 [ 347   15   38    4]
 [ 204   16   21    1]]
Validation val_loss: 0.5543899469343679
Validation normalized_cm: [[0.911 0.048 0.036 0.006]
 [0.905 0.084 0.01  0.001]
 [0.859 0.037 0.094 0.01 ]
 [0.843 0.066 0.087 0.004]]
Validation acc: 0.5016233766233766
Validation class_accuracies: [0.9110546378653113, 0.08372093023255814, 0.09405940594059406, 0.004132231404958678]
Validation sensitivity: 0.07370517928286853
Validation specificity: 0.9110546378653113
Validation icbhi_score: 0.4923799085740899
Validation roc_auc: None
Validation avg_accuracy: 0.2732418013608556
Validation one_indexed_epoch: 11
The validation tracker metric at 0.5059284252232915 hasn't increased by 0 in 6 epochs
299/299 - 549s - accuracy: 0.8088 - student_loss: 0.4341 - distillation_loss: -4.7251e-03 - val_accuracy: 0.8000 - val_student_loss: 0.3812 - 549s/epoch - 2s/step
here
There is no such attribute
here2
Epoch 12/110
Validation cm: [[1415  124   31    4]
 [ 695  162    2    1]
 [ 336   31   29    8]
 [ 210   23    7    2]]
Validation val_loss: 0.5551567215653886
Validation normalized_cm: [[0.899 0.079 0.02  0.003]
 [0.808 0.188 0.002 0.001]
 [0.832 0.077 0.072 0.02 ]
 [0.868 0.095 0.029 0.008]]
Validation acc: 0.522077922077922
Validation class_accuracies: [0.8989834815756036, 0.1883720930232558, 0.07178217821782178, 0.008264462809917356]
Validation sensitivity: 0.12815405046480743
Validation specificity: 0.8989834815756036
Validation icbhi_score: 0.5135687660202055
Validation roc_auc: None
Validation avg_accuracy: 0.29185055390664966
Validation one_indexed_epoch: 12
-- New best results were achieved. --
299/299 - 546s - accuracy: 0.8218 - student_loss: 1.2619 - distillation_loss: 0.0067 - val_accuracy: 0.8205 - val_student_loss: 0.2712 - 546s/epoch - 2s/step
here
There is no such attribute
here2
Epoch 13/110
Validation cm: [[1076  268  205   25]
 [ 518  316   22    4]
 [ 215   49  108   32]
 [ 119   47   48   28]]
Validation val_loss: 0.5545333617983701
Validation normalized_cm: [[0.684 0.17  0.13  0.016]
 [0.602 0.367 0.026 0.005]
 [0.532 0.121 0.267 0.079]
 [0.492 0.194 0.198 0.116]]
Validation acc: 0.4961038961038961
Validation class_accuracies: [0.6836086404066074, 0.3674418604651163, 0.26732673267326734, 0.11570247933884298]
Validation sensitivity: 0.300132802124834
Validation specificity: 0.6836086404066074
Validation icbhi_score: 0.49187072126572073
Validation roc_auc: None
Validation avg_accuracy: 0.3585199282209585
Validation one_indexed_epoch: 13
The validation tracker metric at 0.5135687660202055 hasn't increased by 0 in 1 epochs
299/299 - 553s - accuracy: 0.8180 - student_loss: 1.3343 - distillation_loss: 0.0064 - val_accuracy: 0.7614 - val_student_loss: 0.6452 - 553s/epoch - 2s/step
here
There is no such attribute
here2
Epoch 14/110
Validation cm: [[1080  212  265   17]
 [ 595  223   36    6]
 [ 176   55  140   33]
 [ 122   31   67   22]]
Validation val_loss: 0.5552573396509828
Validation normalized_cm: [[0.686 0.135 0.168 0.011]
 [0.692 0.259 0.042 0.007]
 [0.436 0.136 0.347 0.082]
 [0.504 0.128 0.277 0.091]]
Validation acc: 0.47564935064935066
Validation class_accuracies: [0.6861499364675985, 0.2593023255813954, 0.3465346534653465, 0.09090909090909091]
Validation sensitivity: 0.2556440903054449
Validation specificity: 0.6861499364675985
Validation icbhi_score: 0.4708970133865217
Validation roc_auc: None
Validation avg_accuracy: 0.3457240016058578
Validation one_indexed_epoch: 14
The validation tracker metric at 0.5135687660202055 hasn't increased by 0 in 2 epochs
299/299 - 558s - accuracy: 0.8155 - student_loss: 0.5634 - distillation_loss: -1.7117e-03 - val_accuracy: 0.7620 - val_student_loss: 0.8583 - 558s/epoch - 2s/step
here
There is no such attribute
here2
Epoch 15/110
Validation cm: [[1035  240  252   47]
 [ 599  220   25   16]
 [ 164   26  136   78]
 [ 102   33   73   34]]
Validation val_loss: 0.5654063738483404
Validation normalized_cm: [[0.658 0.152 0.16  0.03 ]
 [0.697 0.256 0.029 0.019]
 [0.406 0.064 0.337 0.193]
 [0.421 0.136 0.302 0.14 ]]
Validation acc: 0.46266233766233766
Validation class_accuracies: [0.6575603557814486, 0.2558139534883721, 0.33663366336633666, 0.14049586776859505]
Validation sensitivity: 0.2589641434262948
Validation specificity: 0.6575603557814486
Validation icbhi_score: 0.4582622496038717
Validation roc_auc: None
Validation avg_accuracy: 0.34762596010118807
Validation one_indexed_epoch: 15
The validation tracker metric at 0.5135687660202055 hasn't increased by 0 in 3 epochs
299/299 - 550s - accuracy: 0.8220 - student_loss: 0.3394 - distillation_loss: 0.0055 - val_accuracy: 0.7471 - val_student_loss: 0.8156 - 550s/epoch - 2s/step
here
There is no such attribute
here2
Epoch 16/110
Validation cm: [[1468    8   86   12]
 [ 843    8    8    1]
 [ 321   19   52   12]
 [ 212    9   16    5]]
Validation val_loss: 0.6323766929877608
Validation normalized_cm: [[0.933 0.005 0.055 0.008]
 [0.98  0.009 0.009 0.001]
 [0.795 0.047 0.129 0.03 ]
 [0.876 0.037 0.066 0.021]]
Validation acc: 0.49772727272727274
Validation class_accuracies: [0.9326556543837357, 0.009302325581395349, 0.12871287128712872, 0.02066115702479339]
Validation sensitivity: 0.04316069057104914
Validation specificity: 0.9326556543837357
Validation icbhi_score: 0.4879081724773924
Validation roc_auc: None
Validation avg_accuracy: 0.27283300206926325
Validation one_indexed_epoch: 16
The validation tracker metric at 0.5135687660202055 hasn't increased by 0 in 4 epochs
299/299 - 555s - accuracy: 0.8234 - student_loss: 0.2651 - distillation_loss: 0.0066 - val_accuracy: 0.8214 - val_student_loss: 0.2936 - 555s/epoch - 2s/step
here
There is no such attribute
here2
Epoch 17/110
Validation cm: [[1247   15  305    7]
 [ 779   25   54    2]
 [ 208    6  170   20]
 [ 120    4  100   18]]
Validation val_loss: 0.578790736420068
Validation normalized_cm: [[0.792 0.01  0.194 0.004]
 [0.906 0.029 0.063 0.002]
 [0.515 0.015 0.421 0.05 ]
 [0.496 0.017 0.413 0.074]]
Validation acc: 0.474025974025974
Validation class_accuracies: [0.7922490470139771, 0.029069767441860465, 0.4207920792079208, 0.0743801652892562]
Validation sensitivity: 0.14143426294820718
Validation specificity: 0.7922490470139771
Validation icbhi_score: 0.46684165498109215
Validation roc_auc: None
Validation avg_accuracy: 0.32912276473825364
Validation one_indexed_epoch: 17
The validation tracker metric at 0.5135687660202055 hasn't increased by 0 in 5 epochs
299/299 - 560s - accuracy: 0.8155 - student_loss: 1.2661 - distillation_loss: 0.0072 - val_accuracy: 0.7162 - val_student_loss: 0.9840 - 560s/epoch - 2s/step
here
There is no such attribute
here2
Epoch 18/110
Validation cm: [[693 638 188  55]
 [312 517  20  11]
 [136 125  75  68]
 [103  82  38  19]]
Validation val_loss: 0.5982033564721222
Validation normalized_cm: [[0.44  0.405 0.119 0.035]
 [0.363 0.601 0.023 0.013]
 [0.337 0.309 0.186 0.168]
 [0.426 0.339 0.157 0.079]]
Validation acc: 0.42337662337662335
Validation class_accuracies: [0.44027954256670904, 0.6011627906976744, 0.18564356435643564, 0.07851239669421488]
Validation sensitivity: 0.40571049136786186
Validation specificity: 0.44027954256670904
Validation icbhi_score: 0.4229950169672855
Validation roc_auc: None
Validation avg_accuracy: 0.3263995735787585
Validation one_indexed_epoch: 18
The validation tracker metric at 0.5135687660202055 hasn't increased by 0 in 6 epochs
299/299 - 559s - accuracy: 0.8197 - student_loss: 0.5298 - distillation_loss: 0.0034 - val_accuracy: 0.7753 - val_student_loss: 0.2449 - 559s/epoch - 2s/step
here
There is no such attribute
here2
Epoch 19/110
Validation cm: [[1169   73  295   37]
 [ 758   64   32    6]
 [ 175   17  167   45]
 [ 116    6   93   27]]
Validation val_loss: 0.5884946632579985
Validation normalized_cm: [[0.743 0.046 0.187 0.024]
 [0.881 0.074 0.037 0.007]
 [0.433 0.042 0.413 0.111]
 [0.479 0.025 0.384 0.112]]
Validation acc: 0.4633116883116883
Validation class_accuracies: [0.7426937738246506, 0.07441860465116279, 0.41336633663366334, 0.1115702479338843]
Validation sensitivity: 0.17131474103585656
Validation specificity: 0.7426937738246506
Validation icbhi_score: 0.4570042574302536
Validation roc_auc: None
Validation avg_accuracy: 0.33551224076084024
Validation one_indexed_epoch: 19
The validation tracker metric at 0.5135687660202055 hasn't increased by 0 in 7 epochs
299/299 - 552s - accuracy: 0.8253 - student_loss: 0.4651 - distillation_loss: 0.0157 - val_accuracy: 0.7315 - val_student_loss: 1.3963 - 552s/epoch - 2s/step
here
There is no such attribute
here2
Epoch 20/110
Validation cm: [[887 497 162  28]
 [415 429  13   3]
 [185 146  49  24]
 [106 112  17   7]]
Validation val_loss: 0.6212848694898285
Validation normalized_cm: [[0.564 0.316 0.103 0.018]
 [0.483 0.499 0.015 0.003]
 [0.458 0.361 0.121 0.059]
 [0.438 0.463 0.07  0.029]]
Validation acc: 0.44545454545454544
Validation class_accuracies: [0.5635324015247777, 0.49883720930232556, 0.12128712871287128, 0.028925619834710745]
Validation sensitivity: 0.32204515272244355
Validation specificity: 0.5635324015247777
Validation icbhi_score: 0.44278877712361064
Validation roc_auc: None
Validation avg_accuracy: 0.30314558984367135
Validation one_indexed_epoch: 20
The validation tracker metric at 0.5135687660202055 hasn't increased by 0 in 8 epochs
299/299 - 556s - accuracy: 0.8320 - student_loss: 0.2984 - distillation_loss: 0.0093 - val_accuracy: 0.8127 - val_student_loss: 0.3482 - 556s/epoch - 2s/step
here
There is no such attribute
here2
Epoch 21/110
Validation cm: [[1225  131  201   17]
 [ 678  164   17    1]
 [ 199   40  114   51]
 [ 127   30   62   23]]
Validation val_loss: 0.587815107479117
Validation normalized_cm: [[0.778 0.083 0.128 0.011]
 [0.788 0.191 0.02  0.001]
 [0.493 0.099 0.282 0.126]
 [0.525 0.124 0.256 0.095]]
Validation acc: 0.4954545454545455
Validation class_accuracies: [0.7782719186785261, 0.19069767441860466, 0.28217821782178215, 0.09504132231404959]
Validation sensitivity: 0.199867197875166
Validation specificity: 0.7782719186785261
Validation icbhi_score: 0.48906955827684606
Validation roc_auc: None
Validation avg_accuracy: 0.33654728330824063
Validation one_indexed_epoch: 21
The validation tracker metric at 0.5135687660202055 hasn't increased by 0 in 9 epochs
299/299 - 568s - accuracy: 0.8358 - student_loss: 1.4074 - distillation_loss: 0.0061 - val_accuracy: 0.7971 - val_student_loss: 0.8215 - 568s/epoch - 2s/step
here
There is no such attribute
here2
Epoch 22/110
Validation cm: [[1269    6  293    6]
 [ 777   20   58    5]
 [ 185    5  206    8]
 [ 124    0  111    7]]
Validation val_loss: 0.5840533040655178
Validation normalized_cm: [[0.806 0.004 0.186 0.004]
 [0.903 0.023 0.067 0.006]
 [0.458 0.012 0.51  0.02 ]
 [0.512 0.    0.459 0.029]]
Validation acc: 0.4876623376623377
Validation class_accuracies: [0.8062261753494282, 0.023255813953488372, 0.5099009900990099, 0.028925619834710745]
Validation sensitivity: 0.1547144754316069
Validation specificity: 0.8062261753494282
Validation icbhi_score: 0.48047032539051754
Validation roc_auc: None
Validation avg_accuracy: 0.3420771498091593
Validation one_indexed_epoch: 22
The validation tracker metric at 0.5135687660202055 hasn't increased by 0 in 10 epochs
299/299 - 560s - accuracy: 0.8320 - student_loss: 0.3201 - distillation_loss: 0.0065 - val_accuracy: 0.7084 - val_student_loss: 0.8873 - 560s/epoch - 2s/step
here
There is no such attribute
here2
Epoch 23/110
Validation cm: [[951 380 207  36]
 [466 367  19   8]
 [179  50 101  74]
 [109  34  59  40]]
Validation val_loss: 0.6080221098696499
Validation normalized_cm: [[0.604 0.241 0.132 0.023]
 [0.542 0.427 0.022 0.009]
 [0.443 0.124 0.25  0.183]
 [0.45  0.14  0.244 0.165]]
Validation acc: 0.4737012987012987
Validation class_accuracies: [0.6041931385006353, 0.42674418604651165, 0.25, 0.1652892561983471]
Validation sensitivity: 0.33731739707835323
Validation specificity: 0.6041931385006353
Validation icbhi_score: 0.4707552677894943
Validation roc_auc: None
Validation avg_accuracy: 0.36155664518637354
Validation one_indexed_epoch: 23
The validation tracker metric at 0.5135687660202055 hasn't increased by 0 in 11 epochs
299/299 - 559s - accuracy: 0.8333 - student_loss: 0.3765 - distillation_loss: 0.0028 - val_accuracy: 0.7922 - val_student_loss: 0.6944 - 559s/epoch - 2s/step
here
There is no such attribute
here2
Epoch 24/110
Validation cm: [[1118  226  202   28]
 [ 577  254   23    6]
 [ 180   40  142   42]
 [ 111   25   61   45]]
Validation val_loss: 0.5811186064932006
Validation normalized_cm: [[0.71  0.144 0.128 0.018]
 [0.671 0.295 0.027 0.007]
 [0.446 0.099 0.351 0.104]
 [0.459 0.103 0.252 0.186]]
Validation acc: 0.5061688311688312
Validation class_accuracies: [0.7102922490470139, 0.29534883720930233, 0.35148514851485146, 0.1859504132231405]
Validation sensitivity: 0.29282868525896416
Validation specificity: 0.7102922490470139
Validation icbhi_score: 0.5015604671529891
Validation roc_auc: None
Validation avg_accuracy: 0.3857691619985771
Validation one_indexed_epoch: 24
The validation tracker metric at 0.5135687660202055 hasn't increased by 0 in 12 epochs
299/299 - 559s - accuracy: 0.8314 - student_loss: 1.2649 - distillation_loss: 0.0064 - val_accuracy: 0.7747 - val_student_loss: 0.8801 - 559s/epoch - 2s/step
here
There is no such attribute
here2
Epoch 25/110
Validation cm: [[938 255 306  75]
 [493 284  41  42]
 [115  31 135 123]
 [ 75  25  76  66]]
Validation val_loss: 0.5863145774526691
Validation normalized_cm: [[0.596 0.162 0.194 0.048]
 [0.573 0.33  0.048 0.049]
 [0.285 0.077 0.334 0.304]
 [0.31  0.103 0.314 0.273]]
Validation acc: 0.462012987012987
Validation class_accuracies: [0.5959339263024143, 0.3302325581395349, 0.3341584158415842, 0.2727272727272727]
Validation sensitivity: 0.32204515272244355
Validation specificity: 0.5959339263024143
Validation icbhi_score: 0.45898953951242893
Validation roc_auc: None
Validation avg_accuracy: 0.3832630432527015
Validation one_indexed_epoch: 25
The validation tracker metric at 0.5135687660202055 hasn't increased by 0 in 13 epochs
299/299 - 569s - accuracy: 0.8413 - student_loss: 0.2870 - distillation_loss: -3.1139e-03 - val_accuracy: 0.7198 - val_student_loss: 0.8235 - 569s/epoch - 2s/step
here
There is no such attribute
here2
Epoch 26/110
Validation cm: [[1315  193   51   15]
 [ 694  160    5    1]
 [ 259   57   48   40]
 [ 166   36   30   10]]
Validation val_loss: 0.6307877520412243
Validation normalized_cm: [[0.835 0.123 0.032 0.01 ]
 [0.807 0.186 0.006 0.001]
 [0.641 0.141 0.119 0.099]
 [0.686 0.149 0.124 0.041]]
Validation acc: 0.49772727272727274
Validation class_accuracies: [0.8354510800508259, 0.18604651162790697, 0.1188118811881188, 0.04132231404958678]
Validation sensitivity: 0.14475431606905712
Validation specificity: 0.8354510800508259
Validation icbhi_score: 0.4901026980599415
Validation roc_auc: None
Validation avg_accuracy: 0.29540794672910964
Validation one_indexed_epoch: 26
The validation tracker metric at 0.5135687660202055 hasn't increased by 0 in 14 epochs
299/299 - 562s - accuracy: 0.8327 - student_loss: 0.2747 - distillation_loss: 0.0087 - val_accuracy: 0.8214 - val_student_loss: 0.1365 - 562s/epoch - 2s/step
here
There is no such attribute
here2
Epoch 27/110
Validation cm: [[1248  140  170   16]
 [ 610  231   17    2]
 [ 233   29  111   31]
 [ 143   28   49   22]]
Validation val_loss: 0.6026056536175493
Validation normalized_cm: [[0.793 0.089 0.108 0.01 ]
 [0.709 0.269 0.02  0.002]
 [0.577 0.072 0.275 0.077]
 [0.591 0.116 0.202 0.091]]
Validation acc: 0.5233766233766234
Validation class_accuracies: [0.7928843710292249, 0.2686046511627907, 0.2747524752475248, 0.09090909090909091]
Validation sensitivity: 0.24169986719787517
Validation specificity: 0.7928843710292249
Validation icbhi_score: 0.51729211911355
Validation roc_auc: None
Validation avg_accuracy: 0.3567876470871578
Validation one_indexed_epoch: 27
-- New best results were achieved. --
299/299 - 561s - accuracy: 0.8398 - student_loss: 0.3424 - distillation_loss: 0.0058 - val_accuracy: 0.7948 - val_student_loss: 0.7502 - 561s/epoch - 2s/step
here
There is no such attribute
here2
Epoch 28/110
Validation cm: [[1104  165  253   52]
 [ 582  226   31   21]
 [ 162   30  150   62]
 [ 110   18   65   49]]
Validation val_loss: 0.6299780452804634
Validation normalized_cm: [[0.701 0.105 0.161 0.033]
 [0.677 0.263 0.036 0.024]
 [0.401 0.074 0.371 0.153]
 [0.455 0.074 0.269 0.202]]
Validation acc: 0.49642857142857144
Validation class_accuracies: [0.7013977128335451, 0.2627906976744186, 0.3712871287128713, 0.2024793388429752]
Validation sensitivity: 0.2822045152722444
Validation specificity: 0.7013977128335451
Validation icbhi_score: 0.49180111405289473
Validation roc_auc: None
Validation avg_accuracy: 0.38448871951595254
Validation one_indexed_epoch: 28
The validation tracker metric at 0.51729211911355 hasn't increased by 0 in 1 epochs
299/299 - 557s - accuracy: 0.8362 - student_loss: 0.1743 - distillation_loss: 0.0084 - val_accuracy: 0.7688 - val_student_loss: 1.7602 - 557s/epoch - 2s/step
here
There is no such attribute
here2
Epoch 29/110
Validation cm: [[1246  101  213   14]
 [ 697  132   25    6]
 [ 226   21  127   30]
 [ 135   19   70   18]]
Validation val_loss: 0.5927390642272151
Validation normalized_cm: [[0.792 0.064 0.135 0.009]
 [0.81  0.153 0.029 0.007]
 [0.559 0.052 0.314 0.074]
 [0.558 0.079 0.289 0.074]]
Validation acc: 0.49448051948051946
Validation class_accuracies: [0.7916137229987293, 0.15348837209302327, 0.31435643564356436, 0.0743801652892562]
Validation sensitivity: 0.18393094289508632
Validation specificity: 0.7916137229987293
Validation icbhi_score: 0.4877723329469078
Validation roc_auc: None
Validation avg_accuracy: 0.3334596740061433
Validation one_indexed_epoch: 29
The validation tracker metric at 0.51729211911355 hasn't increased by 0 in 2 epochs
299/299 - 563s - accuracy: 0.8463 - student_loss: 0.4691 - distillation_loss: 0.0106 - val_accuracy: 0.7731 - val_student_loss: 1.1042 - 563s/epoch - 2s/step
here
There is no such attribute
here2
Epoch 30/110
Validation cm: [[642 689 153  90]
 [220 616   9  15]
 [111 153  61  79]
 [ 57 103  33  49]]
Validation val_loss: 0.6362851700813558
Validation normalized_cm: [[0.408 0.438 0.097 0.057]
 [0.256 0.716 0.01  0.017]
 [0.275 0.379 0.151 0.196]
 [0.236 0.426 0.136 0.202]]
Validation acc: 0.44415584415584414
Validation class_accuracies: [0.4078780177890724, 0.7162790697674418, 0.15099009900990099, 0.2024793388429752]
Validation sensitivity: 0.4820717131474104
Validation specificity: 0.4078780177890724
Validation icbhi_score: 0.4449748654682414
Validation roc_auc: None
Validation avg_accuracy: 0.36940663135234764
Validation one_indexed_epoch: 30
The validation tracker metric at 0.51729211911355 hasn't increased by 0 in 3 epochs
299/299 - 566s - accuracy: 0.8379 - student_loss: 0.6086 - distillation_loss: 0.0174 - val_accuracy: 0.7994 - val_student_loss: 0.6330 - 566s/epoch - 2s/step
here
There is no such attribute
here2
Epoch 31/110
Validation cm: [[1112  299  130   33]
 [ 482  356   17    5]
 [ 157   57   95   95]
 [ 104   48   47   43]]
Validation val_loss: 0.5907332529731049
Validation normalized_cm: [[0.706 0.19  0.083 0.021]
 [0.56  0.414 0.02  0.006]
 [0.389 0.141 0.235 0.235]
 [0.43  0.198 0.194 0.178]]
Validation acc: 0.5214285714285715
Validation class_accuracies: [0.7064803049555273, 0.413953488372093, 0.23514851485148514, 0.17768595041322313]
Validation sensitivity: 0.3280212483399734
Validation specificity: 0.7064803049555273
Validation icbhi_score: 0.5172507766477503
Validation roc_auc: None
Validation avg_accuracy: 0.38331706464808213
Validation one_indexed_epoch: 31
The validation tracker metric at 0.51729211911355 hasn't increased by 0 in 4 epochs
299/299 - 564s - accuracy: 0.8421 - student_loss: 0.4601 - distillation_loss: -4.9575e-04 - val_accuracy: 0.8016 - val_student_loss: 0.4779 - 564s/epoch - 2s/step
here
There is no such attribute
here2
Epoch 32/110
Validation cm: [[1180  308   57   29]
 [ 501  348    8    3]
 [ 246   57   58   43]
 [ 146   42   32   22]]
Validation val_loss: 0.6844652114310922
Validation normalized_cm: [[0.75  0.196 0.036 0.018]
 [0.583 0.405 0.009 0.003]
 [0.609 0.141 0.144 0.106]
 [0.603 0.174 0.132 0.091]]
Validation acc: 0.522077922077922
Validation class_accuracies: [0.7496823379923762, 0.4046511627906977, 0.14356435643564355, 0.09090909090909091]
Validation sensitivity: 0.28419654714475434
Validation specificity: 0.7496823379923762
Validation icbhi_score: 0.5169394425685653
Validation roc_auc: None
Validation avg_accuracy: 0.34720173703195206
Validation one_indexed_epoch: 32
The validation tracker metric at 0.51729211911355 hasn't increased by 0 in 5 epochs
299/299 - 566s - accuracy: 0.8434 - student_loss: 2.2396 - distillation_loss: 0.0083 - val_accuracy: 0.8159 - val_student_loss: 0.1441 - 566s/epoch - 2s/step
here
There is no such attribute
here2
Epoch 33/110
Validation cm: [[1315   88  156   15]
 [ 746   96   16    2]
 [ 275   13  102   14]
 [ 169   10   49   14]]
Validation val_loss: 0.7071932707921913
