Tensorflow Version: 2.8.0
Num GPUs Available:  1
Collecting Variables...
All variables have been collected.
../cache/
cw
train219
Description: kfold with all data
-----------------------
training parameters
[('cache_root', '../cache/'), ('data_root', '../data/'), ('jordan_root', '../data/jwyy9np4gv-3/'), ('icbhi_root', '../data/raw_audios/icbhi_preprocessed_v2_8000/'), ('bd_root', '../data/PCV_SEGMENTED_Processed_Files/'), ('excel_path', '../data/Bangladesh_PCV_onlyStudyPatients.xlsx'), ('perch_root', '../data/raw_audios/perch_8000_10seconds'), ('ant_root', '../data/raw_audios/Antwerp_Clinical_Complete'), ('description', 'kfold with all data'), ('job_id', 0), ('mode', 'cw'), ('n_classes', 2), ('shape', (80, 200, 3)), ('n_epochs', 100), ('lr', 0.005), ('batch_size', 64), ('ll2_reg', 0), ('weight_decay', 0.0001), ('label_smoothing', 0), ('epsilon', 1e-07), ('es_patience', 13), ('min_delta', 0), ('train_test_ratio', 0.8), ('kfold', True), ('clause', 0), ('epoch_start', 0), ('testing', 0), ('adaptive_lr', True), ('cuberooting', 1), ('normalizing', 1), ('class_weights', True), ('early_stopping', True), ('initial_channels', 1), ('factor', 0.25), ('lr_patience', 6), ('min_lr', 1e-05), ('sr', 8000), ('audio_length', 5), ('step_size', 2.5), ('n_fft', 2048), ('hop_length', 254), ('n_mels', 128), ('overlap_threshold', 0.3), ('trainable_fb', False), ('to_decibel', True), ('train_nn', False), ('train_mel', False), ('file_dir', '../cache/cw/train219'), ('n_sequences', 9), ('activate_spectral_loss', False), ('normalize', False), ('stacking', False), ('oversample', False), ('one_hot_encoding', False), ('activation', 'sigmoid'), ('n_filters', 80), ('code', -1), ('distillation', False), ('viz_count', 5), ('window_len', 100), ('window_stride', 25)]
Job id is 1.
Job dir: ../cache/cw/train219/1
- Loading Perch.
3278 Perch audios have been loaded.
- Loading Icbhi.
920 Icbhi audios have been loaded.
- Loading Antwerp.
131 Antwerp audios have been loaded.
- Preparing Perch.
862 Perch groups of audio chunks (by filename or patients) have been prepared.
- Preparing Icbhi.
126 Icbhi groups of audio chunks (by filename or patients) have been prepared.
- Preparing Antwerp.
15 Antwerp groups of audio chunks (by filename or patients) have been prepared.
--- Samples are being split into training/val groups and de-grouped by patient ---
Job id is 2.
len of icbhi
7857
len of train icbhi
4769
len of val icbhi
3080
before icbhi addition
11647
after icbhi addition
16416
-----------------------
--- Final training dataset went from 0 to 16416 elements, with 11726 none's, 1637 crakles, 2096 wheezes and 957 both ---
--- Final Validation dataset contains 2912 elements, with 2424 none, 60 crackles, 324 wheezes and 104 both ---
Initializing weights...
weights = {0: 0.3499914719426915, 1: 2.5070250458155163, 2: 1.9580152671755726, 3: 4.2884012539184955}
Model: "leaf_model9"
______________________________________________________________________________________________________________
 Layer (type)                                    Output Shape                                Param #          
==============================================================================================================
 mel_filterbanks (MelFilterbanks)                multiple                                    0                
                                                                                                              
 mel_filterbanks_1 (MelFilterbanks)              multiple                                    0 (unused)       
                                                                                                              
 sincnet (SincNet)                               multiple                                    0 (unused)       
                                                                                                              
 sequential (Sequential)                         (None, 80, 200, 1)                          4                
                                                                                                              
 sequential_1 (Sequential)                       (None, 80, 200, 16)                         2352             
                                                                                                              
 sequential_2 (Sequential)                       (None, 80, 200, 16)                         6448             
                                                                                                              
 sequential_3 (Sequential)                       (None, 80, 200, 16)                         32               
                                                                                                              
 concatenate (Concatenate)                       multiple                                    0                
                                                                                                              
 sequential_4 (Sequential)                       (None, 2)                                   6192322          
                                                                                                              
==============================================================================================================
Total params: 6,201,318
Trainable params: 6,159,812
Non-trainable params: 41,506
______________________________________________________________________________________________________________
Target metric is icbhi_score
Target metric is icbhi_score
here
<class 'leaf_audio.frontend.MelFilterbanks'>
There is no such attribute
here2
Epoch 1/100
/home/alirachidi/classification_algorithm/trainers/modules/main/global_helpers.py:48: UserWarning: Matplotlib is currently using agg, which is a non-GUI backend, so cannot show the figure.
  plt.show()
WARNING:tensorflow:Gradients do not exist for variables ['kernel:0'] when minimizing the loss. If you're using `model.compile()`, did you forget to provide a `loss`argument?
WARNING:tensorflow:Gradients do not exist for variables ['kernel:0'] when minimizing the loss. If you're using `model.compile()`, did you forget to provide a `loss`argument?
WARNING:tensorflow:Gradients do not exist for variables ['kernel:0'] when minimizing the loss. If you're using `model.compile()`, did you forget to provide a `loss`argument?
WARNING:tensorflow:Gradients do not exist for variables ['kernel:0'] when minimizing the loss. If you're using `model.compile()`, did you forget to provide a `loss`argument?
Validation cm: [[2424    0    0    0]
 [  60    0    0    0]
 [ 324    0    0    0]
 [ 104    0    0    0]]
Validation val_loss: 0.5454052970591154
Validation normalized_cm: [[1. 0. 0. 0.]
 [1. 0. 0. 0.]
 [1. 0. 0. 0.]
 [1. 0. 0. 0.]]
Validation acc: 0.8324175824175825
Validation class_accuracies: [1.0, 0.0, 0.0, 0.0]
Validation sensitivity: 0.0
Validation specificity: 1.0
Validation icbhi_score: 0.5
Validation roc_auc: None
Validation avg_accuracy: 0.25
Validation one_indexed_epoch: 1
Validation cm: [[1574    0    0    0]
 [ 860    0    0    0]
 [ 404    0    0    0]
 [ 242    0    0    0]]
Validation val_loss: 0.6448433879908029
Validation normalized_cm: [[1. 0. 0. 0.]
 [1. 0. 0. 0.]
 [1. 0. 0. 0.]
 [1. 0. 0. 0.]]
Validation acc: 0.5110389610389611
Validation class_accuracies: [1.0, 0.0, 0.0, 0.0]
Validation sensitivity: 0.0
Validation specificity: 1.0
Validation icbhi_score: 0.5
Validation roc_auc: None
Validation avg_accuracy: 0.25
Validation one_indexed_epoch: 1
-----------------------------
-- New best results were achieved. --
-----------------------------
-----------------------------
-- New best results were achieved. --
-----------------------------
257/257 - 490s - loss: 0.6539 - accuracy: 0.4599 - 490s/epoch - 2s/step
here
<class 'leaf_audio.frontend.MelFilterbanks'>
There is no such attribute
here2
Epoch 2/100
Validation cm: [[2366    0   58    0]
 [  58    0    2    0]
 [ 173    0  151    0]
 [  28    0   76    0]]
Validation val_loss: 0.4174561475475247
Validation normalized_cm: [[0.976 0.    0.024 0.   ]
 [0.967 0.    0.033 0.   ]
 [0.534 0.    0.466 0.   ]
 [0.269 0.    0.731 0.   ]]
Validation acc: 0.8643543956043956
Validation class_accuracies: [0.9760726072607261, 0.0, 0.4660493827160494, 0.0]
Validation sensitivity: 0.3094262295081967
Validation specificity: 0.9760726072607261
Validation icbhi_score: 0.6427494183844614
Validation roc_auc: None
Validation avg_accuracy: 0.36053049749419386
Validation one_indexed_epoch: 2
Validation cm: [[1377  189    8    0]
 [ 680  175    5    0]
 [ 381   21    2    0]
 [ 215   26    1    0]]
Validation val_loss: 0.6232434362850406
Validation normalized_cm: [[0.875 0.12  0.005 0.   ]
 [0.791 0.203 0.006 0.   ]
 [0.943 0.052 0.005 0.   ]
 [0.888 0.107 0.004 0.   ]]
Validation acc: 0.5045454545454545
Validation class_accuracies: [0.874841168996188, 0.20348837209302326, 0.0049504950495049506, 0.0]
Validation sensitivity: 0.11752988047808766
Validation specificity: 0.874841168996188
Validation icbhi_score: 0.49618552473713784
Validation roc_auc: None
Validation avg_accuracy: 0.27082000903467907
Validation one_indexed_epoch: 2
-----------------------------
-- New best results were achieved. --
-----------------------------
-----------------------------
The validation tracker metric at 0.5 hasn't increased by 0 in 1 epochs
-----------------------------
257/257 - 475s - loss: 0.5558 - accuracy: 0.4365 - 475s/epoch - 2s/step
here
<class 'leaf_audio.frontend.MelFilterbanks'>
There is no such attribute
here2
Epoch 3/100
Validation cm: [[2142   37  130  115]
 [  42    4    2   12]
 [ 137    4   26  157]
 [  17    3   18   66]]
Validation val_loss: 0.4047598645500749
Validation normalized_cm: [[0.884 0.015 0.054 0.047]
 [0.7   0.067 0.033 0.2  ]
 [0.423 0.012 0.08  0.485]
 [0.163 0.029 0.173 0.635]]
Validation acc: 0.7685439560439561
Validation class_accuracies: [0.8836633663366337, 0.06666666666666667, 0.08024691358024691, 0.6346153846153846]
Validation sensitivity: 0.19672131147540983
Validation specificity: 0.8836633663366337
Validation icbhi_score: 0.5401923389060217
Validation roc_auc: None
Validation avg_accuracy: 0.41629808279973296
Validation one_indexed_epoch: 3
Validation cm: [[  35 1346    1  192]
 [   2  836    0   22]
 [   2  353    0   49]
 [   0  207    0   35]]
Validation val_loss: 0.7920331677421928
Validation normalized_cm: [[2.224e-02 8.551e-01 6.353e-04 1.220e-01]
 [2.326e-03 9.721e-01 0.000e+00 2.558e-02]
 [4.950e-03 8.738e-01 0.000e+00 1.213e-01]
 [0.000e+00 8.554e-01 0.000e+00 1.446e-01]]
Validation acc: 0.29415584415584417
Validation class_accuracies: [0.022236340533672173, 0.9720930232558139, 0.0, 0.1446280991735537]
Validation sensitivity: 0.5783532536520585
Validation specificity: 0.022236340533672173
Validation icbhi_score: 0.30029479709286533
Validation roc_auc: None
Validation avg_accuracy: 0.28473936574076
Validation one_indexed_epoch: 3
-----------------------------
The validation tracker metric at 0.6427494183844614 hasn't increased by 0 in 1 epochs
-----------------------------
-----------------------------
The validation tracker metric at 0.5 hasn't increased by 0 in 2 epochs
-----------------------------
257/257 - 471s - loss: 0.5284 - accuracy: 0.4322 - 471s/epoch - 2s/step
here
<class 'leaf_audio.frontend.MelFilterbanks'>
There is no such attribute
here2
Epoch 4/100
Validation cm: [[1685   44  601   94]
 [  35    6   19    0]
 [  65    3  124  132]
 [   8    0   28   68]]
Validation val_loss: 0.44655176650425404
Validation normalized_cm: [[0.695 0.018 0.248 0.039]
 [0.583 0.1   0.317 0.   ]
 [0.201 0.009 0.383 0.407]
 [0.077 0.    0.269 0.654]]
Validation acc: 0.6466346153846154
Validation class_accuracies: [0.6951320132013201, 0.1, 0.38271604938271603, 0.6538461538461539]
Validation sensitivity: 0.4057377049180328
Validation specificity: 0.6951320132013201
Validation icbhi_score: 0.5504348590596765
Validation roc_auc: None
Validation avg_accuracy: 0.4579235541075475
Validation one_indexed_epoch: 4
Validation cm: [[245 588 315 426]
 [ 74 394 112 280]
 [ 26  56 108 214]
 [ 51  66  31  94]]
Validation val_loss: 0.8680147421255998
Validation normalized_cm: [[0.156 0.374 0.2   0.271]
 [0.086 0.458 0.13  0.326]
 [0.064 0.139 0.267 0.53 ]
 [0.211 0.273 0.128 0.388]]
Validation acc: 0.27305194805194805
Validation class_accuracies: [0.1556543837357052, 0.45813953488372094, 0.26732673267326734, 0.3884297520661157]
Validation sensitivity: 0.39575033200531207
Validation specificity: 0.1556543837357052
Validation icbhi_score: 0.2757023578705086
Validation roc_auc: None
Validation avg_accuracy: 0.3173876008397023
Validation one_indexed_epoch: 4
-----------------------------
The validation tracker metric at 0.6427494183844614 hasn't increased by 0 in 2 epochs
-----------------------------
-----------------------------
The validation tracker metric at 0.5 hasn't increased by 0 in 3 epochs
-----------------------------
257/257 - 468s - loss: 0.5048 - accuracy: 0.4575 - 468s/epoch - 2s/step
here
<class 'leaf_audio.frontend.MelFilterbanks'>
There is no such attribute
here2
Epoch 5/100
Validation cm: [[1296    2 1113   13]
 [  23    0   37    0]
 [  56    0  192   76]
 [  18    0   74   12]]
Validation val_loss: 0.5595557584296159
Validation normalized_cm: [[0.535 0.001 0.459 0.005]
 [0.383 0.    0.617 0.   ]
 [0.173 0.    0.593 0.235]
 [0.173 0.    0.712 0.115]]
Validation acc: 0.5151098901098901
Validation class_accuracies: [0.5346534653465347, 0.0, 0.5925925925925926, 0.11538461538461539]
Validation sensitivity: 0.4180327868852459
Validation specificity: 0.5346534653465347
Validation icbhi_score: 0.4763431261158903
Validation roc_auc: None
Validation avg_accuracy: 0.31065766833093567
Validation one_indexed_epoch: 5
Validation cm: [[ 101    4  251 1218]
 [  19    3   50  788]
 [  44    0   57  303]
 [  34    1   46  161]]
Validation val_loss: 1.893183392056844
Validation normalized_cm: [[0.064 0.003 0.159 0.774]
 [0.022 0.003 0.058 0.916]
 [0.109 0.    0.141 0.75 ]
 [0.14  0.004 0.19  0.665]]
Validation acc: 0.10454545454545454
Validation class_accuracies: [0.06416772554002541, 0.0034883720930232558, 0.14108910891089108, 0.6652892561983471]
Validation sensitivity: 0.14674634794156707
Validation specificity: 0.06416772554002541
Validation icbhi_score: 0.10545703674079623
Validation roc_auc: None
Validation avg_accuracy: 0.21850861568557173
Validation one_indexed_epoch: 5
-----------------------------
The validation tracker metric at 0.6427494183844614 hasn't increased by 0 in 3 epochs
-----------------------------
-----------------------------
The validation tracker metric at 0.5 hasn't increased by 0 in 4 epochs
-----------------------------
257/257 - 465s - loss: 0.4842 - accuracy: 0.4529 - 465s/epoch - 2s/step
here
<class 'leaf_audio.frontend.MelFilterbanks'>
There is no such attribute
here2
Epoch 6/100
Validation cm: [[1374  104  762  184]
 [  21    3   19   17]
 [  43    6  237   38]
 [   3    0   52   49]]
Validation val_loss: 0.5663880576690784
Validation normalized_cm: [[0.567 0.043 0.314 0.076]
 [0.35  0.05  0.317 0.283]
 [0.133 0.019 0.731 0.117]
 [0.029 0.    0.5   0.471]]
Validation acc: 0.5710851648351648
Validation class_accuracies: [0.5668316831683168, 0.05, 0.7314814814814815, 0.47115384615384615]
Validation sensitivity: 0.5922131147540983
Validation specificity: 0.5668316831683168
Validation icbhi_score: 0.5795223989612075
Validation roc_auc: None
Validation avg_accuracy: 0.45486675270091115
Validation one_indexed_epoch: 6
Validation cm: [[ 51 742  84 697]
 [ 10 503  31 316]
 [  3 104  32 265]
 [  7  86  18 131]]
Validation val_loss: 0.9978885338218375
Validation normalized_cm: [[0.032 0.471 0.053 0.443]
 [0.012 0.585 0.036 0.367]
 [0.007 0.257 0.079 0.656]
 [0.029 0.355 0.074 0.541]]
Validation acc: 0.2327922077922078
Validation class_accuracies: [0.032401524777636595, 0.5848837209302326, 0.07920792079207921, 0.5413223140495868]
Validation sensitivity: 0.44223107569721115
Validation specificity: 0.032401524777636595
Validation icbhi_score: 0.23731630023742387
Validation roc_auc: None
Validation avg_accuracy: 0.3094538701373838
Validation one_indexed_epoch: 6
-----------------------------
The validation tracker metric at 0.6427494183844614 hasn't increased by 0 in 4 epochs
-----------------------------
-----------------------------
The validation tracker metric at 0.5 hasn't increased by 0 in 5 epochs
-----------------------------
257/257 - 461s - loss: 0.4677 - accuracy: 0.4644 - 461s/epoch - 2s/step
here
<class 'leaf_audio.frontend.MelFilterbanks'>
There is no such attribute
here2
Epoch 7/100
Validation cm: [[2201    2  202   19]
 [  42    1   14    3]
 [ 121    0  203    0]
 [  13    4   70   17]]
Validation val_loss: 0.2763876786900328
Validation normalized_cm: [[9.080e-01 8.251e-04 8.333e-02 7.838e-03]
 [7.000e-01 1.667e-02 2.333e-01 5.000e-02]
 [3.735e-01 0.000e+00 6.265e-01 0.000e+00]
 [1.250e-01 3.846e-02 6.731e-01 1.635e-01]]
Validation acc: 0.8317307692307693
Validation class_accuracies: [0.908003300330033, 0.016666666666666666, 0.6265432098765432, 0.16346153846153846]
Validation sensitivity: 0.45286885245901637
Validation specificity: 0.908003300330033
Validation icbhi_score: 0.6804360763945246
Validation roc_auc: None
Validation avg_accuracy: 0.42866867883369536
Validation one_indexed_epoch: 7
Validation cm: [[ 168 1061  151  194]
 [  29  705   16  110]
 [  38  197   43  126]
 [  27  128   13   74]]
Validation val_loss: 0.83414410438824
Validation normalized_cm: [[0.107 0.674 0.096 0.123]
 [0.034 0.82  0.019 0.128]
 [0.094 0.488 0.106 0.312]
 [0.112 0.529 0.054 0.306]]
Validation acc: 0.32142857142857145
Validation class_accuracies: [0.10673443456162643, 0.8197674418604651, 0.10643564356435643, 0.30578512396694213]
Validation sensitivity: 0.545816733067729
Validation specificity: 0.10673443456162643
Validation icbhi_score: 0.32627558381467775
Validation roc_auc: None
Validation avg_accuracy: 0.3346806609883476
Validation one_indexed_epoch: 7
-----------------------------
-- New best results were achieved. --
-----------------------------
-----------------------------
The validation tracker metric at 0.5 hasn't increased by 0 in 6 epochs
Lr has been adjusted to 0.0012499999720603228
-----------------------------
257/257 - 461s - loss: 0.4499 - accuracy: 0.4732 - 461s/epoch - 2s/step
here
<class 'leaf_audio.frontend.MelFilterbanks'>
There is no such attribute
here2
Epoch 8/100
Validation cm: [[1958   58  370   38]
 [  31    6   10   13]
 [  57    5  244   18]
 [   2    0   49   53]]
Validation val_loss: 0.3600103714945742
Validation normalized_cm: [[0.808 0.024 0.153 0.016]
 [0.517 0.1   0.167 0.217]
 [0.176 0.015 0.753 0.056]
 [0.019 0.    0.471 0.51 ]]
Validation acc: 0.7764423076923077
Validation class_accuracies: [0.8077557755775577, 0.1, 0.7530864197530864, 0.5096153846153846]
Validation sensitivity: 0.6209016393442623
Validation specificity: 0.8077557755775577
Validation icbhi_score: 0.71432870746091
Validation roc_auc: None
Validation avg_accuracy: 0.5426143949865072
Validation one_indexed_epoch: 8
Validation cm: [[ 212 1086  135  141]
 [  65  755   14   26]
 [  27  241   40   96]
 [  14  156   15   57]]
Validation val_loss: 0.8333077823945817
Validation normalized_cm: [[0.135 0.69  0.086 0.09 ]
 [0.076 0.878 0.016 0.03 ]
 [0.067 0.597 0.099 0.238]
 [0.058 0.645 0.062 0.236]]
Validation acc: 0.34545454545454546
Validation class_accuracies: [0.13468869123252858, 0.877906976744186, 0.09900990099009901, 0.23553719008264462]
Validation sensitivity: 0.5657370517928287
Validation specificity: 0.13468869123252858
Validation icbhi_score: 0.35021287151267866
Validation roc_auc: None
Validation avg_accuracy: 0.33678568976236456
Validation one_indexed_epoch: 8
-----------------------------
-- New best results were achieved. --
-----------------------------
-----------------------------
The validation tracker metric at 0.5 hasn't increased by 0 in 7 epochs
-----------------------------
257/257 - 461s - loss: 0.3984 - accuracy: 0.4816 - 461s/epoch - 2s/step
here
<class 'leaf_audio.frontend.MelFilterbanks'>
There is no such attribute
here2
Epoch 9/100
Validation cm: [[2247   67   85   25]
 [  39   13    1    7]
 [ 110    1  198   15]
 [  17    7   71    9]]
Validation val_loss: 0.26419802099253803
Validation normalized_cm: [[0.927 0.028 0.035 0.01 ]
 [0.65  0.217 0.017 0.117]
 [0.34  0.003 0.611 0.046]
 [0.163 0.067 0.683 0.087]]
Validation acc: 0.8471840659340659
Validation class_accuracies: [0.926980198019802, 0.21666666666666667, 0.6111111111111112, 0.08653846153846154]
Validation sensitivity: 0.45081967213114754
Validation specificity: 0.926980198019802
Validation icbhi_score: 0.6888999350754748
Validation roc_auc: None
Validation avg_accuracy: 0.4603241093340103
Validation one_indexed_epoch: 9
Validation cm: [[ 267 1085  116  106]
 [  75  747   15   23]
 [  54  255   43   52]
 [  39  162   11   30]]
Validation val_loss: 0.8636900205277027
Validation normalized_cm: [[0.17  0.689 0.074 0.067]
 [0.087 0.869 0.017 0.027]
 [0.134 0.631 0.106 0.129]
 [0.161 0.669 0.045 0.124]]
Validation acc: 0.3529220779220779
Validation class_accuracies: [0.1696315120711563, 0.8686046511627907, 0.10643564356435643, 0.12396694214876033]
Validation sensitivity: 0.5444887118193891
Validation specificity: 0.1696315120711563
Validation icbhi_score: 0.35706011194527265
Validation roc_auc: None
Validation avg_accuracy: 0.31715968723676596
Validation one_indexed_epoch: 9
-----------------------------
The validation tracker metric at 0.71432870746091 hasn't increased by 0 in 1 epochs
-----------------------------
-----------------------------
The validation tracker metric at 0.5 hasn't increased by 0 in 8 epochs
-----------------------------
257/257 - 461s - loss: 0.3726 - accuracy: 0.5090 - 461s/epoch - 2s/step
here
<class 'leaf_audio.frontend.MelFilterbanks'>
There is no such attribute
here2
Epoch 10/100
Validation cm: [[1989   83  276   76]
 [  29   10    5   16]
 [  67    4  240   13]
 [   6    9   64   25]]
Validation val_loss: 0.36883929019111017
Validation normalized_cm: [[0.821 0.034 0.114 0.031]
 [0.483 0.167 0.083 0.267]
 [0.207 0.012 0.741 0.04 ]
 [0.058 0.087 0.615 0.24 ]]
Validation acc: 0.7774725274725275
Validation class_accuracies: [0.8205445544554455, 0.16666666666666666, 0.7407407407407407, 0.2403846153846154]
Validation sensitivity: 0.5635245901639344
Validation specificity: 0.8205445544554455
Validation icbhi_score: 0.6920345723096899
Validation roc_auc: None
Validation avg_accuracy: 0.4920841443118671
Validation one_indexed_epoch: 10
Validation cm: [[ 159 1077  132  206]
 [  74  727   12   47]
 [  18  199   49  138]
 [  17  138   16   71]]
Validation val_loss: 0.933040906706078
Validation normalized_cm: [[0.101 0.684 0.084 0.131]
 [0.086 0.845 0.014 0.055]
 [0.045 0.493 0.121 0.342]
 [0.07  0.57  0.066 0.293]]
Validation acc: 0.32662337662337665
Validation class_accuracies: [0.10101651842439645, 0.8453488372093023, 0.12128712871287128, 0.29338842975206614]
Validation sensitivity: 0.5624169986719787
Validation specificity: 0.10101651842439645
Validation icbhi_score: 0.33171675854818755
Validation roc_auc: None
Validation avg_accuracy: 0.34026022852465904
Validation one_indexed_epoch: 10
-----------------------------
The validation tracker metric at 0.71432870746091 hasn't increased by 0 in 2 epochs
-----------------------------
-----------------------------
The validation tracker metric at 0.5 hasn't increased by 0 in 9 epochs
-----------------------------
257/257 - 461s - loss: 0.3578 - accuracy: 0.5038 - 461s/epoch - 2s/step
here
<class 'leaf_audio.frontend.MelFilterbanks'>
There is no such attribute
here2
Epoch 11/100
Validation cm: [[1966   42  355   61]
 [  32    8    7   13]
 [  63    1  235   25]
 [   0    4   50   50]]
Validation val_loss: 0.34910793133910906
Validation normalized_cm: [[0.811 0.017 0.146 0.025]
 [0.533 0.133 0.117 0.217]
 [0.194 0.003 0.725 0.077]
 [0.    0.038 0.481 0.481]]
Validation acc: 0.7757554945054945
Validation class_accuracies: [0.8110561056105611, 0.13333333333333333, 0.7253086419753086, 0.4807692307692308]
Validation sensitivity: 0.6004098360655737
Validation specificity: 0.8110561056105611
Validation icbhi_score: 0.7057329708380674
Validation roc_auc: None
Validation avg_accuracy: 0.5376168279221084
Validation one_indexed_epoch: 11
Validation cm: [[ 244 1068   66  196]
 [  98  712    4   46]
 [  34  250   22   98]
 [  13  168    8   53]]
Validation val_loss: 0.8944190467433027
Validation normalized_cm: [[0.155 0.679 0.042 0.125]
 [0.114 0.828 0.005 0.053]
 [0.084 0.619 0.054 0.243]
 [0.054 0.694 0.033 0.219]]
Validation acc: 0.3347402597402597
Validation class_accuracies: [0.15501905972045743, 0.827906976744186, 0.054455445544554455, 0.2190082644628099]
Validation sensitivity: 0.5225763612217795
Validation specificity: 0.15501905972045743
Validation icbhi_score: 0.3387977104711185
Validation roc_auc: None
Validation avg_accuracy: 0.314097436618002
Validation one_indexed_epoch: 11
-----------------------------
The validation tracker metric at 0.71432870746091 hasn't increased by 0 in 3 epochs
-----------------------------
-----------------------------
The validation tracker metric at 0.5 hasn't increased by 0 in 10 epochs
-----------------------------
257/257 - 463s - loss: 0.3480 - accuracy: 0.5199 - 463s/epoch - 2s/step
here
<class 'leaf_audio.frontend.MelFilterbanks'>
There is no such attribute
here2
Epoch 12/100
Validation cm: [[1837   48  467   72]
 [  24    8   11   17]
 [  47    3  251   23]
 [   1    2   46   55]]
Validation val_loss: 0.3894989414696353
Validation normalized_cm: [[0.758 0.02  0.193 0.03 ]
 [0.4   0.133 0.183 0.283]
 [0.145 0.009 0.775 0.071]
 [0.01  0.019 0.442 0.529]]
Validation acc: 0.7386675824175825
Validation class_accuracies: [0.7578382838283828, 0.13333333333333333, 0.7746913580246914, 0.5288461538461539]
Validation sensitivity: 0.6434426229508197
Validation specificity: 0.7578382838283828
Validation icbhi_score: 0.7006404533896012
Validation roc_auc: None
Validation avg_accuracy: 0.5486772822581403
Validation one_indexed_epoch: 12
Validation cm: [[297 802 289 186]
 [ 93 622 105  40]
 [ 39 138 115 112]
 [ 46 101  38  57]]
Validation val_loss: 0.9057433536183996
Validation normalized_cm: [[0.189 0.51  0.184 0.118]
 [0.108 0.723 0.122 0.047]
 [0.097 0.342 0.285 0.277]
 [0.19  0.417 0.157 0.236]]
Validation acc: 0.3542207792207792
Validation class_accuracies: [0.18869123252858958, 0.7232558139534884, 0.28465346534653463, 0.23553719008264462]
Validation sensitivity: 0.5272244355909694
Validation specificity: 0.18869123252858958
Validation icbhi_score: 0.3579578340597795
Validation roc_auc: None
Validation avg_accuracy: 0.3580344254778143
Validation one_indexed_epoch: 12
-----------------------------
The validation tracker metric at 0.71432870746091 hasn't increased by 0 in 4 epochs
-----------------------------
-----------------------------
The validation tracker metric at 0.5 hasn't increased by 0 in 11 epochs
-----------------------------
257/257 - 462s - loss: 0.3378 - accuracy: 0.5194 - 462s/epoch - 2s/step
here
<class 'leaf_audio.frontend.MelFilterbanks'>
There is no such attribute
here2
Epoch 13/100
Validation cm: [[2056  287   57   24]
 [  31   22    2    5]
 [  98   36  186    4]
 [  13   15   59   17]]
Validation val_loss: 0.3511486565413428
Validation normalized_cm: [[0.848 0.118 0.024 0.01 ]
 [0.517 0.367 0.033 0.083]
 [0.302 0.111 0.574 0.012]
 [0.125 0.144 0.567 0.163]]
Validation acc: 0.7833104395604396
Validation class_accuracies: [0.8481848184818482, 0.36666666666666664, 0.5740740740740741, 0.16346153846153846]
Validation sensitivity: 0.4610655737704918
Validation specificity: 0.8481848184818482
Validation icbhi_score: 0.65462519612617
Validation roc_auc: None
Validation avg_accuracy: 0.4880967744210319
Validation one_indexed_epoch: 13
Validation cm: [[ 143 1136   74  221]
 [  41  756    5   58]
 [  22  230   28  124]
 [  28  136    6   72]]
Validation val_loss: 1.0075348646549716
Validation normalized_cm: [[0.091 0.722 0.047 0.14 ]
 [0.048 0.879 0.006 0.067]
 [0.054 0.569 0.069 0.307]
 [0.116 0.562 0.025 0.298]]
Validation acc: 0.32435064935064933
Validation class_accuracies: [0.09085133418043202, 0.8790697674418605, 0.06930693069306931, 0.2975206611570248]
Validation sensitivity: 0.5683930942895087
Validation specificity: 0.09085133418043202
Validation icbhi_score: 0.32962221423497035
Validation roc_auc: None
Validation avg_accuracy: 0.33418717336809667
Validation one_indexed_epoch: 13
-----------------------------
The validation tracker metric at 0.71432870746091 hasn't increased by 0 in 5 epochs
-----------------------------
-----------------------------
The validation tracker metric at 0.5 hasn't increased by 0 in 12 epochs
Lr has been adjusted to 0.0003124999930150807
-----------------------------
257/257 - 463s - loss: 0.3308 - accuracy: 0.5160 - 463s/epoch - 2s/step
here
<class 'leaf_audio.frontend.MelFilterbanks'>
There is no such attribute
here2
Epoch 14/100
Validation cm: [[2164   96  130   34]
 [  33   15    5    7]
 [  86    8  212   18]
 [   9   11   51   33]]
Validation val_loss: 0.28421716062997066
Validation normalized_cm: [[0.893 0.04  0.054 0.014]
 [0.55  0.25  0.083 0.117]
 [0.265 0.025 0.654 0.056]
 [0.087 0.106 0.49  0.317]]
Validation acc: 0.8324175824175825
Validation class_accuracies: [0.8927392739273927, 0.25, 0.654320987654321, 0.3173076923076923]
Validation sensitivity: 0.5327868852459017
Validation specificity: 0.8927392739273927
Validation icbhi_score: 0.7127630795866472
Validation roc_auc: None
Validation avg_accuracy: 0.5285919884723516
Validation one_indexed_epoch: 14
Validation cm: [[ 232 1046  119  177]
 [  73  735   12   40]
 [  37  242   34   91]
 [  37  135   14   56]]
Validation val_loss: 0.9665138616926995
Validation normalized_cm: [[0.147 0.665 0.076 0.112]
 [0.085 0.855 0.014 0.047]
 [0.092 0.599 0.084 0.225]
 [0.153 0.558 0.058 0.231]]
Validation acc: 0.3431818181818182
Validation class_accuracies: [0.1473951715374841, 0.8546511627906976, 0.08415841584158416, 0.23140495867768596]
Validation sensitivity: 0.547808764940239
Validation specificity: 0.1473951715374841
Validation icbhi_score: 0.3476019682388616
Validation roc_auc: None
Validation avg_accuracy: 0.32940242721186297
Validation one_indexed_epoch: 14
-----------------------------
The validation tracker metric at 0.71432870746091 hasn't increased by 0 in 6 epochs
Lr has been adjusted to 7.812499825377017e-05
-----------------------------
-----------------------------
The validation tracker metric at 0.5 hasn't increased by 0 in 13 epochs
-----------------------------
257/257 - 462s - loss: 0.2915 - accuracy: 0.5311 - 462s/epoch - 2s/step
here
<class 'leaf_audio.frontend.MelFilterbanks'>
There is no such attribute
here2
Epoch 15/100
Validation cm: [[2064   66  241   53]
 [  29   16    6    9]
 [  69    7  233   15]
 [   5    8   59   32]]
Validation val_loss: 0.3215328442462263
Validation normalized_cm: [[0.851 0.027 0.099 0.022]
 [0.483 0.267 0.1   0.15 ]
 [0.213 0.022 0.719 0.046]
 [0.048 0.077 0.567 0.308]]
Validation acc: 0.8052884615384616
Validation class_accuracies: [0.8514851485148515, 0.26666666666666666, 0.7191358024691358, 0.3076923076923077]
Validation sensitivity: 0.5758196721311475
Validation specificity: 0.8514851485148515
Validation icbhi_score: 0.7136524103229995
Validation roc_auc: None
Validation avg_accuracy: 0.5362449813357404
Validation one_indexed_epoch: 15
Validation cm: [[ 255 1002  120  197]
 [  94  715    8   43]
 [  40  218   42  104]
 [  40  130   11   61]]
Validation val_loss: 0.9771090547841265
Validation normalized_cm: [[0.162 0.637 0.076 0.125]
 [0.109 0.831 0.009 0.05 ]
 [0.099 0.54  0.104 0.257]
 [0.165 0.537 0.045 0.252]]
Validation acc: 0.3483766233766234
Validation class_accuracies: [0.16200762388818296, 0.8313953488372093, 0.10396039603960396, 0.25206611570247933]
Validation sensitivity: 0.5431606905710491
Validation specificity: 0.16200762388818296
Validation icbhi_score: 0.352584157229616
Validation roc_auc: None
Validation avg_accuracy: 0.3373573711168689
Validation one_indexed_epoch: 15
-----------------------------
The validation tracker metric at 0.71432870746091 hasn't increased by 0 in 7 epochs
-----------------------------
-----------------------------
The validation tracker metric at 0.5 hasn't increased by 0 in 14 epochs
-----------------------------
257/257 - 463s - loss: 0.2781 - accuracy: 0.5366 - 463s/epoch - 2s/step
here
<class 'leaf_audio.frontend.MelFilterbanks'>
There is no such attribute
here2
Epoch 16/100
Validation cm: [[2139   82  163   40]
 [  34   12    6    8]
 [  88    6  218   12]
 [   9   10   58   27]]
Validation val_loss: 0.29952273078153346
Validation normalized_cm: [[0.882 0.034 0.067 0.017]
 [0.567 0.2   0.1   0.133]
 [0.272 0.019 0.673 0.037]
 [0.087 0.096 0.558 0.26 ]]
Validation acc: 0.8228021978021978
Validation class_accuracies: [0.8824257425742574, 0.2, 0.6728395061728395, 0.25961538461538464]
Validation sensitivity: 0.5266393442622951
Validation specificity: 0.8824257425742574
Validation icbhi_score: 0.7045325434182763
Validation roc_auc: None
Validation avg_accuracy: 0.5037201583406203
Validation one_indexed_epoch: 16
Validation cm: [[285 993 116 180]
 [ 89 723   8  40]
 [ 53 219  42  90]
 [ 40 135  12  55]]
Validation val_loss: 0.9830161543624807
Validation normalized_cm: [[0.181 0.631 0.074 0.114]
 [0.103 0.841 0.009 0.047]
 [0.131 0.542 0.104 0.223]
 [0.165 0.558 0.05  0.227]]
Validation acc: 0.3587662337662338
Validation class_accuracies: [0.18106734434561628, 0.8406976744186047, 0.10396039603960396, 0.22727272727272727]
Validation sensitivity: 0.5444887118193891
Validation specificity: 0.18106734434561628
Validation icbhi_score: 0.3627780280825027
Validation roc_auc: None
Validation avg_accuracy: 0.33824953551913806
Validation one_indexed_epoch: 16
-----------------------------
The validation tracker metric at 0.71432870746091 hasn't increased by 0 in 8 epochs
-----------------------------
-----------------------------
The validation tracker metric at 0.5 hasn't increased by 0 in 15 epochs
-----------------------------
257/257 - 458s - loss: 0.2748 - accuracy: 0.5389 - 458s/epoch - 2s/step
here
<class 'leaf_audio.frontend.MelFilterbanks'>
There is no such attribute
here2
Epoch 17/100
Validation cm: [[2116   68  198   42]
 [  33   13    6    8]
 [  69    9  236   10]
 [   8   10   53   33]]
Validation val_loss: 0.30195809416272823
Validation normalized_cm: [[0.873 0.028 0.082 0.017]
 [0.55  0.217 0.1   0.133]
 [0.213 0.028 0.728 0.031]
 [0.077 0.096 0.51  0.317]]
Validation acc: 0.823489010989011
Validation class_accuracies: [0.8729372937293729, 0.21666666666666667, 0.7283950617283951, 0.3173076923076923]
Validation sensitivity: 0.5778688524590164
Validation specificity: 0.8729372937293729
Validation icbhi_score: 0.7254030730941947
Validation roc_auc: None
Validation avg_accuracy: 0.5338266786080317
Validation one_indexed_epoch: 17
Validation cm: [[284 958 138 194]
 [102 703   9  46]
 [ 52 202  45 105]
 [ 40 123  20  59]]
Validation val_loss: 0.96920591931871
Validation normalized_cm: [[0.18  0.609 0.088 0.123]
 [0.119 0.817 0.01  0.053]
 [0.129 0.5   0.111 0.26 ]
 [0.165 0.508 0.083 0.244]]
Validation acc: 0.3542207792207792
Validation class_accuracies: [0.18043202033036848, 0.8174418604651162, 0.11138613861386139, 0.24380165289256198]
Validation sensitivity: 0.5358565737051793
Validation specificity: 0.18043202033036848
Validation icbhi_score: 0.35814429701777384
Validation roc_auc: None
Validation avg_accuracy: 0.33826541807547705
Validation one_indexed_epoch: 17
-----------------------------
-- New best results were achieved. --
-----------------------------
-----------------------------
The validation tracker metric at 0.5 hasn't increased by 0 in 16 epochs
-----------------------------
257/257 - 458s - loss: 0.2746 - accuracy: 0.5331 - 458s/epoch - 2s/step
here
<class 'leaf_audio.frontend.MelFilterbanks'>
There is no such attribute
here2
Epoch 18/100
Validation cm: [[2098   70  214   42]
 [  32   14    6    8]
 [  73    8  233   10]
 [   8   10   55   31]]
Validation val_loss: 0.3090843023538772
Validation normalized_cm: [[0.866 0.029 0.088 0.017]
 [0.533 0.233 0.1   0.133]
 [0.225 0.025 0.719 0.031]
 [0.077 0.096 0.529 0.298]]
Validation acc: 0.8159340659340659
Validation class_accuracies: [0.8655115511551155, 0.23333333333333334, 0.7191358024691358, 0.2980769230769231]
Validation sensitivity: 0.569672131147541
Validation specificity: 0.8655115511551155
Validation icbhi_score: 0.7175918411513282
Validation roc_auc: None
Validation avg_accuracy: 0.5290144025086269
Validation one_indexed_epoch: 18
Validation cm: [[ 283 1016   97  178]
 [  92  730    7   31]
 [  43  230   38   93]
 [  40  139   17   46]]
Validation val_loss: 1.00369570141459
Validation normalized_cm: [[0.18  0.645 0.062 0.113]
 [0.107 0.849 0.008 0.036]
 [0.106 0.569 0.094 0.23 ]
 [0.165 0.574 0.07  0.19 ]]
Validation acc: 0.3561688311688312
Validation class_accuracies: [0.1797966963151207, 0.8488372093023255, 0.09405940594059406, 0.19008264462809918]
Validation sensitivity: 0.5405046480743692
Validation specificity: 0.1797966963151207
Validation icbhi_score: 0.36015067219474495
Validation roc_auc: None
Validation avg_accuracy: 0.3281939890465349
Validation one_indexed_epoch: 18
-----------------------------
The validation tracker metric at 0.7254030730941947 hasn't increased by 0 in 1 epochs
-----------------------------
-----------------------------
The validation tracker metric at 0.5 hasn't increased by 0 in 17 epochs
-----------------------------
257/257 - 459s - loss: 0.2712 - accuracy: 0.5408 - 459s/epoch - 2s/step
here
<class 'leaf_audio.frontend.MelFilterbanks'>
There is no such attribute
here2
Epoch 19/100
Validation cm: [[2091   62  223   48]
 [  32   13    8    7]
 [  65    8  242    9]
 [   8    9   52   35]]
Validation val_loss: 0.30897630843920415
Validation normalized_cm: [[0.863 0.026 0.092 0.02 ]
 [0.533 0.217 0.133 0.117]
 [0.201 0.025 0.747 0.028]
 [0.077 0.087 0.5   0.337]]
Validation acc: 0.8176510989010989
Validation class_accuracies: [0.8626237623762376, 0.21666666666666667, 0.7469135802469136, 0.33653846153846156]
Validation sensitivity: 0.5942622950819673
Validation specificity: 0.8626237623762376
Validation icbhi_score: 0.7284430287291024
Validation roc_auc: None
Validation avg_accuracy: 0.5406856177070698
Validation one_indexed_epoch: 19
Validation cm: [[ 254 1012  134  174]
 [  92  725    7   36]
 [  39  226   44   95]
 [  38  135   17   52]]
Validation val_loss: 1.0266881861710635
Validation normalized_cm: [[0.161 0.643 0.085 0.111]
 [0.107 0.843 0.008 0.042]
 [0.097 0.559 0.109 0.235]
 [0.157 0.558 0.07  0.215]]
Validation acc: 0.349025974025974
Validation class_accuracies: [0.1613722998729352, 0.8430232558139535, 0.10891089108910891, 0.21487603305785125]
Validation sensitivity: 0.5451527224435591
Validation specificity: 0.1613722998729352
Validation icbhi_score: 0.35326251115824714
Validation roc_auc: None
Validation avg_accuracy: 0.3320456199584622
Validation one_indexed_epoch: 19
-----------------------------
-- New best results were achieved. --
-----------------------------
-----------------------------
The validation tracker metric at 0.5 hasn't increased by 0 in 18 epochs
Lr has been adjusted to 1.9531249563442543e-05
-----------------------------
257/257 - 459s - loss: 0.2713 - accuracy: 0.5400 - 459s/epoch - 2s/step
here
<class 'leaf_audio.frontend.MelFilterbanks'>
There is no such attribute
here2
Epoch 20/100
Validation cm: [[2136   84  164   40]
 [  34   13    6    7]
 [  83    8  223   10]
 [  10   10   56   28]]
Validation val_loss: 0.2974002488098959
Validation normalized_cm: [[0.881 0.035 0.068 0.017]
 [0.567 0.217 0.1   0.117]
 [0.256 0.025 0.688 0.031]
 [0.096 0.096 0.538 0.269]]
Validation acc: 0.8241758241758241
Validation class_accuracies: [0.8811881188118812, 0.21666666666666667, 0.6882716049382716, 0.2692307692307692]
