Mode:  cw
Testing:  0
File:  train58
Description:  preemp
Output File:  cw/job_outputs/58.out
Tensorflow Version: 2.8.0
Num GPUs Available:  1
Collecting Variables...
All variables have been collected.
../cache/
cw
train58
Description: preemp
-----------------------
Job id is 1.
- Loading Perch.
3278 Perch audios have been loaded.
- Loading Icbhi.
725 Icbhi audios have been loaded.
- Loading Antwerp.
131 Antwerp audios have been loaded.
- Preparing Perch.
862 Perch groups of audio chunks (by filename or patients) have been prepared.
- Preparing Icbhi.
112 Icbhi groups of audio chunks (by filename or patients) have been prepared.
- Preparing Antwerp.
15 Antwerp groups of audio chunks (by filename or patients) have been prepared.
--- Samples are being split into training/val groups and de-grouped by patient ---
--- Perch training dataset went from 0 to 2649 elements, with 2346 none's, 61 crakles, 186 wheezes and 56 both ---
--- Perch Validation dataset contains 629 elements, with 551 none, 12 crackles, 54 wheezes and 12 both ---
--- Icbhi training dataset went from 0 to 2040 elements, with 707 none's, 720 crakles, 285 wheezes and 327 both ---
--- Icbhi Validation dataset contains 299 elements, with 172 none, 70 crackles, 18 wheezes and 39 both ---
--- Antwerp training dataset went from 0 to 580 elements, with 82 none's, 16 crakles, 448 wheezes and 34 both ---
--- Antwerp Validation dataset contains 111 elements, with 17 none, 10 crackles, 5 wheezes and 79 both ---
0
0
0
0
-----------------------
--- Final training dataset went from 0 to 5269 elements, with 3135 none's, 797 crakles, 919 wheezes and 417 both ---
--- Final Validation dataset contains 1039 elements, with 740 none, 92 crackles, 77 wheezes and 130 both ---
Model: "leaf_mixednet_model"
______________________________________________________________________________________________________________
 Layer (type)                                    Output Shape                                Param #          
==============================================================================================================
 leaf (Leaf)                                     multiple                                    562              
                                                                                                              
 sequential (Sequential)                         (None, 2)                                   105952           
                                                                                                              
==============================================================================================================
Total params: 106,514
Trainable params: 106,018
Non-trainable params: 496
______________________________________________________________________________________________________________
Target metric is avg_accuracy
Epoch 1/25
Validation cm: [[732   0   0   8]
 [ 92   0   0   0]
 [ 74   0   0   3]
 [130   0   0   0]]
Validation normalized_cm: [[0.989 0.    0.    0.011]
 [1.    0.    0.    0.   ]
 [0.961 0.    0.    0.039]
 [1.    0.    0.    0.   ]]
Validation acc: 0.7045235803657363
Validation class_accuracies: [0.9891891891891892, 0.0, 0.0, 0.0]
Validation precision: None
Validation recall: None
Validation f1: None
Validation roc_auc: None
Validation avg_accuracy: 0.2472972972972973
Validation one_indexed_epoch: 1
-- New best results were achieved. --
330/330 - 546s - loss: 0.4651 - accuracy: 0.5741 - 546s/epoch - 2s/step
Epoch 2/25
Validation cm: [[738   2   0   0]
 [ 91   1   0   0]
 [ 77   0   0   0]
 [130   0   0   0]]
Validation normalized_cm: [[0.997 0.003 0.    0.   ]
 [0.989 0.011 0.    0.   ]
 [1.    0.    0.    0.   ]
 [1.    0.    0.    0.   ]]
Validation acc: 0.7112608277189605
Validation class_accuracies: [0.9972972972972973, 0.010869565217391304, 0.0, 0.0]
Validation precision: None
Validation recall: None
Validation f1: None
Validation roc_auc: None
Validation avg_accuracy: 0.25204171562867217
Validation one_indexed_epoch: 2
-- New best results were achieved. --
330/330 - 537s - loss: 0.4112 - accuracy: 0.6003 - 537s/epoch - 2s/step
Epoch 3/25
Validation cm: [[728   4   6   2]
 [ 81   0  11   0]
 [ 70   0   7   0]
 [ 69   0  61   0]]
Validation normalized_cm: [[0.984 0.005 0.008 0.003]
 [0.88  0.    0.12  0.   ]
 [0.909 0.    0.091 0.   ]
 [0.531 0.    0.469 0.   ]]
Validation acc: 0.7074109720885466
Validation class_accuracies: [0.9837837837837838, 0.0, 0.09090909090909091, 0.0]
Validation precision: None
Validation recall: None
Validation f1: None
Validation roc_auc: None
Validation avg_accuracy: 0.2686732186732187
Validation one_indexed_epoch: 3
-- New best results were achieved. --
330/330 - 537s - loss: 0.3804 - accuracy: 0.6077 - 537s/epoch - 2s/step
Epoch 4/25
Validation cm: [[211 529   0   0]
 [ 16  76   0   0]
 [ 19  58   0   0]
 [ 25 105   0   0]]
Validation normalized_cm: [[0.285 0.715 0.    0.   ]
 [0.174 0.826 0.    0.   ]
 [0.247 0.753 0.    0.   ]
 [0.192 0.808 0.    0.   ]]
Validation acc: 0.2762271414821944
Validation class_accuracies: [0.2851351351351351, 0.8260869565217391, 0.0, 0.0]
Validation precision: None
Validation recall: None
Validation f1: None
Validation roc_auc: None
Validation avg_accuracy: 0.27780552291421856
Validation one_indexed_epoch: 4
-- New best results were achieved. --
330/330 - 555s - loss: 0.3620 - accuracy: 0.6045 - 555s/epoch - 2s/step
Epoch 5/25
Validation cm: [[735   5   0   0]
 [ 91   1   0   0]
 [ 77   0   0   0]
 [118   0  12   0]]
Validation normalized_cm: [[0.993 0.007 0.    0.   ]
 [0.989 0.011 0.    0.   ]
 [1.    0.    0.    0.   ]
 [0.908 0.    0.092 0.   ]]
Validation acc: 0.7083734359961501
Validation class_accuracies: [0.9932432432432432, 0.010869565217391304, 0.0, 0.0]
Validation precision: None
Validation recall: None
Validation f1: None
Validation roc_auc: None
Validation avg_accuracy: 0.25102820211515864
Validation one_indexed_epoch: 5
The validation tracker metric at 0.27780552291421856 hasn't increased by 0 in 1 epochs
330/330 - 556s - loss: 0.3452 - accuracy: 0.6073 - 556s/epoch - 2s/step
Epoch 6/25
Validation cm: [[652  88   0   0]
 [ 64  28   0   0]
 [ 72   5   0   0]
 [116  14   0   0]]
Validation normalized_cm: [[0.881 0.119 0.    0.   ]
 [0.696 0.304 0.    0.   ]
 [0.935 0.065 0.    0.   ]
 [0.892 0.108 0.    0.   ]]
Validation acc: 0.6544754571703562
Validation class_accuracies: [0.8810810810810811, 0.30434782608695654, 0.0, 0.0]
Validation precision: None
Validation recall: None
Validation f1: None
Validation roc_auc: None
Validation avg_accuracy: 0.2963572267920094
Validation one_indexed_epoch: 6
-- New best results were achieved. --
330/330 - 549s - loss: 0.3270 - accuracy: 0.6088 - 549s/epoch - 2s/step
Epoch 7/25
Validation cm: [[558 182   0   0]
 [ 32  60   0   0]
 [ 59  13   2   3]
 [ 60  41  20   9]]
Validation normalized_cm: [[0.754 0.246 0.    0.   ]
 [0.348 0.652 0.    0.   ]
 [0.766 0.169 0.026 0.039]
 [0.462 0.315 0.154 0.069]]
Validation acc: 0.6053897978825794
Validation class_accuracies: [0.754054054054054, 0.6521739130434783, 0.025974025974025976, 0.06923076923076923]
Validation precision: None
Validation recall: None
Validation f1: None
Validation roc_auc: None
Validation avg_accuracy: 0.37535819057558184
Validation one_indexed_epoch: 7
-- New best results were achieved. --
330/330 - 562s - loss: 0.3024 - accuracy: 0.6056 - 562s/epoch - 2s/step
Epoch 8/25
Validation cm: [[620 120   0   0]
 [ 57  35   0   0]
 [ 72   4   0   1]
 [118  10   0   2]]
Validation normalized_cm: [[0.838 0.162 0.    0.   ]
 [0.62  0.38  0.    0.   ]
 [0.935 0.052 0.    0.013]
 [0.908 0.077 0.    0.015]]
Validation acc: 0.6323387872954764
Validation class_accuracies: [0.8378378378378378, 0.3804347826086957, 0.0, 0.015384615384615385]
Validation precision: None
Validation recall: None
Validation f1: None
Validation roc_auc: None
Validation avg_accuracy: 0.3084143089577872
Validation one_indexed_epoch: 8
The validation tracker metric at 0.37535819057558184 hasn't increased by 0 in 1 epochs
330/330 - 559s - loss: 0.2914 - accuracy: 0.6478 - 559s/epoch - 2s/step
Epoch 9/25
Validation cm: [[611   9  64  56]
 [ 39   3  23  27]
 [ 44   2  26   5]
 [ 27   2  61  40]]
Validation normalized_cm: [[0.826 0.012 0.086 0.076]
 [0.424 0.033 0.25  0.293]
 [0.571 0.026 0.338 0.065]
 [0.208 0.015 0.469 0.308]]
Validation acc: 0.6544754571703562
Validation class_accuracies: [0.8256756756756757, 0.03260869565217391, 0.33766233766233766, 0.3076923076923077]
Validation precision: None
Validation recall: None
Validation f1: None
Validation roc_auc: None
Validation avg_accuracy: 0.3759097541706237
Validation one_indexed_epoch: 9
-- New best results were achieved. --
330/330 - 564s - loss: 0.2719 - accuracy: 0.6303 - 564s/epoch - 2s/step
Epoch 10/25
Validation cm: [[577 160   3   0]
 [ 29  55   7   1]
 [ 48  11  12   6]
 [ 43  26  53   8]]
Validation normalized_cm: [[0.78  0.216 0.004 0.   ]
 [0.315 0.598 0.076 0.011]
 [0.623 0.143 0.156 0.078]
 [0.331 0.2   0.408 0.062]]
Validation acc: 0.6275264677574591
Validation class_accuracies: [0.7797297297297298, 0.5978260869565217, 0.15584415584415584, 0.06153846153846154]
Validation precision: None
Validation recall: None
Validation f1: None
Validation roc_auc: None
Validation avg_accuracy: 0.39873460851721726
Validation one_indexed_epoch: 10
-- New best results were achieved. --
330/330 - 560s - loss: 0.2644 - accuracy: 0.6202 - 560s/epoch - 2s/step
Epoch 11/25
Validation cm: [[689  42   9   0]
 [ 67  22   0   3]
 [ 59   3  10   5]
 [ 75   9  37   9]]
Validation normalized_cm: [[0.931 0.057 0.012 0.   ]
 [0.728 0.239 0.    0.033]
 [0.766 0.039 0.13  0.065]
 [0.577 0.069 0.285 0.069]]
Validation acc: 0.7025986525505293
Validation class_accuracies: [0.9310810810810811, 0.2391304347826087, 0.12987012987012986, 0.06923076923076923]
Validation precision: None
Validation recall: None
Validation f1: None
Validation roc_auc: None
Validation avg_accuracy: 0.34232810374114725
Validation one_indexed_epoch: 11
The validation tracker metric at 0.39873460851721726 hasn't increased by 0 in 1 epochs
330/330 - 558s - loss: 0.2372 - accuracy: 0.6390 - 558s/epoch - 2s/step
Epoch 12/25
Validation cm: [[668  68   4   0]
 [ 64  27   0   1]
 [ 69   2   6   0]
 [ 85   7  28  10]]
Validation normalized_cm: [[0.903 0.092 0.005 0.   ]
 [0.696 0.293 0.    0.011]
 [0.896 0.026 0.078 0.   ]
 [0.654 0.054 0.215 0.077]]
Validation acc: 0.6843118383060636
Validation class_accuracies: [0.9027027027027027, 0.29347826086956524, 0.07792207792207792, 0.07692307692307693]
Validation precision: None
Validation recall: None
Validation f1: None
Validation roc_auc: None
Validation avg_accuracy: 0.3377565296043557
Validation one_indexed_epoch: 12
The validation tracker metric at 0.39873460851721726 hasn't increased by 0 in 2 epochs
330/330 - 565s - loss: 0.2231 - accuracy: 0.6491 - 565s/epoch - 2s/step
Epoch 13/25
Validation cm: [[710   6  21   3]
 [ 75   0  12   5]
 [ 52   0  24   1]
 [ 52   1  76   1]]
Validation normalized_cm: [[0.959 0.008 0.028 0.004]
 [0.815 0.    0.13  0.054]
 [0.675 0.    0.312 0.013]
 [0.4   0.008 0.585 0.008]]
Validation acc: 0.7074109720885466
Validation class_accuracies: [0.9594594594594594, 0.0, 0.3116883116883117, 0.007692307692307693]
Validation precision: None
Validation recall: None
Validation f1: None
Validation roc_auc: None
Validation avg_accuracy: 0.31971001971001967
Validation one_indexed_epoch: 13
The validation tracker metric at 0.39873460851721726 hasn't increased by 0 in 3 epochs
330/330 - 555s - loss: 0.2142 - accuracy: 0.6299 - 555s/epoch - 2s/step
Epoch 14/25
Validation cm: [[708   8  18   6]
 [ 71   2  12   7]
 [ 58   3  16   0]
 [ 49   1  77   3]]
Validation normalized_cm: [[0.957 0.011 0.024 0.008]
 [0.772 0.022 0.13  0.076]
 [0.753 0.039 0.208 0.   ]
 [0.377 0.008 0.592 0.023]]
Validation acc: 0.7016361886429259
Validation class_accuracies: [0.9567567567567568, 0.021739130434782608, 0.2077922077922078, 0.023076923076923078]
Validation precision: None
Validation recall: None
Validation f1: None
Validation roc_auc: None
Validation avg_accuracy: 0.3023412545151675
Validation one_indexed_epoch: 14
The validation tracker metric at 0.39873460851721726 hasn't increased by 0 in 4 epochs
330/330 - 558s - loss: 0.1923 - accuracy: 0.6054 - 558s/epoch - 2s/step
Epoch 15/25
Validation cm: [[698  23  17   2]
 [ 78   4   8   2]
 [ 66   3   5   3]
 [ 65   5  49  11]]
Validation normalized_cm: [[0.943 0.031 0.023 0.003]
 [0.848 0.043 0.087 0.022]
 [0.857 0.039 0.065 0.039]
 [0.5   0.038 0.377 0.085]]
Validation acc: 0.6910490856592878
Validation class_accuracies: [0.9432432432432433, 0.043478260869565216, 0.06493506493506493, 0.08461538461538462]
Validation precision: None
Validation recall: None
Validation f1: None
Validation roc_auc: None
Validation avg_accuracy: 0.2840679884158145
Validation one_indexed_epoch: 15
The validation tracker metric at 0.39873460851721726 hasn't increased by 0 in 5 epochs
330/330 - 562s - loss: 0.1821 - accuracy: 0.6274 - 562s/epoch - 2s/step
Epoch 16/25
Validation cm: [[632  11  82  15]
 [ 62   5  21   4]
 [ 37   2  34   4]
 [ 31   0  87  12]]
Validation normalized_cm: [[0.854 0.015 0.111 0.02 ]
 [0.674 0.054 0.228 0.043]
 [0.481 0.026 0.442 0.052]
 [0.238 0.    0.669 0.092]]
Validation acc: 0.6573628488931665
Validation class_accuracies: [0.8540540540540541, 0.05434782608695652, 0.44155844155844154, 0.09230769230769231]
Validation precision: None
Validation recall: None
Validation f1: None
Validation roc_auc: None
Validation avg_accuracy: 0.36056700350178617
Validation one_indexed_epoch: 16
The validation tracker metric at 0.39873460851721726 hasn't increased by 0 in 6 epochs
330/330 - 554s - loss: 0.1635 - accuracy: 0.6229 - 554s/epoch - 2s/step
Epoch 17/25
Validation cm: [[614  44  41  41]
 [ 44  11  16  21]
 [ 50   8  12   7]
 [ 33   7  57  33]]
Validation normalized_cm: [[0.83  0.059 0.055 0.055]
 [0.478 0.12  0.174 0.228]
 [0.649 0.104 0.156 0.091]
 [0.254 0.054 0.438 0.254]]
Validation acc: 0.6448508180943214
Validation class_accuracies: [0.8297297297297297, 0.11956521739130435, 0.15584415584415584, 0.25384615384615383]
Validation precision: None
Validation recall: None
Validation f1: None
Validation roc_auc: None
Validation avg_accuracy: 0.3397463142028359
Validation one_indexed_epoch: 17
The validation tracker metric at 0.39873460851721726 hasn't increased by 0 in 7 epochs
330/330 - 562s - loss: 0.1573 - accuracy: 0.6455 - 562s/epoch - 2s/step
Epoch 18/25
Validation cm: [[681  42   7  10]
 [ 59  13  12   8]
 [ 62   2   7   6]
 [ 65   9  32  24]]
Validation normalized_cm: [[0.92  0.057 0.009 0.014]
 [0.641 0.141 0.13  0.087]
 [0.805 0.026 0.091 0.078]
 [0.5   0.069 0.246 0.185]]
Validation acc: 0.697786333012512
Validation class_accuracies: [0.9202702702702703, 0.14130434782608695, 0.09090909090909091, 0.18461538461538463]
Validation precision: None
Validation recall: None
Validation f1: None
Validation roc_auc: None
Validation avg_accuracy: 0.33427477340520817
Validation one_indexed_epoch: 18
The validation tracker metric at 0.39873460851721726 hasn't increased by 0 in 8 epochs
330/330 - 560s - loss: 0.1277 - accuracy: 0.6364 - 560s/epoch - 2s/step
Epoch 19/25
Validation cm: [[711  23   6   0]
 [ 79  11   0   2]
 [ 61   2  12   2]
 [ 85  10  26   9]]
Validation normalized_cm: [[0.961 0.031 0.008 0.   ]
 [0.859 0.12  0.    0.022]
 [0.792 0.026 0.156 0.026]
 [0.654 0.077 0.2   0.069]]
Validation acc: 0.7151106833493744
Validation class_accuracies: [0.9608108108108108, 0.11956521739130435, 0.15584415584415584, 0.06923076923076923]
Validation precision: None
Validation recall: None
Validation f1: None
Validation roc_auc: None
Validation avg_accuracy: 0.32636273831926005
Validation one_indexed_epoch: 19
The validation tracker metric at 0.39873460851721726 hasn't increased by 0 in 9 epochs
330/330 - 553s - loss: 0.1271 - accuracy: 0.6415 - 553s/epoch - 2s/step
Epoch 20/25
Validation cm: [[731   5   4   0]
 [ 84   3   4   1]
 [ 74   0   3   0]
 [ 86   0  36   8]]
Validation normalized_cm: [[0.988 0.007 0.005 0.   ]
 [0.913 0.033 0.043 0.011]
 [0.961 0.    0.039 0.   ]
 [0.662 0.    0.277 0.062]]
Validation acc: 0.7170356111645814
Validation class_accuracies: [0.9878378378378379, 0.03260869565217391, 0.03896103896103896, 0.06153846153846154]
Validation precision: None
Validation recall: None
Validation f1: None
Validation roc_auc: None
Validation avg_accuracy: 0.280236508497378
Validation one_indexed_epoch: 20
The number of epochs since last 1% equals the patience
330/330 - 562s - loss: 0.1030 - accuracy: 0.6204 - 562s/epoch - 2s/step
----------------------------------
The best metrics for this job are: 

Best avg_accuracy: 0.39873460851721726
Best cm: [[577 160   3   0]
 [ 29  55   7   1]
 [ 48  11  12   6]
 [ 43  26  53   8]]
Best normalized_cm: [[0.78  0.216 0.004 0.   ]
 [0.315 0.598 0.076 0.011]
 [0.623 0.143 0.156 0.078]
 [0.331 0.2   0.408 0.062]]
Best acc: 0.6275264677574591
Best class_accuracies: [0.7797297297297298, 0.5978260869565217, 0.15584415584415584, 0.06153846153846154]
Best precision: None
Best recall: None
Best f1: None
Best roc_auc: None
Best one_indexed_epoch: 10
/home/alirachidi/classification_algorithm/trainers/modules/main/global_helpers.py:48: UserWarning: Matplotlib is currently using agg, which is a non-GUI backend, so cannot show the figure.
  plt.show()
Traceback (most recent call last):
  File "/home/alirachidi/anaconda3/envs/LungSoundClass/lib/python3.7/runpy.py", line 193, in _run_module_as_main
    "__main__", mod_spec)
  File "/home/alirachidi/anaconda3/envs/LungSoundClass/lib/python3.7/runpy.py", line 85, in _run_code
    exec(code, run_globals)
  File "/home/alirachidi/classification_algorithm/trainers/cw/models/train58.py", line 213, in <module>
    launch_job({"Bd": 0, "Jordan": 0, "Icbhi": 1, "Perch": 1, "Ant": 1, "SimAnt": 1,}, leaf_mixednet_model, spec_aug_params, audio_aug_params, None, [1,0])
  File "/home/alirachidi/classification_algorithm/trainers/cw/models/train58.py", line 174, in launch_job
    train_model(datasets, model, spec_aug_params, audio_aug_params, parse_function, label_passed)
  File "/home/alirachidi/classification_algorithm/trainers/cw/models/train58.py", line 159, in train_model
    callbacks=[metrics_callback, viz_callback]
  File "/home/alirachidi/anaconda3/envs/LungSoundClass/lib/python3.7/site-packages/keras/utils/traceback_utils.py", line 67, in error_handler
    raise e.with_traceback(filtered_tb) from None
  File "/home/alirachidi/classification_algorithm/trainers/modules/callbacks/visualizationCallback.py", line 24, in on_train_end
    diff = self.final_specs[i][0] - self.initial_specs[i][0]
IndexError: list index out of range
avg_accuracy
model
cm
normalized_cm
acc
class_accuracies
precision
recall
f1
roc_auc
one_indexed_epoch
Tensorflow Version: 2.8.0
Num GPUs Available:  2
Collecting Variables...
All variables have been collected.
../cache/
cw
train56
Description: unt
-----------------------
Job id is 1.
- Loading Perch.
3278 Perch audios have been loaded.
- Loading Icbhi.
725 Icbhi audios have been loaded.
- Loading Antwerp.
131 Antwerp audios have been loaded.
- Preparing Perch.
862 Perch groups of audio chunks (by filename or patients) have been prepared.
- Preparing Icbhi.
112 Icbhi groups of audio chunks (by filename or patients) have been prepared.
- Preparing Antwerp.
15 Antwerp groups of audio chunks (by filename or patients) have been prepared.
--- Samples are being split into training/val groups and de-grouped by patient ---
--- Perch training dataset went from 0 to 2649 elements, with 2346 none's, 61 crakles, 186 wheezes and 56 both ---
--- Perch Validation dataset contains 629 elements, with 551 none, 12 crackles, 54 wheezes and 12 both ---
--- Icbhi training dataset went from 0 to 2040 elements, with 707 none's, 720 crakles, 285 wheezes and 327 both ---
--- Icbhi Validation dataset contains 299 elements, with 172 none, 70 crackles, 18 wheezes and 39 both ---
--- Antwerp training dataset went from 0 to 580 elements, with 82 none's, 16 crakles, 448 wheezes and 34 both ---
--- Antwerp Validation dataset contains 111 elements, with 17 none, 10 crackles, 5 wheezes and 79 both ---
0
0
0
0
-----------------------
--- Final training dataset went from 0 to 5269 elements, with 3135 none's, 797 crakles, 919 wheezes and 417 both ---
--- Final Validation dataset contains 1039 elements, with 740 none, 92 crackles, 77 wheezes and 130 both ---
Model: "leaf_mixednet_model"
______________________________________________________________________________________________________________
 Layer (type)                                    Output Shape                                Param #          
==============================================================================================================
 leaf (Leaf)                                     multiple                                    560              
                                                                                                              
 sequential (Sequential)                         (None, 2)                                   105952           
                                                                                                              
==============================================================================================================
Total params: 106,512
Trainable params: 105,456
Non-trainable params: 1,056
______________________________________________________________________________________________________________
Target metric is avg_accuracy
Epoch 1/25
Validation cm: [[740   0   0   0]
 [ 92   0   0   0]
 [ 77   0   0   0]
 [130   0   0   0]]
Validation normalized_cm: [[1. 0. 0. 0.]
 [1. 0. 0. 0.]
 [1. 0. 0. 0.]
 [1. 0. 0. 0.]]
Validation acc: 0.7122232916265641
Validation class_accuracies: [1.0, 0.0, 0.0, 0.0]
Validation precision: None
Validation recall: None
Validation f1: None
Validation roc_auc: None
Validation avg_accuracy: 0.25
Validation one_indexed_epoch: 1
-- New best results were achieved. --
330/330 - 348s - loss: 0.4565 - accuracy: 0.5529 - 348s/epoch - 1s/step
Epoch 2/25
Validation cm: [[697   1  41   1]
 [ 78   0  14   0]
 [ 44   0  25   8]
 [ 50   0  70  10]]
Validation normalized_cm: [[0.942 0.001 0.055 0.001]
 [0.848 0.    0.152 0.   ]
 [0.571 0.    0.325 0.104]
 [0.385 0.    0.538 0.077]]
Validation acc: 0.7045235803657363
Validation class_accuracies: [0.9418918918918919, 0.0, 0.3246753246753247, 0.07692307692307693]
Validation precision: None
Validation recall: None
Validation f1: None
Validation roc_auc: None
Validation avg_accuracy: 0.33587257337257337
Validation one_indexed_epoch: 2
-- New best results were achieved. --
330/330 - 339s - loss: 0.3987 - accuracy: 0.5597 - 339s/epoch - 1s/step
Epoch 3/25
Validation cm: [[285  87 124 244]
 [  2  19  13  58]
 [ 10   2  11  54]
 [  1   0  41  88]]
Validation normalized_cm: [[0.385 0.118 0.168 0.33 ]
 [0.022 0.207 0.141 0.63 ]
 [0.13  0.026 0.143 0.701]
 [0.008 0.    0.315 0.677]]
Validation acc: 0.38787295476419636
Validation class_accuracies: [0.38513513513513514, 0.20652173913043478, 0.14285714285714285, 0.676923076923077]
Validation precision: None
Validation recall: None
Validation f1: None
Validation roc_auc: None
Validation avg_accuracy: 0.3528592735114474
Validation one_indexed_epoch: 3
-- New best results were achieved. --
330/330 - 340s - loss: 0.3556 - accuracy: 0.5967 - 340s/epoch - 1s/step
Epoch 4/25
Validation cm: [[718   0  21   1]
 [ 72   0  18   2]
 [ 56   0  18   3]
 [ 46   0  82   2]]
Validation normalized_cm: [[0.97  0.    0.028 0.001]
 [0.783 0.    0.196 0.022]
 [0.727 0.    0.234 0.039]
 [0.354 0.    0.631 0.015]]
Validation acc: 0.710298363811357
Validation class_accuracies: [0.9702702702702702, 0.0, 0.23376623376623376, 0.015384615384615385]
Validation precision: None
Validation recall: None
Validation f1: None
Validation roc_auc: None
Validation avg_accuracy: 0.3048552798552798
Validation one_indexed_epoch: 4
The validation tracker metric at 0.3528592735114474 hasn't increased by 0 in 1 epochs
330/330 - 341s - loss: 0.3341 - accuracy: 0.6083 - 341s/epoch - 1s/step
Epoch 5/25
Validation cm: [[604 112  19   5]
 [ 29  40  14   9]
 [ 51  12  11   3]
 [ 58  14  36  22]]
Validation normalized_cm: [[0.816 0.151 0.026 0.007]
 [0.315 0.435 0.152 0.098]
 [0.662 0.156 0.143 0.039]
 [0.446 0.108 0.277 0.169]]
Validation acc: 0.6515880654475458
Validation class_accuracies: [0.8162162162162162, 0.43478260869565216, 0.14285714285714285, 0.16923076923076924]
Validation precision: None
Validation recall: None
Validation f1: None
Validation roc_auc: None
Validation avg_accuracy: 0.39077168424994513
Validation one_indexed_epoch: 5
-- New best results were achieved. --
330/330 - 349s - loss: 0.3182 - accuracy: 0.6155 - 349s/epoch - 1s/step
Epoch 6/25
Validation cm: [[738   2   0   0]
 [ 91   1   0   0]
 [ 76   0   0   1]
 [126   2   1   1]]
Validation normalized_cm: [[0.997 0.003 0.    0.   ]
 [0.989 0.011 0.    0.   ]
 [0.987 0.    0.    0.013]
 [0.969 0.015 0.008 0.008]]
Validation acc: 0.7122232916265641
Validation class_accuracies: [0.9972972972972973, 0.010869565217391304, 0.0, 0.007692307692307693]
Validation precision: None
Validation recall: None
Validation f1: None
Validation roc_auc: None
Validation avg_accuracy: 0.2539647925517491
Validation one_indexed_epoch: 6
The validation tracker metric at 0.39077168424994513 hasn't increased by 0 in 1 epochs
330/330 - 347s - loss: 0.3021 - accuracy: 0.6121 - 347s/epoch - 1s/step
Epoch 7/25
Validation cm: [[610  74  23  33]
 [ 25  23  17  27]
 [ 34   2  32   9]
 [ 17   4  85  24]]
Validation normalized_cm: [[0.824 0.1   0.031 0.045]
 [0.272 0.25  0.185 0.293]
 [0.442 0.026 0.416 0.117]
 [0.131 0.031 0.654 0.185]]
Validation acc: 0.6631376323387873
Validation class_accuracies: [0.8243243243243243, 0.25, 0.4155844155844156, 0.18461538461538463]
Validation precision: None
Validation recall: None
Validation f1: None
Validation roc_auc: None
Validation avg_accuracy: 0.4186310311310311
Validation one_indexed_epoch: 7
-- New best results were achieved. --
330/330 - 346s - loss: 0.2787 - accuracy: 0.6083 - 346s/epoch - 1s/step
Epoch 8/25
Validation cm: [[616  37  60  27]
 [ 56  15  15   6]
 [ 37   0  35   5]
 [ 22   2  89  17]]
Validation normalized_cm: [[0.832 0.05  0.081 0.036]
 [0.609 0.163 0.163 0.065]
 [0.481 0.    0.455 0.065]
 [0.169 0.015 0.685 0.131]]
Validation acc: 0.6573628488931665
Validation class_accuracies: [0.8324324324324325, 0.16304347826086957, 0.45454545454545453, 0.13076923076923078]
Validation precision: None
Validation recall: None
Validation f1: None
Validation roc_auc: None
Validation avg_accuracy: 0.39519764900199683
Validation one_indexed_epoch: 8
The validation tracker metric at 0.4186310311310311 hasn't increased by 0 in 1 epochs
330/330 - 347s - loss: 0.2622 - accuracy: 0.6491 - 347s/epoch - 1s/step
Epoch 9/25
Validation cm: [[709   4  24   3]
 [ 71   3  15   3]
 [ 38   0  35   4]
 [ 40   0  80  10]]
Validation normalized_cm: [[0.958 0.005 0.032 0.004]
 [0.772 0.033 0.163 0.033]
 [0.494 0.    0.455 0.052]
 [0.308 0.    0.615 0.077]]
Validation acc: 0.7285851780558229
Validation class_accuracies: [0.9581081081081081, 0.03260869565217391, 0.45454545454545453, 0.07692307692307693]
Validation precision: None
Validation recall: None
Validation f1: None
Validation roc_auc: None
Validation avg_accuracy: 0.3805463338072034
Validation one_indexed_epoch: 9
The validation tracker metric at 0.4186310311310311 hasn't increased by 0 in 2 epochs
330/330 - 347s - loss: 0.2418 - accuracy: 0.6521 - 347s/epoch - 1s/step
Epoch 10/25
Validation cm: [[545  58  88  49]
 [ 25  18  20  29]
 [ 24   0  39  14]
 [  3   1  88  38]]
Validation normalized_cm: [[0.736 0.078 0.119 0.066]
 [0.272 0.196 0.217 0.315]
 [0.312 0.    0.506 0.182]
 [0.023 0.008 0.677 0.292]]
Validation acc: 0.6159769008662175
Validation class_accuracies: [0.7364864864864865, 0.1956521739130435, 0.5064935064935064, 0.2923076923076923]
Validation precision: None
Validation recall: None
Validation f1: None
Validation roc_auc: None
Validation avg_accuracy: 0.4327349648001822
Validation one_indexed_epoch: 10
-- New best results were achieved. --
330/330 - 340s - loss: 0.2324 - accuracy: 0.6292 - 340s/epoch - 1s/step
Epoch 11/25
Validation cm: [[572  59  85  24]
 [ 45  19  15  13]
 [ 22   4  30  21]
 [ 18   4  80  28]]
Validation normalized_cm: [[0.773 0.08  0.115 0.032]
 [0.489 0.207 0.163 0.141]
 [0.286 0.052 0.39  0.273]
 [0.138 0.031 0.615 0.215]]
Validation acc: 0.6246390760346487
Validation class_accuracies: [0.772972972972973, 0.20652173913043478, 0.38961038961038963, 0.2153846153846154]
Validation precision: None
Validation recall: None
Validation f1: None
Validation roc_auc: None
Validation avg_accuracy: 0.39612242927460317
Validation one_indexed_epoch: 11
The validation tracker metric at 0.4327349648001822 hasn't increased by 0 in 1 epochs
330/330 - 343s - loss: 0.2061 - accuracy: 0.6719 - 343s/epoch - 1s/step
Epoch 12/25
Validation cm: [[732   8   0   0]
 [ 89   3   0   0]
 [ 70   5   1   1]
 [122   0   4   4]]
Validation normalized_cm: [[0.989 0.011 0.    0.   ]
 [0.967 0.033 0.    0.   ]
 [0.909 0.065 0.013 0.013]
 [0.938 0.    0.031 0.031]]
Validation acc: 0.7122232916265641
Validation class_accuracies: [0.9891891891891892, 0.03260869565217391, 0.012987012987012988, 0.03076923076923077]
Validation precision: None
Validation recall: None
Validation f1: None
Validation roc_auc: None
Validation avg_accuracy: 0.2663885321494017
Validation one_indexed_epoch: 12
The validation tracker metric at 0.4327349648001822 hasn't increased by 0 in 2 epochs
330/330 - 342s - loss: 0.2044 - accuracy: 0.6552 - 342s/epoch - 1s/step
Epoch 13/25
Validation cm: [[648  22  64   6]
 [ 58  13  19   2]
 [ 41   1  31   4]
 [ 29   7  74  20]]
Validation normalized_cm: [[0.876 0.03  0.086 0.008]
 [0.63  0.141 0.207 0.022]
 [0.532 0.013 0.403 0.052]
 [0.223 0.054 0.569 0.154]]
Validation acc: 0.685274302213667
Validation class_accuracies: [0.8756756756756757, 0.14130434782608695, 0.4025974025974026, 0.15384615384615385]
Validation precision: None
Validation recall: None
Validation f1: None
Validation roc_auc: None
Validation avg_accuracy: 0.39335589498632983
Validation one_indexed_epoch: 13
The validation tracker metric at 0.4327349648001822 hasn't increased by 0 in 3 epochs
330/330 - 352s - loss: 0.1774 - accuracy: 0.6394 - 352s/epoch - 1s/step
Epoch 14/25
Validation cm: [[646  68  19   7]
 [ 46  29  14   3]
 [ 49   2  17   9]
 [ 35  10  54  31]]
Validation normalized_cm: [[0.873 0.092 0.026 0.009]
 [0.5   0.315 0.152 0.033]
 [0.636 0.026 0.221 0.117]
 [0.269 0.077 0.415 0.238]]
Validation acc: 0.6958614051973051
Validation class_accuracies: [0.8729729729729729, 0.31521739130434784, 0.22077922077922077, 0.23846153846153847]
Validation precision: None
Validation recall: None
Validation f1: None
Validation roc_auc: None
Validation avg_accuracy: 0.41185778087952
Validation one_indexed_epoch: 14
The validation tracker metric at 0.4327349648001822 hasn't increased by 0 in 4 epochs
330/330 - 340s - loss: 0.1629 - accuracy: 0.6299 - 340s/epoch - 1s/step
Epoch 15/25
Validation cm: [[660  19  54   7]
 [ 53  13  19   7]
 [ 35   2  35   5]
 [ 37  19  59  15]]
Validation normalized_cm: [[0.892 0.026 0.073 0.009]
 [0.576 0.141 0.207 0.076]
 [0.455 0.026 0.455 0.065]
 [0.285 0.146 0.454 0.115]]
Validation acc: 0.6958614051973051
Validation class_accuracies: [0.8918918918918919, 0.14130434782608695, 0.45454545454545453, 0.11538461538461539]
Validation precision: None
Validation recall: None
Validation f1: None
Validation roc_auc: None
Validation avg_accuracy: 0.4007815774120122
Validation one_indexed_epoch: 15
The validation tracker metric at 0.4327349648001822 hasn't increased by 0 in 5 epochs
330/330 - 342s - loss: 0.1444 - accuracy: 0.6328 - 342s/epoch - 1s/step
Epoch 16/25
Validation cm: [[654  42  37   7]
 [ 45  24  15   8]
 [ 40   6  24   7]
 [ 23   6  80  21]]
Validation normalized_cm: [[0.884 0.057 0.05  0.009]
 [0.489 0.261 0.163 0.087]
 [0.519 0.078 0.312 0.091]
 [0.177 0.046 0.615 0.162]]
Validation acc: 0.6958614051973051
Validation class_accuracies: [0.8837837837837837, 0.2608695652173913, 0.3116883116883117, 0.16153846153846155]
Validation precision: None
Validation recall: None
Validation f1: None
Validation roc_auc: None
Validation avg_accuracy: 0.4044700305569871
Validation one_indexed_epoch: 16
The validation tracker metric at 0.4327349648001822 hasn't increased by 0 in 6 epochs
330/330 - 340s - loss: 0.1395 - accuracy: 0.6286 - 340s/epoch - 1s/step
Epoch 17/25
Validation cm: [[608  66  45  21]
 [ 40  23  16  13]
 [ 41   6  20  10]
 [ 16  12  78  24]]
Validation normalized_cm: [[0.822 0.089 0.061 0.028]
 [0.435 0.25  0.174 0.141]
 [0.532 0.078 0.26  0.13 ]
 [0.123 0.092 0.6   0.185]]
Validation acc: 0.6496631376323387
Validation class_accuracies: [0.8216216216216217, 0.25, 0.2597402597402597, 0.18461538461538463]
Validation precision: None
Validation recall: None
Validation f1: None
Validation roc_auc: None
Validation avg_accuracy: 0.37899431649431653
Validation one_indexed_epoch: 17
The validation tracker metric at 0.4327349648001822 hasn't increased by 0 in 7 epochs
330/330 - 340s - loss: 0.1285 - accuracy: 0.6455 - 340s/epoch - 1s/step
Epoch 18/25
Validation cm: [[630  47  47  16]
 [ 44  17  20  11]
 [ 38   3  26  10]
 [ 19   7  70  34]]
Validation normalized_cm: [[0.851 0.064 0.064 0.022]
 [0.478 0.185 0.217 0.12 ]
 [0.494 0.039 0.338 0.13 ]
 [0.146 0.054 0.538 0.262]]
Validation acc: 0.6804619826756496
Validation class_accuracies: [0.8513513513513513, 0.18478260869565216, 0.33766233766233766, 0.26153846153846155]
Validation precision: None
Validation recall: None
Validation f1: None
Validation roc_auc: None
Validation avg_accuracy: 0.4088336898119507
Validation one_indexed_epoch: 18
The validation tracker metric at 0.4327349648001822 hasn't increased by 0 in 8 epochs
330/330 - 341s - loss: 0.1064 - accuracy: 0.6187 - 341s/epoch - 1s/step
Epoch 19/25
Validation cm: [[598  22  91  29]
 [ 41  10  24  17]
 [ 26   1  40  10]
 [ 11   2  97  20]]
Validation normalized_cm: [[0.808 0.03  0.123 0.039]
 [0.446 0.109 0.261 0.185]
 [0.338 0.013 0.519 0.13 ]
 [0.085 0.015 0.746 0.154]]
Validation acc: 0.6429258902791145
Validation class_accuracies: [0.8081081081081081, 0.10869565217391304, 0.5194805194805194, 0.15384615384615385]
Validation precision: None
Validation recall: None
Validation f1: None
Validation roc_auc: None
Validation avg_accuracy: 0.39753260840217364
Validation one_indexed_epoch: 19
The validation tracker metric at 0.4327349648001822 hasn't increased by 0 in 9 epochs
330/330 - 341s - loss: 0.0980 - accuracy: 0.6343 - 341s/epoch - 1s/step
Epoch 20/25
Validation cm: [[535  84  74  47]
 [ 31  27  16  18]
 [ 30   4  28  15]
 [ 17   6  69  38]]
Validation normalized_cm: [[0.723 0.114 0.1   0.064]
 [0.337 0.293 0.174 0.196]
 [0.39  0.052 0.364 0.195]
 [0.131 0.046 0.531 0.292]]
Validation acc: 0.6044273339749759
Validation class_accuracies: [0.722972972972973, 0.29347826086956524, 0.36363636363636365, 0.2923076923076923]
Validation precision: None
Validation recall: None
Validation f1: None
Validation roc_auc: None
Validation avg_accuracy: 0.4180988224466486
Validation one_indexed_epoch: 20
The number of epochs since last 1% equals the patience
330/330 - 350s - loss: 0.0964 - accuracy: 0.6155 - 350s/epoch - 1s/step
----------------------------------
The best metrics for this job are: 

Best avg_accuracy: 0.4327349648001822
Best cm: [[545  58  88  49]
 [ 25  18  20  29]
 [ 24   0  39  14]
 [  3   1  88  38]]
Best normalized_cm: [[0.736 0.078 0.119 0.066]
 [0.272 0.196 0.217 0.315]
 [0.312 0.    0.506 0.182]
 [0.023 0.008 0.677 0.292]]
Best acc: 0.6159769008662175
Best class_accuracies: [0.7364864864864865, 0.1956521739130435, 0.5064935064935064, 0.2923076923076923]
Best precision: None
Best recall: None
Best f1: None
Best roc_auc: None
Best one_indexed_epoch: 10
/home/alirachidi/classification_algorithm/trainers/modules/main/global_helpers.py:48: UserWarning: Matplotlib is currently using agg, which is a non-GUI backend, so cannot show the figure.
  plt.show()
Traceback (most recent call last):
  File "/home/alirachidi/anaconda3/envs/LungSoundClass/lib/python3.7/runpy.py", line 193, in _run_module_as_main
    "__main__", mod_spec)
  File "/home/alirachidi/anaconda3/envs/LungSoundClass/lib/python3.7/runpy.py", line 85, in _run_code
    exec(code, run_globals)
  File "/home/alirachidi/classification_algorithm/trainers/cw/models/train56.py", line 214, in <module>
    launch_job({"Bd": 0, "Jordan": 0, "Icbhi": 1, "Perch": 1, "Ant": 1, "SimAnt": 1,}, leaf_mixednet_model, spec_aug_params, audio_aug_params, None, [1,0])
  File "/home/alirachidi/classification_algorithm/trainers/cw/models/train56.py", line 175, in launch_job
    train_model(datasets, model, spec_aug_params, audio_aug_params, parse_function, label_passed)
  File "/home/alirachidi/classification_algorithm/trainers/cw/models/train56.py", line 160, in train_model
    callbacks=[metrics_callback, viz_callback]
  File "/home/alirachidi/anaconda3/envs/LungSoundClass/lib/python3.7/site-packages/keras/utils/traceback_utils.py", line 67, in error_handler
    raise e.with_traceback(filtered_tb) from None
  File "/home/alirachidi/classification_algorithm/trainers/modules/callbacks/visualizationCallback.py", line 24, in on_train_end
    diff = self.final_specs[i][0] - self.initial_specs[i][0]
IndexError: list index out of range
avg_accuracy
model
cm
normalized_cm
acc
class_accuracies
precision
recall
f1
roc_auc
one_indexed_epoch
Traceback (most recent call last):
  File "/home/alirachidi/anaconda3/envs/LungSoundClass/lib/python3.7/runpy.py", line 193, in _run_module_as_main
    "__main__", mod_spec)
  File "/home/alirachidi/anaconda3/envs/LungSoundClass/lib/python3.7/runpy.py", line 85, in _run_code
    exec(code, run_globals)
  File "/home/alirachidi/classification_algorithm/trainers/cw/models/train57.py", line 213, in <module>
    launch_job({"Bd": 0, "Jordan": 0, "Icbhi": 1, "Perch": 1, "Ant": 1, "SimAnt": 1,}, leaf_mixednet_model, spec_aug_params, audio_aug_params, None, [1,0])
  File "/home/alirachidi/classification_algorithm/trainers/cw/models/train57.py", line 174, in launch_job
    train_model(datasets, model, spec_aug_params, audio_aug_params, parse_function, label_passed)
  File "/home/alirachidi/classification_algorithm/trainers/cw/models/train57.py", line 99, in train_model
    train_dataset, __, train_labels, __ = create_tf_dataset(train_samples, batch_size=parameters.batch_size, shuffle=True, parse_func=parse_function)
  File "/home/alirachidi/classification_algorithm/trainers/modules/main/helpers.py", line 99, in create_tf_dataset
    dataset = tf.data.Dataset.from_tensor_slices((specs, labels))
  File "/home/alirachidi/anaconda3/envs/LungSoundClass/lib/python3.7/site-packages/tensorflow/python/data/ops/dataset_ops.py", line 793, in from_tensor_slices
    return TensorSliceDataset(tensors, name=name)
  File "/home/alirachidi/anaconda3/envs/LungSoundClass/lib/python3.7/site-packages/tensorflow/python/data/ops/dataset_ops.py", line 4477, in __init__
    element = structure.normalize_element(element)
  File "/home/alirachidi/anaconda3/envs/LungSoundClass/lib/python3.7/site-packages/tensorflow/python/data/util/structure.py", line 125, in normalize_element
    ops.convert_to_tensor(t, name="component_%d" % i, dtype=dtype))
  File "/home/alirachidi/anaconda3/envs/LungSoundClass/lib/python3.7/site-packages/tensorflow/python/profiler/trace.py", line 183, in wrapped
    return func(*args, **kwargs)
  File "/home/alirachidi/anaconda3/envs/LungSoundClass/lib/python3.7/site-packages/tensorflow/python/framework/ops.py", line 1695, in convert_to_tensor
    ret = conversion_func(value, dtype=dtype, name=name, as_ref=as_ref)
