Tensorflow Version: 2.8.0
Num GPUs Available:  1
Collecting Variables...
All variables have been collected.
../cache/
cw
train81
Description: resnetv2
-----------------------
Job id is 1.
- Loading Icbhi.
725 Icbhi audios have been loaded.
- Preparing Icbhi.
112 Icbhi groups of audio chunks (by filename or patients) have been prepared.
--- Samples are being split into training/val groups and de-grouped by patient ---
--- Icbhi training dataset went from 0 to 2040 elements, with 707 none's, 720 crakles, 285 wheezes and 327 both ---
--- Icbhi Validation dataset contains 299 elements, with 172 none, 70 crackles, 18 wheezes and 39 both ---
0
0
0
0
-----------------------
--- Final training dataset went from 0 to 2040 elements, with 707 none's, 720 crakles, 285 wheezes and 327 both ---
--- Final Validation dataset contains 299 elements, with 172 none, 70 crackles, 18 wheezes and 39 both ---
Model: "leaf_resnet"
______________________________________________________________________________________________________________
 Layer (type)                                    Output Shape                                Param #          
==============================================================================================================
 leaf (Leaf)                                     multiple                                    560              
                                                                                                              
 mel_filterbanks (MelFilterbanks)                multiple                                    0 (unused)       
                                                                                                              
 sincnet (SincNet)                               multiple                                    0 (unused)       
                                                                                                              
 leaf (Leaf)                                     multiple                                    0 (unused)       
                                                                                                              
 sequential (Sequential)                         (None, 2)                                   23591810         
                                                                                                              
==============================================================================================================
Total params: 23,592,690
Trainable params: 23,539,570
Non-trainable params: 53,120
______________________________________________________________________________________________________________
Target metric is avg_accuracy
Epoch 1/40
WARNING:tensorflow:Gradients do not exist for variables ['kernel:0', 'kernel:0'] when minimizing the loss. If you're using `model.compile()`, did you forget to provide a `loss`argument?
WARNING:tensorflow:Gradients do not exist for variables ['kernel:0', 'kernel:0'] when minimizing the loss. If you're using `model.compile()`, did you forget to provide a `loss`argument?
WARNING:tensorflow:Gradients do not exist for variables ['kernel:0', 'kernel:0', 'kernel:0', 'kernel:0'] when minimizing the loss. If you're using `model.compile()`, did you forget to provide a `loss`argument?
WARNING:tensorflow:Gradients do not exist for variables ['kernel:0', 'kernel:0', 'kernel:0', 'kernel:0'] when minimizing the loss. If you're using `model.compile()`, did you forget to provide a `loss`argument?
WARNING:tensorflow:Gradients do not exist for variables ['kernel:0', 'kernel:0'] when minimizing the loss. If you're using `model.compile()`, did you forget to provide a `loss`argument?
WARNING:tensorflow:Gradients do not exist for variables ['kernel:0', 'kernel:0'] when minimizing the loss. If you're using `model.compile()`, did you forget to provide a `loss`argument?
WARNING:tensorflow:Gradients do not exist for variables ['kernel:0', 'kernel:0', 'kernel:0', 'kernel:0'] when minimizing the loss. If you're using `model.compile()`, did you forget to provide a `loss`argument?
WARNING:tensorflow:Gradients do not exist for variables ['kernel:0', 'kernel:0', 'kernel:0', 'kernel:0'] when minimizing the loss. If you're using `model.compile()`, did you forget to provide a `loss`argument?
Validation cm: [[  0 172   0   0]
 [  0  70   0   0]
 [  0  18   0   0]
 [  0  39   0   0]]
Validation normalized_cm: [[0. 1. 0. 0.]
 [0. 1. 0. 0.]
 [0. 1. 0. 0.]
 [0. 1. 0. 0.]]
Validation acc: 0.23411371237458195
Validation class_accuracies: [0.0, 1.0, 0.0, 0.0]
Validation precision: None
Validation recall: None
Validation f1: None
Validation roc_auc: None
Validation avg_accuracy: 0.25
Validation one_indexed_epoch: 1
-- New best results were achieved. --
128/128 - 162s - loss: 1.4901 - accuracy: 0.6623 - 162s/epoch - 1s/step
Epoch 2/40
Validation cm: [[172   0   0   0]
 [ 70   0   0   0]
 [ 18   0   0   0]
 [ 39   0   0   0]]
Validation normalized_cm: [[1. 0. 0. 0.]
 [1. 0. 0. 0.]
 [1. 0. 0. 0.]
 [1. 0. 0. 0.]]
Validation acc: 0.5752508361204013
Validation class_accuracies: [1.0, 0.0, 0.0, 0.0]
Validation precision: None
Validation recall: None
Validation f1: None
Validation roc_auc: None
Validation avg_accuracy: 0.25
Validation one_indexed_epoch: 2
The validation tracker metric at 0.25 hasn't increased by 0 in 1 epochs
128/128 - 150s - loss: 0.7399 - accuracy: 0.7745 - 150s/epoch - 1s/step
Epoch 3/40
Validation cm: [[  0 172   0   0]
 [  0  70   0   0]
 [  0  18   0   0]
 [  0  39   0   0]]
Validation normalized_cm: [[0. 1. 0. 0.]
 [0. 1. 0. 0.]
 [0. 1. 0. 0.]
 [0. 1. 0. 0.]]
Validation acc: 0.23411371237458195
Validation class_accuracies: [0.0, 1.0, 0.0, 0.0]
Validation precision: None
Validation recall: None
Validation f1: None
Validation roc_auc: None
Validation avg_accuracy: 0.25
Validation one_indexed_epoch: 3
The validation tracker metric at 0.25 hasn't increased by 0 in 2 epochs
128/128 - 149s - loss: 0.6578 - accuracy: 0.8020 - 149s/epoch - 1s/step
Epoch 4/40
Validation cm: [[  0 171   0   1]
 [  0  70   0   0]
 [  0  17   0   1]
 [  0  38   0   1]]
Validation normalized_cm: [[0.    0.994 0.    0.006]
 [0.    1.    0.    0.   ]
 [0.    0.944 0.    0.056]
 [0.    0.974 0.    0.026]]
Validation acc: 0.23745819397993312
Validation class_accuracies: [0.0, 1.0, 0.0, 0.02564102564102564]
Validation precision: None
Validation recall: None
Validation f1: None
Validation roc_auc: None
Validation avg_accuracy: 0.2564102564102564
Validation one_indexed_epoch: 4
-- New best results were achieved. --
128/128 - 149s - loss: 0.6606 - accuracy: 0.8603 - 149s/epoch - 1s/step
Epoch 5/40
Validation cm: [[139  33   0   0]
 [ 63   7   0   0]
 [ 13   5   0   0]
 [ 34   5   0   0]]
Validation normalized_cm: [[0.808 0.192 0.    0.   ]
 [0.9   0.1   0.    0.   ]
 [0.722 0.278 0.    0.   ]
 [0.872 0.128 0.    0.   ]]
Validation acc: 0.4882943143812709
Validation class_accuracies: [0.8081395348837209, 0.1, 0.0, 0.0]
Validation precision: None
Validation recall: None
Validation f1: None
Validation roc_auc: None
Validation avg_accuracy: 0.22703488372093023
Validation one_indexed_epoch: 5
The validation tracker metric at 0.2564102564102564 hasn't increased by 0 in 1 epochs
128/128 - 150s - loss: 0.6537 - accuracy: 0.8588 - 150s/epoch - 1s/step
Epoch 6/40
Validation cm: [[142  30   0   0]
 [ 62   8   0   0]
 [ 13   5   0   0]
 [ 32   7   0   0]]
Validation normalized_cm: [[0.826 0.174 0.    0.   ]
 [0.886 0.114 0.    0.   ]
 [0.722 0.278 0.    0.   ]
 [0.821 0.179 0.    0.   ]]
Validation acc: 0.5016722408026756
Validation class_accuracies: [0.8255813953488372, 0.11428571428571428, 0.0, 0.0]
Validation precision: None
Validation recall: None
Validation f1: None
Validation roc_auc: None
Validation avg_accuracy: 0.2349667774086379
Validation one_indexed_epoch: 6
The validation tracker metric at 0.2564102564102564 hasn't increased by 0 in 2 epochs
128/128 - 149s - loss: 0.6529 - accuracy: 0.8603 - 149s/epoch - 1s/step
Epoch 7/40
Validation cm: [[86 86  0  0]
 [29 41  0  0]
 [ 5 13  0  0]
 [17 22  0  0]]
Validation normalized_cm: [[0.5   0.5   0.    0.   ]
 [0.414 0.586 0.    0.   ]
 [0.278 0.722 0.    0.   ]
 [0.436 0.564 0.    0.   ]]
Validation acc: 0.42474916387959866
Validation class_accuracies: [0.5, 0.5857142857142857, 0.0, 0.0]
Validation precision: None
Validation recall: None
Validation f1: None
Validation roc_auc: None
Validation avg_accuracy: 0.27142857142857146
Validation one_indexed_epoch: 7
-- New best results were achieved. --
128/128 - 148s - loss: 0.6523 - accuracy: 0.8593 - 148s/epoch - 1s/step
Epoch 8/40
Validation cm: [[ 58 114   0   0]
 [ 27  43   0   0]
 [  9   9   0   0]
 [ 15  24   0   0]]
Validation normalized_cm: [[0.337 0.663 0.    0.   ]
 [0.386 0.614 0.    0.   ]
 [0.5   0.5   0.    0.   ]
 [0.385 0.615 0.    0.   ]]
Validation acc: 0.3377926421404682
Validation class_accuracies: [0.3372093023255814, 0.6142857142857143, 0.0, 0.0]
Validation precision: None
Validation recall: None
Validation f1: None
Validation roc_auc: None
Validation avg_accuracy: 0.2378737541528239
Validation one_indexed_epoch: 8
The validation tracker metric at 0.27142857142857146 hasn't increased by 0 in 1 epochs
128/128 - 149s - loss: 0.6542 - accuracy: 0.8598 - 149s/epoch - 1s/step
Epoch 9/40
Validation cm: [[  4   1   0 167]
 [  0   0   0  70]
 [  0   0   0  18]
 [  0   0   0  39]]
Validation normalized_cm: [[0.023 0.006 0.    0.971]
 [0.    0.    0.    1.   ]
 [0.    0.    0.    1.   ]
 [0.    0.    0.    1.   ]]
Validation acc: 0.14381270903010032
Validation class_accuracies: [0.023255813953488372, 0.0, 0.0, 1.0]
Validation precision: None
Validation recall: None
Validation f1: None
Validation roc_auc: None
Validation avg_accuracy: 0.2558139534883721
Validation one_indexed_epoch: 9
The validation tracker metric at 0.27142857142857146 hasn't increased by 0 in 2 epochs
128/128 - 149s - loss: 0.6524 - accuracy: 0.8603 - 149s/epoch - 1s/step
Epoch 10/40
Validation cm: [[  5 167   0   0]
 [  1  69   0   0]
 [  1  17   0   0]
 [  1  38   0   0]]
Validation normalized_cm: [[0.029 0.971 0.    0.   ]
 [0.014 0.986 0.    0.   ]
 [0.056 0.944 0.    0.   ]
 [0.026 0.974 0.    0.   ]]
Validation acc: 0.24749163879598662
Validation class_accuracies: [0.029069767441860465, 0.9857142857142858, 0.0, 0.0]
Validation precision: None
Validation recall: None
Validation f1: None
Validation roc_auc: None
Validation avg_accuracy: 0.25369601328903657
Validation one_indexed_epoch: 10
The validation tracker metric at 0.27142857142857146 hasn't increased by 0 in 3 epochs
128/128 - 150s - loss: 0.6553 - accuracy: 0.8603 - 150s/epoch - 1s/step
Epoch 11/40
Validation cm: [[ 39 133   0   0]
 [ 13  57   0   0]
 [  5  13   0   0]
 [ 11  28   0   0]]
Validation normalized_cm: [[0.227 0.773 0.    0.   ]
 [0.186 0.814 0.    0.   ]
 [0.278 0.722 0.    0.   ]
 [0.282 0.718 0.    0.   ]]
Validation acc: 0.3210702341137124
Validation class_accuracies: [0.22674418604651161, 0.8142857142857143, 0.0, 0.0]
Validation precision: None
Validation recall: None
Validation f1: None
Validation roc_auc: None
Validation avg_accuracy: 0.26025747508305647
Validation one_indexed_epoch: 11
The validation tracker metric at 0.27142857142857146 hasn't increased by 0 in 4 epochs
128/128 - 149s - loss: 0.6522 - accuracy: 0.8603 - 149s/epoch - 1s/step
Epoch 12/40
Validation cm: [[ 52 101  15   4]
 [ 25  39   5   1]
 [  4  11   3   0]
 [ 16  18   2   3]]
Validation normalized_cm: [[0.302 0.587 0.087 0.023]
 [0.357 0.557 0.071 0.014]
 [0.222 0.611 0.167 0.   ]
 [0.41  0.462 0.051 0.077]]
Validation acc: 0.32441471571906355
Validation class_accuracies: [0.3023255813953488, 0.5571428571428572, 0.16666666666666666, 0.07692307692307693]
Validation precision: None
Validation recall: None
Validation f1: None
Validation roc_auc: None
Validation avg_accuracy: 0.27576454553198737
Validation one_indexed_epoch: 12
-- New best results were achieved. --
128/128 - 149s - loss: 0.6519 - accuracy: 0.8603 - 149s/epoch - 1s/step
Epoch 13/40
Validation cm: [[161  11   0   0]
 [ 64   6   0   0]
 [ 17   1   0   0]
 [ 39   0   0   0]]
Validation normalized_cm: [[0.936 0.064 0.    0.   ]
 [0.914 0.086 0.    0.   ]
 [0.944 0.056 0.    0.   ]
 [1.    0.    0.    0.   ]]
Validation acc: 0.5585284280936454
Validation class_accuracies: [0.936046511627907, 0.08571428571428572, 0.0, 0.0]
Validation precision: None
Validation recall: None
Validation f1: None
Validation roc_auc: None
Validation avg_accuracy: 0.2554401993355482
Validation one_indexed_epoch: 13
The validation tracker metric at 0.27576454553198737 hasn't increased by 0 in 1 epochs
128/128 - 150s - loss: 0.6529 - accuracy: 0.8603 - 150s/epoch - 1s/step
Epoch 14/40
Validation cm: [[ 33 139   0   0]
 [  8  62   0   0]
 [  2  16   0   0]
 [  8  31   0   0]]
Validation normalized_cm: [[0.192 0.808 0.    0.   ]
 [0.114 0.886 0.    0.   ]
 [0.111 0.889 0.    0.   ]
 [0.205 0.795 0.    0.   ]]
Validation acc: 0.3177257525083612
Validation class_accuracies: [0.19186046511627908, 0.8857142857142857, 0.0, 0.0]
Validation precision: None
Validation recall: None
Validation f1: None
Validation roc_auc: None
Validation avg_accuracy: 0.26939368770764116
Validation one_indexed_epoch: 14
The validation tracker metric at 0.27576454553198737 hasn't increased by 0 in 2 epochs
128/128 - 151s - loss: 0.6523 - accuracy: 0.8598 - 151s/epoch - 1s/step
Epoch 15/40
Validation cm: [[ 2 91 27 52]
 [ 0 36  9 25]
 [ 0  7  3  8]
 [ 0 20  7 12]]
Validation normalized_cm: [[0.012 0.529 0.157 0.302]
 [0.    0.514 0.129 0.357]
 [0.    0.389 0.167 0.444]
 [0.    0.513 0.179 0.308]]
Validation acc: 0.17725752508361203
Validation class_accuracies: [0.011627906976744186, 0.5142857142857142, 0.16666666666666666, 0.3076923076923077]
Validation precision: None
Validation recall: None
Validation f1: None
Validation roc_auc: None
Validation avg_accuracy: 0.2500681489053582
Validation one_indexed_epoch: 15
The validation tracker metric at 0.27576454553198737 hasn't increased by 0 in 3 epochs
128/128 - 151s - loss: 0.6509 - accuracy: 0.8603 - 151s/epoch - 1s/step
Epoch 16/40
Validation cm: [[ 19 140  13   0]
 [  7  59   4   0]
 [  3  14   1   0]
 [  3  31   5   0]]
Validation normalized_cm: [[0.11  0.814 0.076 0.   ]
 [0.1   0.843 0.057 0.   ]
 [0.167 0.778 0.056 0.   ]
 [0.077 0.795 0.128 0.   ]]
Validation acc: 0.26421404682274247
Validation class_accuracies: [0.11046511627906977, 0.8428571428571429, 0.05555555555555555, 0.0]
Validation precision: None
Validation recall: None
Validation f1: None
Validation roc_auc: None
Validation avg_accuracy: 0.252219453672942
Validation one_indexed_epoch: 16
The validation tracker metric at 0.27576454553198737 hasn't increased by 0 in 4 epochs
128/128 - 150s - loss: 0.6519 - accuracy: 0.8603 - 150s/epoch - 1s/step
Epoch 17/40
Validation cm: [[  8 164   0   0]
 [  1  69   0   0]
 [  1  17   0   0]
 [  1  38   0   0]]
Validation normalized_cm: [[0.047 0.953 0.    0.   ]
 [0.014 0.986 0.    0.   ]
 [0.056 0.944 0.    0.   ]
 [0.026 0.974 0.    0.   ]]
Validation acc: 0.25752508361204013
Validation class_accuracies: [0.046511627906976744, 0.9857142857142858, 0.0, 0.0]
Validation precision: None
Validation recall: None
Validation f1: None
Validation roc_auc: None
Validation avg_accuracy: 0.25805647840531565
Validation one_indexed_epoch: 17
The validation tracker metric at 0.27576454553198737 hasn't increased by 0 in 5 epochs
128/128 - 150s - loss: 0.6516 - accuracy: 0.8603 - 150s/epoch - 1s/step
Epoch 18/40
Validation cm: [[ 35 137   0   0]
 [  9  61   0   0]
 [  4  14   0   0]
 [  9  30   0   0]]
Validation normalized_cm: [[0.203 0.797 0.    0.   ]
 [0.129 0.871 0.    0.   ]
 [0.222 0.778 0.    0.   ]
 [0.231 0.769 0.    0.   ]]
Validation acc: 0.3210702341137124
Validation class_accuracies: [0.20348837209302326, 0.8714285714285714, 0.0, 0.0]
Validation precision: None
Validation recall: None
Validation f1: None
Validation roc_auc: None
Validation avg_accuracy: 0.26872923588039865
Validation one_indexed_epoch: 18
The validation tracker metric at 0.27576454553198737 hasn't increased by 0 in 6 epochs
128/128 - 150s - loss: 0.6513 - accuracy: 0.8603 - 150s/epoch - 1s/step
Epoch 19/40
Validation cm: [[116  56   0   0]
 [ 35  35   0   0]
 [  8  10   0   0]
 [ 24  15   0   0]]
Validation normalized_cm: [[0.674 0.326 0.    0.   ]
 [0.5   0.5   0.    0.   ]
 [0.444 0.556 0.    0.   ]
 [0.615 0.385 0.    0.   ]]
Validation acc: 0.5050167224080268
Validation class_accuracies: [0.6744186046511628, 0.5, 0.0, 0.0]
Validation precision: None
Validation recall: None
Validation f1: None
Validation roc_auc: None
Validation avg_accuracy: 0.29360465116279066
Validation one_indexed_epoch: 19
-- New best results were achieved. --
128/128 - 150s - loss: 0.6514 - accuracy: 0.8603 - 150s/epoch - 1s/step
Epoch 20/40
Validation cm: [[  0 172   0   0]
 [  1  69   0   0]
 [  0  18   0   0]
 [  2  37   0   0]]
Validation normalized_cm: [[0.    1.    0.    0.   ]
 [0.014 0.986 0.    0.   ]
 [0.    1.    0.    0.   ]
 [0.051 0.949 0.    0.   ]]
Validation acc: 0.23076923076923078
Validation class_accuracies: [0.0, 0.9857142857142858, 0.0, 0.0]
Validation precision: None
Validation recall: None
Validation f1: None
Validation roc_auc: None
Validation avg_accuracy: 0.24642857142857144
Validation one_indexed_epoch: 20
The validation tracker metric at 0.29360465116279066 hasn't increased by 0 in 1 epochs
128/128 - 157s - loss: 0.6548 - accuracy: 0.8598 - 157s/epoch - 1s/step
Epoch 21/40
Validation cm: [[129  43   0   0]
 [ 61   9   0   0]
 [ 13   5   0   0]
 [ 31   8   0   0]]
Validation normalized_cm: [[0.75  0.25  0.    0.   ]
 [0.871 0.129 0.    0.   ]
 [0.722 0.278 0.    0.   ]
 [0.795 0.205 0.    0.   ]]
Validation acc: 0.46153846153846156
Validation class_accuracies: [0.75, 0.12857142857142856, 0.0, 0.0]
Validation precision: None
Validation recall: None
Validation f1: None
Validation roc_auc: None
Validation avg_accuracy: 0.21964285714285714
Validation one_indexed_epoch: 21
The validation tracker metric at 0.29360465116279066 hasn't increased by 0 in 2 epochs
128/128 - 151s - loss: 0.6558 - accuracy: 0.8598 - 151s/epoch - 1s/step
Epoch 22/40
Validation cm: [[ 26 146   0   0]
 [  7  63   0   0]
 [  2  16   0   0]
 [  8  31   0   0]]
Validation normalized_cm: [[0.151 0.849 0.    0.   ]
 [0.1   0.9   0.    0.   ]
 [0.111 0.889 0.    0.   ]
 [0.205 0.795 0.    0.   ]]
Validation acc: 0.2976588628762542
Validation class_accuracies: [0.1511627906976744, 0.9, 0.0, 0.0]
Validation precision: None
Validation recall: None
Validation f1: None
Validation roc_auc: None
Validation avg_accuracy: 0.2627906976744186
Validation one_indexed_epoch: 22
The validation tracker metric at 0.29360465116279066 hasn't increased by 0 in 3 epochs
128/128 - 151s - loss: 0.6534 - accuracy: 0.8603 - 151s/epoch - 1s/step
Epoch 23/40
Validation cm: [[ 35 137   0   0]
 [ 13  57   0   0]
 [  6  12   0   0]
 [ 11  28   0   0]]
Validation normalized_cm: [[0.203 0.797 0.    0.   ]
 [0.186 0.814 0.    0.   ]
 [0.333 0.667 0.    0.   ]
 [0.282 0.718 0.    0.   ]]
Validation acc: 0.3076923076923077
Validation class_accuracies: [0.20348837209302326, 0.8142857142857143, 0.0, 0.0]
Validation precision: None
Validation recall: None
Validation f1: None
Validation roc_auc: None
Validation avg_accuracy: 0.25444352159468436
Validation one_indexed_epoch: 23
The validation tracker metric at 0.29360465116279066 hasn't increased by 0 in 4 epochs
128/128 - 150s - loss: 0.6537 - accuracy: 0.8603 - 150s/epoch - 1s/step
Epoch 24/40
Validation cm: [[ 27 145   0   0]
 [  9  61   0   0]
 [  2  16   0   0]
 [  9  30   0   0]]
Validation normalized_cm: [[0.157 0.843 0.    0.   ]
 [0.129 0.871 0.    0.   ]
 [0.111 0.889 0.    0.   ]
 [0.231 0.769 0.    0.   ]]
Validation acc: 0.29431438127090304
Validation class_accuracies: [0.1569767441860465, 0.8714285714285714, 0.0, 0.0]
Validation precision: None
Validation recall: None
Validation f1: None
Validation roc_auc: None
Validation avg_accuracy: 0.2571013289036545
Validation one_indexed_epoch: 24
The validation tracker metric at 0.29360465116279066 hasn't increased by 0 in 5 epochs
128/128 - 150s - loss: 0.6528 - accuracy: 0.8603 - 150s/epoch - 1s/step
Epoch 25/40
Validation cm: [[92 79  1  0]
 [34 36  0  0]
 [ 7 11  0  0]
 [26 13  0  0]]
Validation normalized_cm: [[0.535 0.459 0.006 0.   ]
 [0.486 0.514 0.    0.   ]
 [0.389 0.611 0.    0.   ]
 [0.667 0.333 0.    0.   ]]
Validation acc: 0.4280936454849498
Validation class_accuracies: [0.5348837209302325, 0.5142857142857142, 0.0, 0.0]
Validation precision: None
Validation recall: None
Validation f1: None
Validation roc_auc: None
Validation avg_accuracy: 0.2622923588039867
Validation one_indexed_epoch: 25
The validation tracker metric at 0.29360465116279066 hasn't increased by 0 in 6 epochs
128/128 - 149s - loss: 0.6529 - accuracy: 0.8603 - 149s/epoch - 1s/step
Epoch 26/40
Validation cm: [[ 20 151   1   0]
 [  7  63   0   0]
 [  3  15   0   0]
 [  9  30   0   0]]
Validation normalized_cm: [[0.116 0.878 0.006 0.   ]
 [0.1   0.9   0.    0.   ]
 [0.167 0.833 0.    0.   ]
 [0.231 0.769 0.    0.   ]]
Validation acc: 0.27759197324414714
Validation class_accuracies: [0.11627906976744186, 0.9, 0.0, 0.0]
Validation precision: None
Validation recall: None
Validation f1: None
Validation roc_auc: None
Validation avg_accuracy: 0.2540697674418605
Validation one_indexed_epoch: 26
The validation tracker metric at 0.29360465116279066 hasn't increased by 0 in 7 epochs
128/128 - 149s - loss: 0.6530 - accuracy: 0.8603 - 149s/epoch - 1s/step
Epoch 27/40
Validation cm: [[ 23 148   1   0]
 [  9  61   0   0]
 [  2  16   0   0]
 [  9  30   0   0]]
Validation normalized_cm: [[0.134 0.86  0.006 0.   ]
 [0.129 0.871 0.    0.   ]
 [0.111 0.889 0.    0.   ]
 [0.231 0.769 0.    0.   ]]
Validation acc: 0.2809364548494983
Validation class_accuracies: [0.13372093023255813, 0.8714285714285714, 0.0, 0.0]
Validation precision: None
Validation recall: None
Validation f1: None
Validation roc_auc: None
Validation avg_accuracy: 0.2512873754152824
Validation one_indexed_epoch: 27
The validation tracker metric at 0.29360465116279066 hasn't increased by 0 in 8 epochs
128/128 - 149s - loss: 0.6530 - accuracy: 0.8603 - 149s/epoch - 1s/step
Epoch 28/40
Validation cm: [[ 11 159   1   1]
 [  3  67   0   0]
 [  1  17   0   0]
 [  4  35   0   0]]
Validation normalized_cm: [[0.064 0.924 0.006 0.006]
 [0.043 0.957 0.    0.   ]
 [0.056 0.944 0.    0.   ]
 [0.103 0.897 0.    0.   ]]
Validation acc: 0.2608695652173913
Validation class_accuracies: [0.06395348837209303, 0.9571428571428572, 0.0, 0.0]
Validation precision: None
Validation recall: None
Validation f1: None
Validation roc_auc: None
Validation avg_accuracy: 0.25527408637873755
Validation one_indexed_epoch: 28
The validation tracker metric at 0.29360465116279066 hasn't increased by 0 in 9 epochs
128/128 - 149s - loss: 0.6524 - accuracy: 0.8603 - 149s/epoch - 1s/step
Epoch 29/40
Validation cm: [[ 14 157   0   1]
 [  4  66   0   0]
 [  1  17   0   0]
 [  6  33   0   0]]
Validation normalized_cm: [[0.081 0.913 0.    0.006]
 [0.057 0.943 0.    0.   ]
 [0.056 0.944 0.    0.   ]
 [0.154 0.846 0.    0.   ]]
Validation acc: 0.26755852842809363
Validation class_accuracies: [0.08139534883720931, 0.9428571428571428, 0.0, 0.0]
Validation precision: None
Validation recall: None
Validation f1: None
Validation roc_auc: None
Validation avg_accuracy: 0.256063122923588
Validation one_indexed_epoch: 29
The validation tracker metric at 0.29360465116279066 hasn't increased by 0 in 10 epochs
128/128 - 149s - loss: 0.6534 - accuracy: 0.8603 - 149s/epoch - 1s/step
Epoch 30/40
Validation cm: [[ 17 154   1   0]
 [  5  65   0   0]
 [  1  17   0   0]
 [  6  33   0   0]]
Validation normalized_cm: [[0.099 0.895 0.006 0.   ]
 [0.071 0.929 0.    0.   ]
 [0.056 0.944 0.    0.   ]
 [0.154 0.846 0.    0.   ]]
Validation acc: 0.27424749163879597
Validation class_accuracies: [0.09883720930232558, 0.9285714285714286, 0.0, 0.0]
Validation precision: None
Validation recall: None
Validation f1: None
Validation roc_auc: None
Validation avg_accuracy: 0.25685215946843853
Validation one_indexed_epoch: 30
The validation tracker metric at 0.29360465116279066 hasn't increased by 0 in 11 epochs
128/128 - 149s - loss: 0.6524 - accuracy: 0.8603 - 149s/epoch - 1s/step
Epoch 31/40
Validation cm: [[  8 163   0   1]
 [  1  69   0   0]
 [  1  17   0   0]
 [  4  35   0   0]]
Validation normalized_cm: [[0.047 0.948 0.    0.006]
 [0.014 0.986 0.    0.   ]
 [0.056 0.944 0.    0.   ]
 [0.103 0.897 0.    0.   ]]
Validation acc: 0.25752508361204013
Validation class_accuracies: [0.046511627906976744, 0.9857142857142858, 0.0, 0.0]
Validation precision: None
Validation recall: None
Validation f1: None
Validation roc_auc: None
Validation avg_accuracy: 0.25805647840531565
Validation one_indexed_epoch: 31
The number of epochs since last 1% equals the patience
128/128 - 149s - loss: 0.6524 - accuracy: 0.8603 - 149s/epoch - 1s/step
----------------------------------
The best metrics for this job are: 

Best avg_accuracy: 0.29360465116279066
Best cm: [[116  56   0   0]
 [ 35  35   0   0]
 [  8  10   0   0]
 [ 24  15   0   0]]
Best normalized_cm: [[0.674 0.326 0.    0.   ]
 [0.5   0.5   0.    0.   ]
 [0.444 0.556 0.    0.   ]
 [0.615 0.385 0.    0.   ]]
Best acc: 0.5050167224080268
Best class_accuracies: [0.6744186046511628, 0.5, 0.0, 0.0]
Best precision: None
Best recall: None
Best f1: None
Best roc_auc: None
Best one_indexed_epoch: 19
avg_accuracy
model
cm
normalized_cm
acc
class_accuracies
precision
recall
f1
roc_auc
one_indexed_epoch
Initial weights
[<tf.Variable 'kernel:0' shape=(80, 2) dtype=float32, numpy=
array([[0.000e+00, 1.503e+02],
       [0.000e+00, 9.566e+01],
       [9.315e-01, 1.496e+02],
       [0.000e+00, 1.503e+02],
       [1.128e+00, 1.499e+02],
       [1.020e+00, 9.695e+01],
       [1.090e+00, 9.491e+01],
       [1.080e+00, 9.504e+01],
       [0.000e+00, 9.684e+01],
       [5.377e-01, 9.798e+01],
       [1.074e+00, 9.694e+01],
       [0.000e+00, 9.492e+01],
       [0.000e+00, 9.492e+01],
       [1.132e+00, 9.681e+01],
       [1.137e+00, 9.689e+01],
       [0.000e+00, 9.466e+01],
       [2.185e-01, 1.496e+02],
       [1.155e+00, 9.500e+01],
       [1.192e+00, 9.687e+01],
       [0.000e+00, 9.689e+01],
       [1.228e+00, 9.689e+01],
       [0.000e+00, 9.474e+01],
       [1.264e+00, 9.501e+01],
       [0.000e+00, 9.632e+01],
       [1.302e+00, 6.491e+01],
       [0.000e+00, 9.623e+01],
       [0.000e+00, 6.338e+01],
       [1.324e+00, 9.500e+01],
       [0.000e+00, 6.303e+01],
       [1.398e+00, 6.489e+01],
       [1.423e+00, 6.303e+01],
       [8.893e-01, 6.434e+01],
       [1.473e+00, 6.490e+01],
       [0.000e+00, 6.404e+01],
       [1.521e+00, 6.302e+01],
       [1.032e-02, 6.493e+01],
       [0.000e+00, 6.490e+01],
       [1.594e+00, 6.302e+01],
       [1.609e+00, 4.890e+01],
       [1.200e+00, 4.891e+01],
       [2.288e+00, 4.893e+01],
       [1.718e+00, 4.707e+01],
       [0.000e+00, 4.701e+01],
       [0.000e+00, 4.759e+01],
       [1.816e+00, 4.891e+01],
       [0.000e+00, 4.703e+01],
       [8.789e-02, 4.704e+01],
       [1.914e+00, 3.932e+01],
       [1.950e+00, 3.932e+01],
       [1.351e-01, 3.744e+01],
       [0.000e+00, 3.449e+01],
       [2.282e+00, 3.921e+01],
       [2.122e+00, 3.292e+01],
       [2.070e+00, 3.274e+01],
       [3.169e-01, 3.744e+01],
       [2.256e+00, 3.291e+01],
       [2.307e+00, 3.291e+01],
       [2.340e+00, 3.103e+01],
       [2.404e+00, 2.835e+01],
       [5.611e-01, 2.645e+01],
       [2.496e+00, 3.287e+01],
       [6.454e-01, 2.653e+01],
       [1.627e+00, 2.807e+01],
       [2.675e+00, 2.493e+01],
       [2.736e+00, 2.492e+01],
       [9.192e-01, 2.305e+01],
       [9.823e-01, 2.305e+01],
       [1.093e+00, 2.296e+01],
       [2.891e+00, 2.206e+01],
       [1.094e+00, 2.014e+01],
       [3.141e+00, 2.013e+01],
       [1.338e+00, 1.825e+01],
       [1.449e+00, 2.220e+01],
       [3.142e+00, 1.993e+01],
       [1.434e+00, 1.815e+01],
       [3.142e+00, 1.835e+01],
       [3.142e+00, 1.838e+01],
       [1.661e+00, 1.492e+01],
       [3.142e+00, 1.838e+01],
       [3.142e+00, 1.682e+01]], dtype=float32)>, <tf.Variable 'leaf/learnable_pooling/kernel:0' shape=(1, 1, 80, 1) dtype=float32, numpy=
array([[[[0.408],
         [0.401],
         [0.406],
         [0.393],
         [0.403],
         [0.394],
         [0.407],
         [0.394],
         [0.407],
         [0.402],
         [0.394],
         [0.396],
         [0.395],
         [0.405],
         [0.394],
         [0.407],
         [0.394],
         [0.406],
         [0.406],
         [0.406],
         [0.394],
         [0.407],
         [0.406],
         [0.393],
         [0.406],
         [0.393],
         [0.406],
         [0.394],
         [0.394],
         [0.406],
         [0.406],
         [0.393],
         [0.406],
         [0.403],
         [0.406],
         [0.394],
         [0.394],
         [0.406],
         [0.406],
         [0.394],
         [0.406],
         [0.406],
         [0.406],
         [0.399],
         [0.394],
         [0.406],
         [0.406],
         [0.394],
         [0.394],
         [0.406],
         [0.417],
         [0.397],
         [0.394],
         [0.395],
         [0.406],
         [0.394],
         [0.394],
         [0.406],
         [0.394],
         [0.394],
         [0.394],
         [0.406],
         [0.403],
         [0.394],
         [0.394],
         [0.406],
         [0.406],
         [0.407],
         [0.395],
         [0.408],
         [0.394],
         [0.406],
         [0.394],
         [0.394],
         [0.407],
         [0.394],
         [0.394],
         [0.407],
         [0.394],
         [0.394]]]], dtype=float32)>, <tf.Variable 'leaf/PCEN/alpha:0' shape=(80,) dtype=float32, numpy=
array([1.562, 1.562, 0.433, 0.232, 0.874, 0.658, 1.562, 0.352, 1.562,
       1.562, 0.428, 0.528, 1.562, 1.562, 0.375, 1.275, 1.562, 1.562,
       1.562, 1.562, 0.366, 1.562, 1.562, 0.238, 1.562, 0.226, 0.357,
       1.562, 1.562, 0.358, 0.356, 1.562, 1.562, 0.728, 0.359, 1.562,
       0.357, 0.358, 1.562, 1.562, 1.562, 0.375, 1.562, 1.562, 0.358,
       0.358, 0.358, 0.365, 1.562, 0.358, 1.562, 1.562, 1.562, 1.562,
       0.358, 0.358, 0.358, 1.562, 1.562, 1.562, 1.562, 1.562, 1.562,
       0.361, 0.359, 0.358, 0.355, 1.562, 1.562, 1.562, 0.357, 0.357,
       0.36 , 0.359, 1.562, 0.354, 0.136, 1.562, 0.359, 0.352],
      dtype=float32)>, <tf.Variable 'leaf/PCEN/delta:0' shape=(80,) dtype=float32, numpy=
array([1.728, 1.548, 2.573, 2.345, 2.509, 1.334, 1.436, 2.604, 1.506,
       1.338, 2.566, 2.025, 2.154, 1.628, 2.588, 2.079, 1.393, 1.308,
       1.846, 1.535, 2.593, 1.271, 1.419, 2.793, 1.554, 2.872, 2.631,
       1.427, 1.408, 2.602, 2.604, 1.868, 1.374, 2.611, 2.601, 1.387,
       2.604, 2.602, 1.37 , 1.356, 1.197, 2.574, 1.372, 1.301, 2.602,
       2.602, 2.602, 2.591, 1.375, 2.601, 1.141, 1.375, 1.262, 1.318,
       2.602, 2.602, 2.602, 1.334, 1.363, 1.393, 1.403, 1.4  , 1.389,
       2.598, 2.601, 2.602, 2.605, 2.011, 1.461, 1.592, 2.603, 2.603,
       2.6  , 2.601, 1.556, 2.606, 2.655, 1.615, 2.6  , 2.607],
      dtype=float32)>, <tf.Variable 'leaf/PCEN/root:0' shape=(80,) dtype=float32, numpy=
array([1.854, 0.893, 2.588, 2.729, 2.593, 2.423, 1.464, 2.604, 1.563,
       1.971, 2.575, 2.431, 2.863, 2.067, 2.596, 1.704, 1.395, 1.324,
       1.602, 2.84 , 2.597, 1.279, 1.419, 2.736, 1.537, 2.705, 2.632,
       1.428, 1.421, 2.602, 2.604, 2.366, 1.37 , 1.811, 2.601, 1.381,
       2.604, 2.602, 1.359, 1.328, 1.177, 2.592, 1.366, 1.96 , 2.602,
       2.598, 2.602, 2.598, 2.501, 2.602, 0.465, 2.522, 1.16 , 1.305,
       2.602, 2.602, 2.602, 1.336, 1.349, 1.392, 1.404, 1.4  , 2.426,
       2.6  , 2.601, 2.602, 2.604, 2.031, 1.477, 1.592, 2.603, 2.603,
       2.6  , 2.601, 1.608, 2.605, 2.719, 1.712, 2.601, 2.609],
      dtype=float32)>, <tf.Variable 'leaf/PCEN/EMA/smooth:0' shape=(80,) dtype=float32, numpy=
array([ 0.881, -0.562,  0.639, -0.562,  0.642,  0.641, -0.562, -0.562,
        0.684, -0.562, -0.562,  0.661,  0.659,  0.626,  0.642, -0.562,
        0.643, -0.562, -0.562,  0.692,  0.642, -0.562,  0.637, -0.562,
       -0.562, -0.562,  0.648,  0.641,  0.662, -0.562, -0.562, -0.562,
        0.643, -0.562, -0.562,  0.639,  0.626, -0.562,  0.641,  0.641,
       -0.562,  0.642,  0.639, -0.562,  0.642, -0.562, -0.562,  0.642,
        0.642, -0.562, -0.562, -0.562,  0.642,  0.64 , -0.562,  0.641,
        0.642, -0.562,  0.641,  0.636,  0.641,  0.641, -0.562,  0.642,
       -0.562, -0.562, -0.562, -0.562, -0.562, -0.562,  0.642,  0.641,
       -0.562, -0.562, -0.562, -0.562,  0.642, -0.562,  0.641, -0.562],
      dtype=float32)>]
Post training weights
[<tf.Variable 'kernel:0' shape=(80, 2) dtype=float32, numpy=
array([[0.000e+00, 1.503e+02],
       [0.000e+00, 9.566e+01],
       [9.315e-01, 1.496e+02],
       [0.000e+00, 1.503e+02],
       [1.128e+00, 1.499e+02],
       [1.020e+00, 9.695e+01],
       [1.090e+00, 9.491e+01],
       [1.080e+00, 9.504e+01],
       [0.000e+00, 9.684e+01],
       [5.377e-01, 9.798e+01],
       [1.074e+00, 9.694e+01],
       [0.000e+00, 9.492e+01],
       [0.000e+00, 9.492e+01],
       [1.132e+00, 9.681e+01],
       [1.137e+00, 9.689e+01],
       [0.000e+00, 9.466e+01],
       [2.185e-01, 1.496e+02],
       [1.155e+00, 9.500e+01],
       [1.192e+00, 9.687e+01],
       [0.000e+00, 9.689e+01],
       [1.228e+00, 9.689e+01],
       [0.000e+00, 9.474e+01],
       [1.264e+00, 9.501e+01],
       [0.000e+00, 9.632e+01],
       [1.302e+00, 6.491e+01],
       [0.000e+00, 9.623e+01],
       [0.000e+00, 6.338e+01],
       [1.324e+00, 9.500e+01],
       [0.000e+00, 6.303e+01],
       [1.398e+00, 6.489e+01],
       [1.423e+00, 6.303e+01],
       [8.893e-01, 6.434e+01],
       [1.473e+00, 6.490e+01],
       [0.000e+00, 6.404e+01],
       [1.521e+00, 6.302e+01],
       [1.032e-02, 6.493e+01],
       [0.000e+00, 6.490e+01],
       [1.594e+00, 6.302e+01],
       [1.609e+00, 4.890e+01],
       [1.200e+00, 4.891e+01],
       [2.288e+00, 4.893e+01],
       [1.718e+00, 4.707e+01],
       [0.000e+00, 4.701e+01],
       [0.000e+00, 4.759e+01],
       [1.816e+00, 4.891e+01],
       [0.000e+00, 4.703e+01],
       [8.789e-02, 4.704e+01],
       [1.914e+00, 3.932e+01],
       [1.950e+00, 3.932e+01],
       [1.351e-01, 3.744e+01],
       [0.000e+00, 3.449e+01],
       [2.282e+00, 3.921e+01],
       [2.122e+00, 3.292e+01],
       [2.070e+00, 3.274e+01],
       [3.169e-01, 3.744e+01],
       [2.256e+00, 3.291e+01],
       [2.307e+00, 3.291e+01],
       [2.340e+00, 3.103e+01],
       [2.404e+00, 2.835e+01],
       [5.611e-01, 2.645e+01],
       [2.496e+00, 3.287e+01],
       [6.454e-01, 2.653e+01],
       [1.627e+00, 2.807e+01],
       [2.675e+00, 2.493e+01],
       [2.736e+00, 2.492e+01],
       [9.192e-01, 2.305e+01],
       [9.823e-01, 2.305e+01],
       [1.093e+00, 2.296e+01],
       [2.891e+00, 2.206e+01],
       [1.094e+00, 2.014e+01],
       [3.141e+00, 2.013e+01],
       [1.338e+00, 1.825e+01],
       [1.449e+00, 2.220e+01],
       [3.142e+00, 1.993e+01],
       [1.434e+00, 1.815e+01],
       [3.142e+00, 1.835e+01],
       [3.142e+00, 1.838e+01],
       [1.661e+00, 1.492e+01],
       [3.142e+00, 1.838e+01],
       [3.142e+00, 1.682e+01]], dtype=float32)>, <tf.Variable 'leaf/learnable_pooling/kernel:0' shape=(1, 1, 80, 1) dtype=float32, numpy=
array([[[[0.408],
         [0.401],
         [0.406],
         [0.393],
         [0.403],
         [0.394],
         [0.407],
         [0.394],
         [0.407],
         [0.402],
         [0.394],
         [0.396],
         [0.395],
         [0.405],
         [0.394],
         [0.407],
         [0.394],
         [0.406],
         [0.406],
         [0.406],
         [0.394],
         [0.407],
         [0.406],
         [0.393],
         [0.406],
         [0.393],
         [0.406],
         [0.394],
         [0.394],
         [0.406],
         [0.406],
         [0.393],
         [0.406],
         [0.403],
         [0.406],
         [0.394],
         [0.394],
         [0.406],
         [0.406],
         [0.394],
         [0.406],
         [0.406],
         [0.406],
         [0.399],
         [0.394],
         [0.406],
         [0.406],
         [0.394],
         [0.394],
         [0.406],
         [0.417],
         [0.397],
         [0.394],
         [0.395],
         [0.406],
         [0.394],
         [0.394],
         [0.406],
         [0.394],
         [0.394],
         [0.394],
         [0.406],
         [0.403],
         [0.394],
         [0.394],
         [0.406],
         [0.406],
         [0.407],
         [0.395],
         [0.408],
         [0.394],
         [0.406],
         [0.394],
         [0.394],
         [0.407],
         [0.394],
         [0.394],
         [0.407],
         [0.394],
         [0.394]]]], dtype=float32)>, <tf.Variable 'leaf/PCEN/alpha:0' shape=(80,) dtype=float32, numpy=
array([1.562, 1.562, 0.433, 0.232, 0.874, 0.658, 1.562, 0.352, 1.562,
       1.562, 0.428, 0.528, 1.562, 1.562, 0.375, 1.275, 1.562, 1.562,
       1.562, 1.562, 0.366, 1.562, 1.562, 0.238, 1.562, 0.226, 0.357,
       1.562, 1.562, 0.358, 0.356, 1.562, 1.562, 0.728, 0.359, 1.562,
       0.357, 0.358, 1.562, 1.562, 1.562, 0.375, 1.562, 1.562, 0.358,
       0.358, 0.358, 0.365, 1.562, 0.358, 1.562, 1.562, 1.562, 1.562,
       0.358, 0.358, 0.358, 1.562, 1.562, 1.562, 1.562, 1.562, 1.562,
       0.361, 0.359, 0.358, 0.355, 1.562, 1.562, 1.562, 0.357, 0.357,
       0.36 , 0.359, 1.562, 0.354, 0.136, 1.562, 0.359, 0.352],
      dtype=float32)>, <tf.Variable 'leaf/PCEN/delta:0' shape=(80,) dtype=float32, numpy=
array([1.728, 1.548, 2.573, 2.345, 2.509, 1.334, 1.436, 2.604, 1.506,
       1.338, 2.566, 2.025, 2.154, 1.628, 2.588, 2.079, 1.393, 1.308,
       1.846, 1.535, 2.593, 1.271, 1.419, 2.793, 1.554, 2.872, 2.631,
       1.427, 1.408, 2.602, 2.604, 1.868, 1.374, 2.611, 2.601, 1.387,
       2.604, 2.602, 1.37 , 1.356, 1.197, 2.574, 1.372, 1.301, 2.602,
       2.602, 2.602, 2.591, 1.375, 2.601, 1.141, 1.375, 1.262, 1.318,
       2.602, 2.602, 2.602, 1.334, 1.363, 1.393, 1.403, 1.4  , 1.389,
       2.598, 2.601, 2.602, 2.605, 2.011, 1.461, 1.592, 2.603, 2.603,
       2.6  , 2.601, 1.556, 2.606, 2.655, 1.615, 2.6  , 2.607],
      dtype=float32)>, <tf.Variable 'leaf/PCEN/root:0' shape=(80,) dtype=float32, numpy=
array([1.854, 0.893, 2.588, 2.729, 2.593, 2.423, 1.464, 2.604, 1.563,
       1.971, 2.575, 2.431, 2.863, 2.067, 2.596, 1.704, 1.395, 1.324,
       1.602, 2.84 , 2.597, 1.279, 1.419, 2.736, 1.537, 2.705, 2.632,
       1.428, 1.421, 2.602, 2.604, 2.366, 1.37 , 1.811, 2.601, 1.381,
       2.604, 2.602, 1.359, 1.328, 1.177, 2.592, 1.366, 1.96 , 2.602,
       2.598, 2.602, 2.598, 2.501, 2.602, 0.465, 2.522, 1.16 , 1.305,
       2.602, 2.602, 2.602, 1.336, 1.349, 1.392, 1.404, 1.4  , 2.426,
       2.6  , 2.601, 2.602, 2.604, 2.031, 1.477, 1.592, 2.603, 2.603,
       2.6  , 2.601, 1.608, 2.605, 2.719, 1.712, 2.601, 2.609],
      dtype=float32)>, <tf.Variable 'leaf/PCEN/EMA/smooth:0' shape=(80,) dtype=float32, numpy=
array([ 0.881, -0.562,  0.639, -0.562,  0.642,  0.641, -0.562, -0.562,
        0.684, -0.562, -0.562,  0.661,  0.659,  0.626,  0.642, -0.562,
        0.643, -0.562, -0.562,  0.692,  0.642, -0.562,  0.637, -0.562,
       -0.562, -0.562,  0.648,  0.641,  0.662, -0.562, -0.562, -0.562,
        0.643, -0.562, -0.562,  0.639,  0.626, -0.562,  0.641,  0.641,
       -0.562,  0.642,  0.639, -0.562,  0.642, -0.562, -0.562,  0.642,
        0.642, -0.562, -0.562, -0.562,  0.642,  0.64 , -0.562,  0.641,
        0.642, -0.562,  0.641,  0.636,  0.641,  0.641, -0.562,  0.642,
       -0.562, -0.562, -0.562, -0.562, -0.562, -0.562,  0.642,  0.641,
       -0.562, -0.562, -0.562, -0.562,  0.642, -0.562,  0.641, -0.562],
      dtype=float32)>]/home/alirachidi/classification_algorithm/trainers/modules/main/global_helpers.py:48: UserWarning: Matplotlib is currently using agg, which is a non-GUI backend, so cannot show the figure.
  plt.show()
