Tensorflow Version: 2.8.0
Num GPUs Available:  1
Collecting Variables...
All variables have been collected.
../cache/
cw
train82
Description: resnetv2
-----------------------
Job id is 1.
- Loading Icbhi.
725 Icbhi audios have been loaded.
- Preparing Icbhi.
112 Icbhi groups of audio chunks (by filename or patients) have been prepared.
--- Samples are being split into training/val groups and de-grouped by patient ---
--- Icbhi training dataset went from 0 to 2040 elements, with 707 none's, 720 crakles, 285 wheezes and 327 both ---
--- Icbhi Validation dataset contains 299 elements, with 172 none, 70 crackles, 18 wheezes and 39 both ---
0
0
0
0
-----------------------
--- Final training dataset went from 0 to 2040 elements, with 707 none's, 720 crakles, 285 wheezes and 327 both ---
--- Final Validation dataset contains 299 elements, with 172 none, 70 crackles, 18 wheezes and 39 both ---
Model: "leaf_resnet_bis"
______________________________________________________________________________________________________________
 Layer (type)                                    Output Shape                                Param #          
==============================================================================================================
 leaf (Leaf)                                     multiple                                    560              
                                                                                                              
 mel_filterbanks (MelFilterbanks)                multiple                                    0 (unused)       
                                                                                                              
 sincnet (SincNet)                               multiple                                    0 (unused)       
                                                                                                              
 leaf (Leaf)                                     multiple                                    0 (unused)       
                                                                                                              
 sequential (Sequential)                         (None, 2)                                   23568898         
                                                                                                              
==============================================================================================================
Total params: 23,569,778
Trainable params: 23,524,338
Non-trainable params: 45,440
______________________________________________________________________________________________________________
Target metric is avg_accuracy
Epoch 1/40
WARNING:tensorflow:Gradients do not exist for variables ['kernel:0', 'kernel:0'] when minimizing the loss. If you're using `model.compile()`, did you forget to provide a `loss`argument?
WARNING:tensorflow:Gradients do not exist for variables ['kernel:0', 'kernel:0'] when minimizing the loss. If you're using `model.compile()`, did you forget to provide a `loss`argument?
WARNING:tensorflow:Gradients do not exist for variables ['kernel:0', 'kernel:0', 'kernel:0', 'kernel:0'] when minimizing the loss. If you're using `model.compile()`, did you forget to provide a `loss`argument?
WARNING:tensorflow:Gradients do not exist for variables ['kernel:0', 'kernel:0', 'kernel:0', 'kernel:0'] when minimizing the loss. If you're using `model.compile()`, did you forget to provide a `loss`argument?
WARNING:tensorflow:Gradients do not exist for variables ['kernel:0', 'kernel:0'] when minimizing the loss. If you're using `model.compile()`, did you forget to provide a `loss`argument?
WARNING:tensorflow:Gradients do not exist for variables ['kernel:0', 'kernel:0'] when minimizing the loss. If you're using `model.compile()`, did you forget to provide a `loss`argument?
WARNING:tensorflow:Gradients do not exist for variables ['kernel:0', 'kernel:0', 'kernel:0', 'kernel:0'] when minimizing the loss. If you're using `model.compile()`, did you forget to provide a `loss`argument?
WARNING:tensorflow:Gradients do not exist for variables ['kernel:0', 'kernel:0', 'kernel:0', 'kernel:0'] when minimizing the loss. If you're using `model.compile()`, did you forget to provide a `loss`argument?
Validation cm: [[  0   0   0 172]
 [  0   0   0  70]
 [  0   0   0  18]
 [  0   0   0  39]]
Validation normalized_cm: [[0. 0. 0. 1.]
 [0. 0. 0. 1.]
 [0. 0. 0. 1.]
 [0. 0. 0. 1.]]
Validation acc: 0.13043478260869565
Validation class_accuracies: [0.0, 0.0, 0.0, 1.0]
Validation precision: None
Validation recall: None
Validation f1: None
Validation roc_auc: None
Validation avg_accuracy: 0.25
Validation one_indexed_epoch: 1
-- New best results were achieved. --
128/128 - 189s - loss: 0.6317 - accuracy: 0.8211 - 189s/epoch - 1s/step
Epoch 2/40
Validation cm: [[  0   0 172   0]
 [  0   0  70   0]
 [  0   0  18   0]
 [  0   0  39   0]]
Validation normalized_cm: [[0. 0. 1. 0.]
 [0. 0. 1. 0.]
 [0. 0. 1. 0.]
 [0. 0. 1. 0.]]
Validation acc: 0.06020066889632107
Validation class_accuracies: [0.0, 0.0, 1.0, 0.0]
Validation precision: None
Validation recall: None
Validation f1: None
Validation roc_auc: None
Validation avg_accuracy: 0.25
Validation one_indexed_epoch: 2
The validation tracker metric at 0.25 hasn't increased by 0 in 1 epochs
128/128 - 174s - loss: 0.5830 - accuracy: 0.7956 - 174s/epoch - 1s/step
Epoch 3/40
Validation cm: [[  0   0   0 172]
 [  0   0   0  70]
 [  0   0   0  18]
 [  0   0   0  39]]
Validation normalized_cm: [[0. 0. 0. 1.]
 [0. 0. 0. 1.]
 [0. 0. 0. 1.]
 [0. 0. 0. 1.]]
Validation acc: 0.13043478260869565
Validation class_accuracies: [0.0, 0.0, 0.0, 1.0]
Validation precision: None
Validation recall: None
Validation f1: None
Validation roc_auc: None
Validation avg_accuracy: 0.25
Validation one_indexed_epoch: 3
The validation tracker metric at 0.25 hasn't increased by 0 in 2 epochs
128/128 - 173s - loss: 0.5446 - accuracy: 0.8127 - 173s/epoch - 1s/step
Epoch 4/40
Validation cm: [[121  51   0   0]
 [ 48  22   0   0]
 [ 11   4   0   3]
 [ 27  12   0   0]]
Validation normalized_cm: [[0.703 0.297 0.    0.   ]
 [0.686 0.314 0.    0.   ]
 [0.611 0.222 0.    0.167]
 [0.692 0.308 0.    0.   ]]
Validation acc: 0.4782608695652174
Validation class_accuracies: [0.7034883720930233, 0.3142857142857143, 0.0, 0.0]
Validation precision: None
Validation recall: None
Validation f1: None
Validation roc_auc: None
Validation avg_accuracy: 0.2544435215946844
Validation one_indexed_epoch: 4
-- New best results were achieved. --
128/128 - 171s - loss: 0.5392 - accuracy: 0.8211 - 171s/epoch - 1s/step
Epoch 5/40
Validation cm: [[124  45   0   3]
 [ 45  20   1   4]
 [ 10   5   1   2]
 [ 27  11   0   1]]
Validation normalized_cm: [[0.721 0.262 0.    0.017]
 [0.643 0.286 0.014 0.057]
 [0.556 0.278 0.056 0.111]
 [0.692 0.282 0.    0.026]]
Validation acc: 0.4882943143812709
Validation class_accuracies: [0.7209302325581395, 0.2857142857142857, 0.05555555555555555, 0.02564102564102564]
Validation precision: None
Validation recall: None
Validation f1: None
Validation roc_auc: None
Validation avg_accuracy: 0.27196027486725155
Validation one_indexed_epoch: 5
-- New best results were achieved. --
128/128 - 172s - loss: 0.5184 - accuracy: 0.8167 - 172s/epoch - 1s/step
Epoch 6/40
Validation cm: [[128  43   0   1]
 [ 51  19   0   0]
 [ 12   6   0   0]
 [ 24  15   0   0]]
Validation normalized_cm: [[0.744 0.25  0.    0.006]
 [0.729 0.271 0.    0.   ]
 [0.667 0.333 0.    0.   ]
 [0.615 0.385 0.    0.   ]]
Validation acc: 0.4916387959866221
Validation class_accuracies: [0.7441860465116279, 0.2714285714285714, 0.0, 0.0]
Validation precision: None
Validation recall: None
Validation f1: None
Validation roc_auc: None
Validation avg_accuracy: 0.2539036544850498
Validation one_indexed_epoch: 6
The validation tracker metric at 0.27196027486725155 hasn't increased by 0 in 1 epochs
128/128 - 170s - loss: 0.4972 - accuracy: 0.8044 - 170s/epoch - 1s/step
Epoch 7/40
Validation cm: [[114  58   0   0]
 [ 45  24   1   0]
 [  9   7   0   2]
 [ 20  19   0   0]]
Validation normalized_cm: [[0.663 0.337 0.    0.   ]
 [0.643 0.343 0.014 0.   ]
 [0.5   0.389 0.    0.111]
 [0.513 0.487 0.    0.   ]]
Validation acc: 0.46153846153846156
Validation class_accuracies: [0.6627906976744186, 0.34285714285714286, 0.0, 0.0]
Validation precision: None
Validation recall: None
Validation f1: None
Validation roc_auc: None
Validation avg_accuracy: 0.25141196013289036
Validation one_indexed_epoch: 7
The validation tracker metric at 0.27196027486725155 hasn't increased by 0 in 2 epochs
128/128 - 171s - loss: 0.4842 - accuracy: 0.8049 - 171s/epoch - 1s/step
Epoch 8/40
Validation cm: [[144  18   5   5]
 [ 60   5   5   0]
 [ 13   0   5   0]
 [ 25   3   6   5]]
Validation normalized_cm: [[0.837 0.105 0.029 0.029]
 [0.857 0.071 0.071 0.   ]
 [0.722 0.    0.278 0.   ]
 [0.641 0.077 0.154 0.128]]
Validation acc: 0.5317725752508361
Validation class_accuracies: [0.8372093023255814, 0.07142857142857142, 0.2777777777777778, 0.1282051282051282]
Validation precision: None
Validation recall: None
Validation f1: None
Validation roc_auc: None
Validation avg_accuracy: 0.3286551949342647
Validation one_indexed_epoch: 8
-- New best results were achieved. --
128/128 - 172s - loss: 0.4691 - accuracy: 0.8064 - 172s/epoch - 1s/step
Epoch 9/40
Validation cm: [[  9   0  29 134]
 [  4   0  16  50]
 [  0   0   4  14]
 [  0   0   2  37]]
Validation normalized_cm: [[0.052 0.    0.169 0.779]
 [0.057 0.    0.229 0.714]
 [0.    0.    0.222 0.778]
 [0.    0.    0.051 0.949]]
Validation acc: 0.16722408026755853
Validation class_accuracies: [0.05232558139534884, 0.0, 0.2222222222222222, 0.9487179487179487]
Validation precision: None
Validation recall: None
Validation f1: None
Validation roc_auc: None
Validation avg_accuracy: 0.3058164380838799
Validation one_indexed_epoch: 9
The validation tracker metric at 0.3286551949342647 hasn't increased by 0 in 1 epochs
128/128 - 173s - loss: 0.4572 - accuracy: 0.8103 - 173s/epoch - 1s/step
Epoch 10/40
Validation cm: [[  8   2  15 147]
 [  2   1   3  64]
 [  0   0   0  18]
 [  0   1   0  38]]
Validation normalized_cm: [[0.047 0.012 0.087 0.855]
 [0.029 0.014 0.043 0.914]
 [0.    0.    0.    1.   ]
 [0.    0.026 0.    0.974]]
Validation acc: 0.15719063545150502
Validation class_accuracies: [0.046511627906976744, 0.014285714285714285, 0.0, 0.9743589743589743]
Validation precision: None
Validation recall: None
Validation f1: None
Validation roc_auc: None
Validation avg_accuracy: 0.2587890791379163
Validation one_indexed_epoch: 10
The validation tracker metric at 0.3286551949342647 hasn't increased by 0 in 2 epochs
128/128 - 171s - loss: 0.4456 - accuracy: 0.8054 - 171s/epoch - 1s/step
Epoch 11/40
Validation cm: [[167   4   1   0]
 [ 66   2   2   0]
 [ 15   0   2   1]
 [ 35   0   3   1]]
Validation normalized_cm: [[0.971 0.023 0.006 0.   ]
 [0.943 0.029 0.029 0.   ]
 [0.833 0.    0.111 0.056]
 [0.897 0.    0.077 0.026]]
Validation acc: 0.5752508361204013
Validation class_accuracies: [0.9709302325581395, 0.02857142857142857, 0.1111111111111111, 0.02564102564102564]
Validation precision: None
Validation recall: None
Validation f1: None
Validation roc_auc: None
Validation avg_accuracy: 0.28406344947042617
Validation one_indexed_epoch: 11
The validation tracker metric at 0.3286551949342647 hasn't increased by 0 in 3 epochs
128/128 - 172s - loss: 0.4153 - accuracy: 0.8044 - 172s/epoch - 1s/step
Epoch 12/40
Validation cm: [[75 77  2 18]
 [31 27  1 11]
 [ 3  8  2  5]
 [ 6 14  4 15]]
Validation normalized_cm: [[0.436 0.448 0.012 0.105]
 [0.443 0.386 0.014 0.157]
 [0.167 0.444 0.111 0.278]
 [0.154 0.359 0.103 0.385]]
Validation acc: 0.3979933110367893
Validation class_accuracies: [0.436046511627907, 0.38571428571428573, 0.1111111111111111, 0.38461538461538464]
Validation precision: None
Validation recall: None
Validation f1: None
Validation roc_auc: None
Validation avg_accuracy: 0.3293718232671721
Validation one_indexed_epoch: 12
-- New best results were achieved. --
128/128 - 171s - loss: 0.4268 - accuracy: 0.7897 - 171s/epoch - 1s/step
Epoch 13/40
Validation cm: [[  0   0   0 172]
 [  0   0   0  70]
 [  0   0   0  18]
 [  0   0   0  39]]
Validation normalized_cm: [[0. 0. 0. 1.]
 [0. 0. 0. 1.]
 [0. 0. 0. 1.]
 [0. 0. 0. 1.]]
Validation acc: 0.13043478260869565
Validation class_accuracies: [0.0, 0.0, 0.0, 1.0]
Validation precision: None
Validation recall: None
Validation f1: None
Validation roc_auc: None
Validation avg_accuracy: 0.25
Validation one_indexed_epoch: 13
The validation tracker metric at 0.3293718232671721 hasn't increased by 0 in 1 epochs
128/128 - 171s - loss: 0.3950 - accuracy: 0.7887 - 171s/epoch - 1s/step
Epoch 14/40
Validation cm: [[70  0 99  3]
 [21  0 47  2]
 [ 0  0 16  2]
 [10  0 26  3]]
Validation normalized_cm: [[0.407 0.    0.576 0.017]
 [0.3   0.    0.671 0.029]
 [0.    0.    0.889 0.111]
 [0.256 0.    0.667 0.077]]
Validation acc: 0.2976588628762542
Validation class_accuracies: [0.4069767441860465, 0.0, 0.8888888888888888, 0.07692307692307693]
Validation precision: None
Validation recall: None
Validation f1: None
Validation roc_auc: None
Validation avg_accuracy: 0.34319717749950307
Validation one_indexed_epoch: 14
-- New best results were achieved. --
128/128 - 172s - loss: 0.3699 - accuracy: 0.7917 - 172s/epoch - 1s/step
Epoch 15/40
Validation cm: [[ 63 108   0   1]
 [ 29  41   0   0]
 [  8  10   0   0]
 [ 13  26   0   0]]
Validation normalized_cm: [[0.366 0.628 0.    0.006]
 [0.414 0.586 0.    0.   ]
 [0.444 0.556 0.    0.   ]
 [0.333 0.667 0.    0.   ]]
Validation acc: 0.34782608695652173
Validation class_accuracies: [0.36627906976744184, 0.5857142857142857, 0.0, 0.0]
Validation precision: None
Validation recall: None
Validation f1: None
Validation roc_auc: None
Validation avg_accuracy: 0.2379983388704319
Validation one_indexed_epoch: 15
The validation tracker metric at 0.34319717749950307 hasn't increased by 0 in 1 epochs
128/128 - 171s - loss: 0.3579 - accuracy: 0.8020 - 171s/epoch - 1s/step
Epoch 16/40
Validation cm: [[65  1 82 24]
 [30  4 22 14]
 [ 4  0 11  3]
 [ 8  0 28  3]]
Validation normalized_cm: [[0.378 0.006 0.477 0.14 ]
 [0.429 0.057 0.314 0.2  ]
 [0.222 0.    0.611 0.167]
 [0.205 0.    0.718 0.077]]
Validation acc: 0.27759197324414714
Validation class_accuracies: [0.37790697674418605, 0.05714285714285714, 0.6111111111111112, 0.07692307692307693]
Validation precision: None
Validation recall: None
Validation f1: None
Validation roc_auc: None
Validation avg_accuracy: 0.2807710054803078
Validation one_indexed_epoch: 16
The validation tracker metric at 0.34319717749950307 hasn't increased by 0 in 2 epochs
128/128 - 170s - loss: 0.3164 - accuracy: 0.7824 - 170s/epoch - 1s/step
Epoch 17/40
Validation cm: [[60 39 26 47]
 [31 10 11 18]
 [ 1  1  1 15]
 [ 7  3  7 22]]
Validation normalized_cm: [[0.349 0.227 0.151 0.273]
 [0.443 0.143 0.157 0.257]
 [0.056 0.056 0.056 0.833]
 [0.179 0.077 0.179 0.564]]
Validation acc: 0.3110367892976589
Validation class_accuracies: [0.3488372093023256, 0.14285714285714285, 0.05555555555555555, 0.5641025641025641]
Validation precision: None
Validation recall: None
Validation f1: None
Validation roc_auc: None
Validation avg_accuracy: 0.27783811795439706
Validation one_indexed_epoch: 17
The validation tracker metric at 0.34319717749950307 hasn't increased by 0 in 3 epochs
128/128 - 171s - loss: 0.2937 - accuracy: 0.7789 - 171s/epoch - 1s/step
Epoch 18/40
Validation cm: [[ 43 124   2   3]
 [ 23  45   0   2]
 [  2  10   0   6]
 [  8  18   0  13]]
Validation normalized_cm: [[0.25  0.721 0.012 0.017]
 [0.329 0.643 0.    0.029]
 [0.111 0.556 0.    0.333]
 [0.205 0.462 0.    0.333]]
Validation acc: 0.3377926421404682
Validation class_accuracies: [0.25, 0.6428571428571429, 0.0, 0.3333333333333333]
Validation precision: None
Validation recall: None
Validation f1: None
Validation roc_auc: None
Validation avg_accuracy: 0.30654761904761907
Validation one_indexed_epoch: 18
The validation tracker metric at 0.34319717749950307 hasn't increased by 0 in 4 epochs
128/128 - 171s - loss: 0.2608 - accuracy: 0.7877 - 171s/epoch - 1s/step
Epoch 19/40
Validation cm: [[26 48 29 69]
 [15 17  8 30]
 [ 1  1  5 11]
 [ 1  5 10 23]]
Validation normalized_cm: [[0.151 0.279 0.169 0.401]
 [0.214 0.243 0.114 0.429]
 [0.056 0.056 0.278 0.611]
 [0.026 0.128 0.256 0.59 ]]
Validation acc: 0.23745819397993312
Validation class_accuracies: [0.1511627906976744, 0.24285714285714285, 0.2777777777777778, 0.5897435897435898]
Validation precision: None
Validation recall: None
Validation f1: None
Validation roc_auc: None
Validation avg_accuracy: 0.31538532526904617
Validation one_indexed_epoch: 19
The validation tracker metric at 0.34319717749950307 hasn't increased by 0 in 5 epochs
128/128 - 174s - loss: 0.2195 - accuracy: 0.7892 - 174s/epoch - 1s/step
Epoch 20/40
Validation cm: [[115  27  22   8]
 [ 43  13   6   8]
 [  6   0  10   2]
 [ 22   2  12   3]]
Validation normalized_cm: [[0.669 0.157 0.128 0.047]
 [0.614 0.186 0.086 0.114]
 [0.333 0.    0.556 0.111]
 [0.564 0.051 0.308 0.077]]
Validation acc: 0.47157190635451507
Validation class_accuracies: [0.6686046511627907, 0.18571428571428572, 0.5555555555555556, 0.07692307692307693]
Validation precision: None
Validation recall: None
Validation f1: None
Validation roc_auc: None
Validation avg_accuracy: 0.3716993923389272
Validation one_indexed_epoch: 20
-- New best results were achieved. --
128/128 - 174s - loss: 0.2286 - accuracy: 0.7897 - 174s/epoch - 1s/step
Epoch 21/40
Validation cm: [[13  4 63 92]
 [ 6  5 16 43]
 [ 0  1  3 14]
 [ 7  1  6 25]]
Validation normalized_cm: [[0.076 0.023 0.366 0.535]
 [0.086 0.071 0.229 0.614]
 [0.    0.056 0.167 0.778]
 [0.179 0.026 0.154 0.641]]
Validation acc: 0.15384615384615385
Validation class_accuracies: [0.0755813953488372, 0.07142857142857142, 0.16666666666666666, 0.6410256410256411]
Validation precision: None
Validation recall: None
Validation f1: None
Validation roc_auc: None
Validation avg_accuracy: 0.23867556861742908
Validation one_indexed_epoch: 21
The validation tracker metric at 0.3716993923389272 hasn't increased by 0 in 1 epochs
128/128 - 174s - loss: 0.1496 - accuracy: 0.7922 - 174s/epoch - 1s/step
Epoch 22/40
Validation cm: [[78 25 37 32]
 [20 10 15 25]
 [ 5  0  8  5]
 [ 7  4 16 12]]
Validation normalized_cm: [[0.453 0.145 0.215 0.186]
 [0.286 0.143 0.214 0.357]
 [0.278 0.    0.444 0.278]
 [0.179 0.103 0.41  0.308]]
Validation acc: 0.3612040133779264
Validation class_accuracies: [0.45348837209302323, 0.14285714285714285, 0.4444444444444444, 0.3076923076923077]
Validation precision: None
Validation recall: None
Validation f1: None
Validation roc_auc: None
Validation avg_accuracy: 0.3371205667717296
Validation one_indexed_epoch: 22
The validation tracker metric at 0.3716993923389272 hasn't increased by 0 in 2 epochs
128/128 - 176s - loss: 0.1655 - accuracy: 0.7760 - 176s/epoch - 1s/step
Epoch 23/40
Validation cm: [[91 34 23 24]
 [29 19  7 15]
 [ 6  0  6  6]
 [15  9  6  9]]
Validation normalized_cm: [[0.529 0.198 0.134 0.14 ]
 [0.414 0.271 0.1   0.214]
 [0.333 0.    0.333 0.333]
 [0.385 0.231 0.154 0.231]]
Validation acc: 0.4180602006688963
Validation class_accuracies: [0.5290697674418605, 0.2714285714285714, 0.3333333333333333, 0.23076923076923078]
Validation precision: None
Validation recall: None
Validation f1: None
Validation roc_auc: None
Validation avg_accuracy: 0.341150225743249
Validation one_indexed_epoch: 23
The validation tracker metric at 0.3716993923389272 hasn't increased by 0 in 3 epochs
128/128 - 177s - loss: 0.1595 - accuracy: 0.7814 - 177s/epoch - 1s/step
Epoch 24/40
Validation cm: [[128  13  26   5]
 [ 46   6  13   5]
 [  7   0  10   1]
 [ 15   1  22   1]]
Validation normalized_cm: [[0.744 0.076 0.151 0.029]
 [0.657 0.086 0.186 0.071]
 [0.389 0.    0.556 0.056]
 [0.385 0.026 0.564 0.026]]
Validation acc: 0.48494983277591974
Validation class_accuracies: [0.7441860465116279, 0.08571428571428572, 0.5555555555555556, 0.02564102564102564]
Validation precision: None
Validation recall: None
Validation f1: None
Validation roc_auc: None
Validation avg_accuracy: 0.35277422835562366
Validation one_indexed_epoch: 24
The validation tracker metric at 0.3716993923389272 hasn't increased by 0 in 4 epochs
128/128 - 176s - loss: 0.1130 - accuracy: 0.7892 - 176s/epoch - 1s/step
Epoch 25/40
Validation cm: [[43  1 96 32]
 [25  2 28 15]
 [ 4  0 11  3]
 [ 4  0 28  7]]
Validation normalized_cm: [[0.25  0.006 0.558 0.186]
 [0.357 0.029 0.4   0.214]
 [0.222 0.    0.611 0.167]
 [0.103 0.    0.718 0.179]]
Validation acc: 0.21070234113712374
Validation class_accuracies: [0.25, 0.02857142857142857, 0.6111111111111112, 0.1794871794871795]
Validation precision: None
Validation recall: None
Validation f1: None
Validation roc_auc: None
Validation avg_accuracy: 0.2672924297924298
Validation one_indexed_epoch: 25
The validation tracker metric at 0.3716993923389272 hasn't increased by 0 in 5 epochs
128/128 - 177s - loss: 0.1138 - accuracy: 0.7775 - 177s/epoch - 1s/step
Epoch 26/40
Validation cm: [[83 70  6 13]
 [27 31  2 10]
 [ 4  6  2  6]
 [ 5 20  1 13]]
Validation normalized_cm: [[0.483 0.407 0.035 0.076]
 [0.386 0.443 0.029 0.143]
 [0.222 0.333 0.111 0.333]
 [0.128 0.513 0.026 0.333]]
Validation acc: 0.431438127090301
Validation class_accuracies: [0.48255813953488375, 0.44285714285714284, 0.1111111111111111, 0.3333333333333333]
Validation precision: None
Validation recall: None
Validation f1: None
Validation roc_auc: None
Validation avg_accuracy: 0.34246493170911774
Validation one_indexed_epoch: 26
The validation tracker metric at 0.3716993923389272 hasn't increased by 0 in 6 epochs
128/128 - 174s - loss: 0.1074 - accuracy: 0.7843 - 174s/epoch - 1s/step
Epoch 27/40
Validation cm: [[74  6 55 37]
 [18  9 21 22]
 [ 4  1  7  6]
 [ 9  3 18  9]]
Validation normalized_cm: [[0.43  0.035 0.32  0.215]
 [0.257 0.129 0.3   0.314]
 [0.222 0.056 0.389 0.333]
 [0.231 0.077 0.462 0.231]]
Validation acc: 0.3311036789297659
Validation class_accuracies: [0.43023255813953487, 0.12857142857142856, 0.3888888888888889, 0.23076923076923078]
Validation precision: None
Validation recall: None
Validation f1: None
Validation roc_auc: None
Validation avg_accuracy: 0.2946155265922708
Validation one_indexed_epoch: 27
The validation tracker metric at 0.3716993923389272 hasn't increased by 0 in 7 epochs
128/128 - 174s - loss: 0.0849 - accuracy: 0.7784 - 174s/epoch - 1s/step
Epoch 28/40
Validation cm: [[69  7 74 22]
 [27  2 26 15]
 [ 4  1  8  5]
 [ 9  1 25  4]]
Validation normalized_cm: [[0.401 0.041 0.43  0.128]
 [0.386 0.029 0.371 0.214]
 [0.222 0.056 0.444 0.278]
 [0.231 0.026 0.641 0.103]]
Validation acc: 0.27759197324414714
Validation class_accuracies: [0.4011627906976744, 0.02857142857142857, 0.4444444444444444, 0.10256410256410256]
Validation precision: None
Validation recall: None
Validation f1: None
Validation roc_auc: None
Validation avg_accuracy: 0.24418569156941247
Validation one_indexed_epoch: 28
The validation tracker metric at 0.3716993923389272 hasn't increased by 0 in 8 epochs
128/128 - 176s - loss: 0.0796 - accuracy: 0.7657 - 176s/epoch - 1s/step
Epoch 29/40
Validation cm: [[40 81  9 42]
 [22 30  3 15]
 [ 3  6  3  6]
 [ 2 15  1 21]]
Validation normalized_cm: [[0.233 0.471 0.052 0.244]
 [0.314 0.429 0.043 0.214]
 [0.167 0.333 0.167 0.333]
 [0.051 0.385 0.026 0.538]]
Validation acc: 0.31438127090301005
Validation class_accuracies: [0.23255813953488372, 0.42857142857142855, 0.16666666666666666, 0.5384615384615384]
Validation precision: None
Validation recall: None
Validation f1: None
Validation roc_auc: None
Validation avg_accuracy: 0.34156444330862934
Validation one_indexed_epoch: 29
The validation tracker metric at 0.3716993923389272 hasn't increased by 0 in 9 epochs
128/128 - 176s - loss: 0.1318 - accuracy: 0.7814 - 176s/epoch - 1s/step
Epoch 30/40
Validation cm: [[48 96  8 20]
 [13 39  2 16]
 [ 4  3  0 11]
 [12 17  1  9]]
Validation normalized_cm: [[0.279 0.558 0.047 0.116]
 [0.186 0.557 0.029 0.229]
 [0.222 0.167 0.    0.611]
 [0.308 0.436 0.026 0.231]]
Validation acc: 0.3210702341137124
Validation class_accuracies: [0.27906976744186046, 0.5571428571428572, 0.0, 0.23076923076923078]
Validation precision: None
Validation recall: None
Validation f1: None
Validation roc_auc: None
Validation avg_accuracy: 0.26674546383848713
Validation one_indexed_epoch: 30
The validation tracker metric at 0.3716993923389272 hasn't increased by 0 in 10 epochs
128/128 - 176s - loss: 0.0686 - accuracy: 0.7799 - 176s/epoch - 1s/step
Epoch 31/40
Validation cm: [[94 26 21 31]
 [29 11  9 21]
 [ 5  0  5  8]
 [14  6  8 11]]
Validation normalized_cm: [[0.547 0.151 0.122 0.18 ]
 [0.414 0.157 0.129 0.3  ]
 [0.278 0.    0.278 0.444]
 [0.359 0.154 0.205 0.282]]
Validation acc: 0.40468227424749165
Validation class_accuracies: [0.5465116279069767, 0.15714285714285714, 0.2777777777777778, 0.28205128205128205]
Validation precision: None
Validation recall: None
Validation f1: None
Validation roc_auc: None
Validation avg_accuracy: 0.3158708862197234
Validation one_indexed_epoch: 31
The validation tracker metric at 0.3716993923389272 hasn't increased by 0 in 11 epochs
128/128 - 176s - loss: 0.0486 - accuracy: 0.7755 - 176s/epoch - 1s/step
Epoch 32/40
Validation cm: [[144  18   8   2]
 [ 53  14   3   0]
 [ 10   1   7   0]
 [ 31   3   5   0]]
Validation normalized_cm: [[0.837 0.105 0.047 0.012]
 [0.757 0.2   0.043 0.   ]
 [0.556 0.056 0.389 0.   ]
 [0.795 0.077 0.128 0.   ]]
Validation acc: 0.5518394648829431
Validation class_accuracies: [0.8372093023255814, 0.2, 0.3888888888888889, 0.0]
Validation precision: None
Validation recall: None
Validation f1: None
Validation roc_auc: None
Validation avg_accuracy: 0.3565245478036176
Validation one_indexed_epoch: 32
The number of epochs since last 1% equals the patience
128/128 - 163s - loss: 0.0295 - accuracy: 0.7662 - 163s/epoch - 1s/step
----------------------------------
The best metrics for this job are: 

Best avg_accuracy: 0.3716993923389272
Best cm: [[115  27  22   8]
 [ 43  13   6   8]
 [  6   0  10   2]
 [ 22   2  12   3]]
Best normalized_cm: [[0.669 0.157 0.128 0.047]
 [0.614 0.186 0.086 0.114]
 [0.333 0.    0.556 0.111]
 [0.564 0.051 0.308 0.077]]
Best acc: 0.47157190635451507
Best class_accuracies: [0.6686046511627907, 0.18571428571428572, 0.5555555555555556, 0.07692307692307693]
Best precision: None
Best recall: None
Best f1: None
Best roc_auc: None
Best one_indexed_epoch: 20
avg_accuracy
model
cm
normalized_cm
acc
class_accuracies
precision
recall
f1
roc_auc
one_indexed_epoch
Initial weights
[<tf.Variable 'kernel:0' shape=(80, 2) dtype=float32, numpy=
array([[2.818e-02, 1.501e+02],
       [3.892e-02, 9.557e+01],
       [4.762e-02, 1.499e+02],
       [5.917e-02, 1.498e+02],
       [7.284e-02, 1.500e+02],
       [8.070e-02, 9.561e+01],
       [9.035e-02, 9.559e+01],
       [9.948e-02, 9.545e+01],
       [1.159e-01, 9.538e+01],
       [1.372e-01, 9.548e+01],
       [1.230e-01, 9.545e+01],
       [9.930e-02, 9.569e+01],
       [1.551e-01, 9.565e+01],
       [1.726e-01, 9.517e+01],
       [1.811e-01, 9.524e+01],
       [2.029e-01, 9.523e+01],
       [1.616e-01, 1.500e+02],
       [2.819e-01, 9.582e+01],
       [2.352e-01, 9.577e+01],
       [4.006e-01, 9.585e+01],
       [3.769e-01, 9.577e+01],
       [2.313e-01, 9.601e+01],
       [3.842e-01, 9.637e+01],
       [2.735e-01, 9.600e+01],
       [3.368e-01, 6.366e+01],
       [3.361e-01, 9.589e+01],
       [4.038e-01, 6.391e+01],
       [3.241e-01, 9.605e+01],
       [5.131e-01, 6.394e+01],
       [4.507e-01, 6.351e+01],
       [4.659e-01, 6.355e+01],
       [4.087e-01, 6.348e+01],
       [4.897e-01, 6.360e+01],
       [5.027e-01, 6.357e+01],
       [5.841e-01, 6.382e+01],
       [6.320e-01, 6.375e+01],
       [5.553e-01, 6.407e+01],
       [6.705e-01, 6.391e+01],
       [8.226e-01, 4.773e+01],
       [7.688e-01, 4.783e+01],
       [7.694e-01, 4.768e+01],
       [7.603e-01, 4.788e+01],
       [7.665e-01, 4.756e+01],
       [8.324e-01, 4.780e+01],
       [8.936e-01, 4.792e+01],
       [7.947e-01, 4.744e+01],
       [1.104e+00, 4.814e+01],
       [1.064e+00, 3.862e+01],
       [1.135e+00, 3.841e+01],
       [1.078e+00, 3.837e+01],
       [1.162e+00, 3.847e+01],
       [1.135e+00, 3.838e+01],
       [1.264e+00, 3.199e+01],
       [1.236e+00, 3.197e+01],
       [1.193e+00, 3.844e+01],
       [1.302e+00, 3.198e+01],
       [1.310e+00, 3.173e+01],
       [1.421e+00, 3.222e+01],
       [1.466e+00, 2.739e+01],
       [1.510e+00, 2.754e+01],
       [1.483e+00, 3.189e+01],
       [1.710e+00, 2.748e+01],
       [1.636e+00, 2.741e+01],
       [1.757e+00, 2.396e+01],
       [1.820e+00, 2.380e+01],
       [1.823e+00, 2.365e+01],
       [1.843e+00, 2.385e+01],
       [2.021e+00, 2.409e+01],
       [1.986e+00, 2.113e+01],
       [2.136e+00, 2.150e+01],
       [2.174e+00, 1.936e+01],
       [2.293e+00, 1.920e+01],
       [2.529e+00, 2.149e+01],
       [2.445e+00, 1.907e+01],
       [2.566e+00, 1.923e+01],
       [2.712e+00, 1.757e+01],
       [2.821e+00, 1.758e+01],
       [2.956e+00, 1.619e+01],
       [2.819e+00, 1.741e+01],
       [2.955e+00, 1.599e+01]], dtype=float32)>, <tf.Variable 'leaf/learnable_pooling/kernel:0' shape=(1, 1, 80, 1) dtype=float32, numpy=
array([[[[0.4  ],
         [0.396],
         [0.401],
         [0.404],
         [0.396],
         [0.396],
         [0.395],
         [0.39 ],
         [0.398],
         [0.399],
         [0.4  ],
         [0.407],
         [0.4  ],
         [0.385],
         [0.391],
         [0.409],
         [0.418],
         [0.405],
         [0.395],
         [0.403],
         [0.399],
         [0.403],
         [0.421],
         [0.405],
         [0.394],
         [0.402],
         [0.407],
         [0.401],
         [0.408],
         [0.434],
         [0.435],
         [0.427],
         [0.427],
         [0.428],
         [0.407],
         [0.411],
         [0.393],
         [0.39 ],
         [0.413],
         [0.401],
         [0.411],
         [0.406],
         [0.414],
         [0.402],
         [0.394],
         [0.41 ],
         [0.399],
         [0.394],
         [0.404],
         [0.404],
         [0.397],
         [0.401],
         [0.399],
         [0.395],
         [0.397],
         [0.4  ],
         [0.409],
         [0.383],
         [0.405],
         [0.396],
         [0.402],
         [0.398],
         [0.403],
         [0.399],
         [0.409],
         [0.415],
         [0.402],
         [0.393],
         [0.409],
         [0.391],
         [0.393],
         [0.402],
         [0.39 ],
         [0.405],
         [0.398],
         [0.394],
         [0.395],
         [0.389],
         [0.4  ],
         [0.402]]]], dtype=float32)>, <tf.Variable 'leaf/PCEN/alpha:0' shape=(80,) dtype=float32, numpy=
array([0.965, 0.941, 0.864, 0.929, 1.007, 0.953, 0.932, 0.954, 0.932,
       0.943, 0.922, 0.921, 0.979, 0.932, 0.949, 0.99 , 0.906, 0.968,
       0.981, 0.951, 0.981, 0.964, 0.931, 0.962, 0.956, 0.961, 0.984,
       0.927, 0.905, 1.002, 1.008, 0.93 , 0.953, 0.946, 0.934, 0.92 ,
       0.91 , 0.927, 0.971, 0.953, 0.906, 0.935, 1.002, 0.902, 0.868,
       0.971, 0.933, 0.95 , 0.927, 0.912, 0.965, 0.923, 0.906, 0.929,
       0.967, 0.965, 0.924, 0.834, 0.978, 0.949, 0.929, 0.976, 0.98 ,
       0.962, 0.924, 0.897, 0.954, 0.958, 0.921, 0.936, 0.935, 0.963,
       0.848, 0.911, 0.916, 0.91 , 0.901, 0.838, 1.007, 0.908],
      dtype=float32)>, <tf.Variable 'leaf/PCEN/delta:0' shape=(80,) dtype=float32, numpy=
array([2.065, 1.954, 1.96 , 1.829, 1.906, 1.912, 1.951, 1.903, 1.899,
       1.912, 1.95 , 1.94 , 1.858, 2.006, 1.995, 1.969, 2.023, 1.979,
       1.965, 1.985, 1.974, 1.963, 2.035, 1.995, 1.99 , 2.016, 1.982,
       2.025, 2.072, 1.993, 1.979, 2.058, 2.005, 2.009, 2.008, 2.   ,
       2.056, 2.042, 1.991, 2.003, 2.052, 2.015, 1.976, 2.051, 2.071,
       1.973, 2.023, 2.007, 2.033, 2.047, 1.991, 2.037, 2.053, 2.031,
       1.991, 1.992, 2.035, 2.069, 1.981, 2.01 , 2.03 , 1.978, 1.978,
       1.996, 2.033, 2.063, 2.002, 2.001, 2.039, 2.023, 2.025, 1.992,
       2.074, 2.048, 2.043, 2.049, 2.058, 2.105, 1.927, 2.06 ],
      dtype=float32)>, <tf.Variable 'leaf/PCEN/root:0' shape=(80,) dtype=float32, numpy=
array([2.076, 1.944, 1.957, 1.874, 2.023, 1.973, 1.97 , 1.953, 1.934,
       1.947, 2.001, 2.015, 1.894, 2.025, 1.999, 1.994, 2.044, 1.999,
       2.033, 2.   , 1.969, 1.97 , 2.013, 1.976, 1.986, 2.017, 1.973,
       2.005, 2.05 , 2.034, 1.99 , 2.046, 2.026, 2.022, 1.997, 2.005,
       2.058, 2.045, 1.995, 1.999, 2.032, 2.029, 1.977, 2.062, 2.084,
       1.989, 2.036, 2.018, 2.036, 2.052, 2.003, 2.04 , 2.056, 2.034,
       1.995, 1.995, 2.037, 2.128, 1.985, 2.012, 2.038, 1.996, 1.984,
       2.001, 2.041, 2.061, 2.015, 2.003, 2.04 , 2.026, 2.027, 2.009,
       2.142, 2.05 , 2.041, 2.05 , 2.06 , 2.119, 1.951, 2.037],
      dtype=float32)>, <tf.Variable 'leaf/PCEN/EMA/smooth:0' shape=(80,) dtype=float32, numpy=
array([ 0.115,  0.041,  0.046,  0.041,  0.042,  0.037,  0.081,  0.071,
        0.04 ,  0.052,  0.063,  0.051,  0.05 ,  0.037,  0.058,  0.036,
        0.027,  0.055,  0.035,  0.056,  0.061,  0.063,  0.07 ,  0.085,
        0.045,  0.077,  0.09 ,  0.06 ,  0.061,  0.048,  0.046,  0.03 ,
        0.029,  0.042,  0.034,  0.036,  0.03 ,  0.061,  0.06 ,  0.06 ,
        0.03 ,  0.036,  0.083,  0.116,  0.025,  0.036,  0.024,  0.067,
        0.047,  0.064,  0.08 ,  0.041,  0.039,  0.055,  0.075,  0.055,
        0.038, -0.013,  0.084,  0.073,  0.041,  0.034,  0.055,  0.038,
        0.027,  0.026,  0.042,  0.035,  0.03 ,  0.046,  0.046,  0.034,
       -0.018,  0.049,  0.031,  0.075,  0.09 , -0.024,  0.049,  0.028],
      dtype=float32)>]
Post training weights
[<tf.Variable 'kernel:0' shape=(80, 2) dtype=float32, numpy=
array([[2.818e-02, 1.501e+02],
       [3.892e-02, 9.557e+01],
       [4.762e-02, 1.499e+02],
       [5.917e-02, 1.498e+02],
       [7.284e-02, 1.500e+02],
       [8.070e-02, 9.561e+01],
       [9.035e-02, 9.559e+01],
       [9.948e-02, 9.545e+01],
       [1.159e-01, 9.538e+01],
       [1.372e-01, 9.548e+01],
       [1.230e-01, 9.545e+01],
       [9.930e-02, 9.569e+01],
       [1.551e-01, 9.565e+01],
       [1.726e-01, 9.517e+01],
       [1.811e-01, 9.524e+01],
       [2.029e-01, 9.523e+01],
       [1.616e-01, 1.500e+02],
       [2.819e-01, 9.582e+01],
       [2.352e-01, 9.577e+01],
       [4.006e-01, 9.585e+01],
       [3.769e-01, 9.577e+01],
       [2.313e-01, 9.601e+01],
       [3.842e-01, 9.637e+01],
       [2.735e-01, 9.600e+01],
       [3.368e-01, 6.366e+01],
       [3.361e-01, 9.589e+01],
       [4.038e-01, 6.391e+01],
       [3.241e-01, 9.605e+01],
       [5.131e-01, 6.394e+01],
       [4.507e-01, 6.351e+01],
       [4.659e-01, 6.355e+01],
       [4.087e-01, 6.348e+01],
       [4.897e-01, 6.360e+01],
       [5.027e-01, 6.357e+01],
       [5.841e-01, 6.382e+01],
       [6.320e-01, 6.375e+01],
       [5.553e-01, 6.407e+01],
       [6.705e-01, 6.391e+01],
       [8.226e-01, 4.773e+01],
       [7.688e-01, 4.783e+01],
       [7.694e-01, 4.768e+01],
       [7.603e-01, 4.788e+01],
       [7.665e-01, 4.756e+01],
       [8.324e-01, 4.780e+01],
       [8.936e-01, 4.792e+01],
       [7.947e-01, 4.744e+01],
       [1.104e+00, 4.814e+01],
       [1.064e+00, 3.862e+01],
       [1.135e+00, 3.841e+01],
       [1.078e+00, 3.837e+01],
       [1.162e+00, 3.847e+01],
       [1.135e+00, 3.838e+01],
       [1.264e+00, 3.199e+01],
       [1.236e+00, 3.197e+01],
       [1.193e+00, 3.844e+01],
       [1.302e+00, 3.198e+01],
       [1.310e+00, 3.173e+01],
       [1.421e+00, 3.222e+01],
       [1.466e+00, 2.739e+01],
       [1.510e+00, 2.754e+01],
       [1.483e+00, 3.189e+01],
       [1.710e+00, 2.748e+01],
       [1.636e+00, 2.741e+01],
       [1.757e+00, 2.396e+01],
       [1.820e+00, 2.380e+01],
       [1.823e+00, 2.365e+01],
       [1.843e+00, 2.385e+01],
       [2.021e+00, 2.409e+01],
       [1.986e+00, 2.113e+01],
       [2.136e+00, 2.150e+01],
       [2.174e+00, 1.936e+01],
       [2.293e+00, 1.920e+01],
       [2.529e+00, 2.149e+01],
       [2.445e+00, 1.907e+01],
       [2.566e+00, 1.923e+01],
       [2.712e+00, 1.757e+01],
       [2.821e+00, 1.758e+01],
       [2.956e+00, 1.619e+01],
       [2.819e+00, 1.741e+01],
       [2.955e+00, 1.599e+01]], dtype=float32)>, <tf.Variable 'leaf/learnable_pooling/kernel:0' shape=(1, 1, 80, 1) dtype=float32, numpy=
array([[[[0.4  ],
         [0.396],
         [0.401],
         [0.404],
         [0.396],
         [0.396],
         [0.395],
         [0.39 ],
         [0.398],
         [0.399],
         [0.4  ],
         [0.407],
         [0.4  ],
         [0.385],
         [0.391],
         [0.409],
         [0.418],
         [0.405],
         [0.395],
         [0.403],
         [0.399],
         [0.403],
         [0.421],
         [0.405],
         [0.394],
         [0.402],
         [0.407],
         [0.401],
         [0.408],
         [0.434],
         [0.435],
         [0.427],
         [0.427],
         [0.428],
         [0.407],
         [0.411],
         [0.393],
         [0.39 ],
         [0.413],
         [0.401],
         [0.411],
         [0.406],
         [0.414],
         [0.402],
         [0.394],
         [0.41 ],
         [0.399],
         [0.394],
         [0.404],
         [0.404],
         [0.397],
         [0.401],
         [0.399],
         [0.395],
         [0.397],
         [0.4  ],
         [0.409],
         [0.383],
         [0.405],
         [0.396],
         [0.402],
         [0.398],
         [0.403],
         [0.399],
         [0.409],
         [0.415],
         [0.402],
         [0.393],
         [0.409],
         [0.391],
         [0.393],
         [0.402],
         [0.39 ],
         [0.405],
         [0.398],
         [0.394],
         [0.395],
         [0.389],
         [0.4  ],
         [0.402]]]], dtype=float32)>, <tf.Variable 'leaf/PCEN/alpha:0' shape=(80,) dtype=float32, numpy=
array([0.965, 0.941, 0.864, 0.929, 1.007, 0.953, 0.932, 0.954, 0.932,
       0.943, 0.922, 0.921, 0.979, 0.932, 0.949, 0.99 , 0.906, 0.968,
       0.981, 0.951, 0.981, 0.964, 0.931, 0.962, 0.956, 0.961, 0.984,
       0.927, 0.905, 1.002, 1.008, 0.93 , 0.953, 0.946, 0.934, 0.92 ,
       0.91 , 0.927, 0.971, 0.953, 0.906, 0.935, 1.002, 0.902, 0.868,
       0.971, 0.933, 0.95 , 0.927, 0.912, 0.965, 0.923, 0.906, 0.929,
       0.967, 0.965, 0.924, 0.834, 0.978, 0.949, 0.929, 0.976, 0.98 ,
       0.962, 0.924, 0.897, 0.954, 0.958, 0.921, 0.936, 0.935, 0.963,
       0.848, 0.911, 0.916, 0.91 , 0.901, 0.838, 1.007, 0.908],
      dtype=float32)>, <tf.Variable 'leaf/PCEN/delta:0' shape=(80,) dtype=float32, numpy=
array([2.065, 1.954, 1.96 , 1.829, 1.906, 1.912, 1.951, 1.903, 1.899,
       1.912, 1.95 , 1.94 , 1.858, 2.006, 1.995, 1.969, 2.023, 1.979,
       1.965, 1.985, 1.974, 1.963, 2.035, 1.995, 1.99 , 2.016, 1.982,
       2.025, 2.072, 1.993, 1.979, 2.058, 2.005, 2.009, 2.008, 2.   ,
       2.056, 2.042, 1.991, 2.003, 2.052, 2.015, 1.976, 2.051, 2.071,
       1.973, 2.023, 2.007, 2.033, 2.047, 1.991, 2.037, 2.053, 2.031,
       1.991, 1.992, 2.035, 2.069, 1.981, 2.01 , 2.03 , 1.978, 1.978,
       1.996, 2.033, 2.063, 2.002, 2.001, 2.039, 2.023, 2.025, 1.992,
       2.074, 2.048, 2.043, 2.049, 2.058, 2.105, 1.927, 2.06 ],
      dtype=float32)>, <tf.Variable 'leaf/PCEN/root:0' shape=(80,) dtype=float32, numpy=
array([2.076, 1.944, 1.957, 1.874, 2.023, 1.973, 1.97 , 1.953, 1.934,
       1.947, 2.001, 2.015, 1.894, 2.025, 1.999, 1.994, 2.044, 1.999,
       2.033, 2.   , 1.969, 1.97 , 2.013, 1.976, 1.986, 2.017, 1.973,
       2.005, 2.05 , 2.034, 1.99 , 2.046, 2.026, 2.022, 1.997, 2.005,
       2.058, 2.045, 1.995, 1.999, 2.032, 2.029, 1.977, 2.062, 2.084,
       1.989, 2.036, 2.018, 2.036, 2.052, 2.003, 2.04 , 2.056, 2.034,
       1.995, 1.995, 2.037, 2.128, 1.985, 2.012, 2.038, 1.996, 1.984,
       2.001, 2.041, 2.061, 2.015, 2.003, 2.04 , 2.026, 2.027, 2.009,
       2.142, 2.05 , 2.041, 2.05 , 2.06 , 2.119, 1.951, 2.037],
      dtype=float32)>, <tf.Variable 'leaf/PCEN/EMA/smooth:0' shape=(80,) dtype=float32, numpy=
