Tensorflow Version: 2.8.0
Num GPUs Available:  1
Collecting Variables...
All variables have been collected.
../cache/
cw
train87
Description: mixednet
-----------------------
Job id is 1.
- Loading Icbhi.
725 Icbhi audios have been loaded.
- Preparing Icbhi.
112 Icbhi groups of audio chunks (by filename or patients) have been prepared.
--- Samples are being split into training/val groups and de-grouped by patient ---
--- Icbhi training dataset went from 0 to 2040 elements, with 707 none's, 720 crakles, 285 wheezes and 327 both ---
--- Icbhi Validation dataset contains 299 elements, with 172 none, 70 crackles, 18 wheezes and 39 both ---
0
0
0
0
-----------------------
--- Final training dataset went from 0 to 2040 elements, with 707 none's, 720 crakles, 285 wheezes and 327 both ---
--- Final Validation dataset contains 299 elements, with 172 none, 70 crackles, 18 wheezes and 39 both ---
Model: "leaf_mixednet_model"
______________________________________________________________________________________________________________
 Layer (type)                                    Output Shape                                Param #          
==============================================================================================================
 leaf (Leaf)                                     multiple                                    560              
                                                                                                              
 sequential (Sequential)                         (None, 2)                                   105952           
                                                                                                              
==============================================================================================================
Total params: 106,512
Trainable params: 106,016
Non-trainable params: 496
______________________________________________________________________________________________________________
Target metric is avg_accuracy
Epoch 1/60
Validation cm: [[  0 172   0   0]
 [  0  70   0   0]
 [  0  18   0   0]
 [  0  39   0   0]]
Validation normalized_cm: [[0. 1. 0. 0.]
 [0. 1. 0. 0.]
 [0. 1. 0. 0.]
 [0. 1. 0. 0.]]
Validation acc: 0.23411371237458195
Validation class_accuracies: [0.0, 1.0, 0.0, 0.0]
Validation precision: None
Validation recall: None
Validation f1: None
Validation roc_auc: None
Validation avg_accuracy: 0.25
Validation one_indexed_epoch: 1
-- New best results were achieved. --
128/128 - 166s - loss: 0.5877 - accuracy: 0.7534 - 166s/epoch - 1s/step
Epoch 2/60
Validation cm: [[172   0   0   0]
 [ 70   0   0   0]
 [ 18   0   0   0]
 [ 39   0   0   0]]
Validation normalized_cm: [[1. 0. 0. 0.]
 [1. 0. 0. 0.]
 [1. 0. 0. 0.]
 [1. 0. 0. 0.]]
Validation acc: 0.5752508361204013
Validation class_accuracies: [1.0, 0.0, 0.0, 0.0]
Validation precision: None
Validation recall: None
Validation f1: None
Validation roc_auc: None
Validation avg_accuracy: 0.25
Validation one_indexed_epoch: 2
128/128 - 158s - loss: 0.5130 - accuracy: 0.7995 - 158s/epoch - 1s/step
Epoch 3/60
Validation cm: [[172   0   0   0]
 [ 70   0   0   0]
 [ 18   0   0   0]
 [ 39   0   0   0]]
Validation normalized_cm: [[1. 0. 0. 0.]
 [1. 0. 0. 0.]
 [1. 0. 0. 0.]
 [1. 0. 0. 0.]]
Validation acc: 0.5752508361204013
Validation class_accuracies: [1.0, 0.0, 0.0, 0.0]
Validation precision: None
Validation recall: None
Validation f1: None
Validation roc_auc: None
Validation avg_accuracy: 0.25
Validation one_indexed_epoch: 3
128/128 - 164s - loss: 0.4651 - accuracy: 0.7995 - 164s/epoch - 1s/step
Epoch 4/60
Validation cm: [[172   0   0   0]
 [ 70   0   0   0]
 [ 18   0   0   0]
 [ 39   0   0   0]]
Validation normalized_cm: [[1. 0. 0. 0.]
 [1. 0. 0. 0.]
 [1. 0. 0. 0.]
 [1. 0. 0. 0.]]
Validation acc: 0.5752508361204013
Validation class_accuracies: [1.0, 0.0, 0.0, 0.0]
Validation precision: None
Validation recall: None
Validation f1: None
Validation roc_auc: None
Validation avg_accuracy: 0.25
Validation one_indexed_epoch: 4
128/128 - 167s - loss: 0.4236 - accuracy: 0.8078 - 167s/epoch - 1s/step
Epoch 5/60
Validation cm: [[ 53 119   0   0]
 [ 18  52   0   0]
 [  2  15   0   1]
 [ 10  29   0   0]]
Validation normalized_cm: [[0.308 0.692 0.    0.   ]
 [0.257 0.743 0.    0.   ]
 [0.111 0.833 0.    0.056]
 [0.256 0.744 0.    0.   ]]
Validation acc: 0.3511705685618729
Validation class_accuracies: [0.3081395348837209, 0.7428571428571429, 0.0, 0.0]
Validation precision: None
Validation recall: None
Validation f1: None
Validation roc_auc: None
Validation avg_accuracy: 0.262749169435216
Validation one_indexed_epoch: 5
-- New best results were achieved. --
128/128 - 179s - loss: 0.3783 - accuracy: 0.8132 - 179s/epoch - 1s/step
Epoch 6/60
Validation cm: [[136  36   0   0]
 [ 58  12   0   0]
 [ 17   0   1   0]
 [ 28   8   0   3]]
Validation normalized_cm: [[0.791 0.209 0.    0.   ]
 [0.829 0.171 0.    0.   ]
 [0.944 0.    0.056 0.   ]
 [0.718 0.205 0.    0.077]]
Validation acc: 0.5083612040133779
Validation class_accuracies: [0.7906976744186046, 0.17142857142857143, 0.05555555555555555, 0.07692307692307693]
Validation precision: None
Validation recall: None
Validation f1: None
Validation roc_auc: None
Validation avg_accuracy: 0.2736512195814521
Validation one_indexed_epoch: 6
-- New best results were achieved. --
128/128 - 179s - loss: 0.3370 - accuracy: 0.8034 - 179s/epoch - 1s/step
Epoch 7/60
Validation cm: [[ 52 117   0   3]
 [  7  61   0   2]
 [  3  11   0   4]
 [  9  24   3   3]]
Validation normalized_cm: [[0.302 0.68  0.    0.017]
 [0.1   0.871 0.    0.029]
 [0.167 0.611 0.    0.222]
 [0.231 0.615 0.077 0.077]]
Validation acc: 0.3879598662207358
Validation class_accuracies: [0.3023255813953488, 0.8714285714285714, 0.0, 0.07692307692307693]
Validation precision: None
Validation recall: None
Validation f1: None
Validation roc_auc: None
Validation avg_accuracy: 0.3126693074367493
Validation one_indexed_epoch: 7
-- New best results were achieved. --
128/128 - 179s - loss: 0.2949 - accuracy: 0.8005 - 179s/epoch - 1s/step
Epoch 8/60
Validation cm: [[59 48 28 37]
 [19 23  3 25]
 [ 1  2  5 10]
 [ 5  3 14 17]]
Validation normalized_cm: [[0.343 0.279 0.163 0.215]
 [0.271 0.329 0.043 0.357]
 [0.056 0.111 0.278 0.556]
 [0.128 0.077 0.359 0.436]]
Validation acc: 0.34782608695652173
Validation class_accuracies: [0.3430232558139535, 0.32857142857142857, 0.2777777777777778, 0.4358974358974359]
Validation precision: None
Validation recall: None
Validation f1: None
Validation roc_auc: None
Validation avg_accuracy: 0.34631747451514894
Validation one_indexed_epoch: 8
-- New best results were achieved. --
128/128 - 180s - loss: 0.2428 - accuracy: 0.7882 - 180s/epoch - 1s/step
Epoch 9/60
Validation cm: [[44 99  6 23]
 [ 8 42  3 17]
 [ 0  3  1 14]
 [ 3 10  4 22]]
Validation normalized_cm: [[0.256 0.576 0.035 0.134]
 [0.114 0.6   0.043 0.243]
 [0.    0.167 0.056 0.778]
 [0.077 0.256 0.103 0.564]]
Validation acc: 0.36454849498327757
Validation class_accuracies: [0.2558139534883721, 0.6, 0.05555555555555555, 0.5641025641025641]
Validation precision: None
Validation recall: None
Validation f1: None
Validation roc_auc: None
Validation avg_accuracy: 0.36886801828662297
Validation one_indexed_epoch: 9
-- New best results were achieved. --
128/128 - 178s - loss: 0.1967 - accuracy: 0.7941 - 178s/epoch - 1s/step
Epoch 10/60
Validation cm: [[43 95  2 32]
 [ 6 42  2 20]
 [ 1  5  0 12]
 [ 1 13  3 22]]
Validation normalized_cm: [[0.25  0.552 0.012 0.186]
 [0.086 0.6   0.029 0.286]
 [0.056 0.278 0.    0.667]
 [0.026 0.333 0.077 0.564]]
Validation acc: 0.35785953177257523
Validation class_accuracies: [0.25, 0.6, 0.0, 0.5641025641025641]
Validation precision: None
Validation recall: None
Validation f1: None
Validation roc_auc: None
Validation avg_accuracy: 0.353525641025641
Validation one_indexed_epoch: 10
128/128 - 178s - loss: 0.1711 - accuracy: 0.7946 - 178s/epoch - 1s/step
Epoch 11/60
Validation cm: [[96 68  6  2]
 [18 50  0  2]
 [ 7  8  1  2]
 [11 16  7  5]]
Validation normalized_cm: [[0.558 0.395 0.035 0.012]
 [0.257 0.714 0.    0.029]
 [0.389 0.444 0.056 0.111]
 [0.282 0.41  0.179 0.128]]
Validation acc: 0.5083612040133779
Validation class_accuracies: [0.5581395348837209, 0.7142857142857143, 0.05555555555555555, 0.1282051282051282]
Validation precision: None
Validation recall: None
Validation f1: None
Validation roc_auc: None
Validation avg_accuracy: 0.36404648323252975
Validation one_indexed_epoch: 11
128/128 - 178s - loss: 0.1266 - accuracy: 0.7961 - 178s/epoch - 1s/step
Epoch 12/60
Validation cm: [[97 72  2  1]
 [29 39  0  2]
 [ 5  7  2  4]
 [16 23  0  0]]
Validation normalized_cm: [[0.564 0.419 0.012 0.006]
 [0.414 0.557 0.    0.029]
 [0.278 0.389 0.111 0.222]
 [0.41  0.59  0.    0.   ]]
Validation acc: 0.46153846153846156
Validation class_accuracies: [0.563953488372093, 0.5571428571428572, 0.1111111111111111, 0.0]
Validation precision: None
Validation recall: None
Validation f1: None
Validation roc_auc: None
Validation avg_accuracy: 0.3080518641565153
Validation one_indexed_epoch: 12
128/128 - 178s - loss: 0.1128 - accuracy: 0.7956 - 178s/epoch - 1s/step
Epoch 13/60
Validation cm: [[118  42   8   4]
 [ 34  30   2   4]
 [  6   2   5   5]
 [ 14  11  11   3]]
Validation normalized_cm: [[0.686 0.244 0.047 0.023]
 [0.486 0.429 0.029 0.057]
 [0.333 0.111 0.278 0.278]
 [0.359 0.282 0.282 0.077]]
Validation acc: 0.5217391304347826
Validation class_accuracies: [0.686046511627907, 0.42857142857142855, 0.2777777777777778, 0.07692307692307693]
Validation precision: None
Validation recall: None
Validation f1: None
Validation roc_auc: None
Validation avg_accuracy: 0.36732969872504756
Validation one_indexed_epoch: 13
128/128 - 178s - loss: 0.0831 - accuracy: 0.7745 - 178s/epoch - 1s/step
Epoch 14/60
Validation cm: [[146  23   2   1]
 [ 46  23   1   0]
 [ 11   2   5   0]
 [ 30   8   1   0]]
Validation normalized_cm: [[0.849 0.134 0.012 0.006]
 [0.657 0.329 0.014 0.   ]
 [0.611 0.111 0.278 0.   ]
 [0.769 0.205 0.026 0.   ]]
Validation acc: 0.5819397993311036
Validation class_accuracies: [0.8488372093023255, 0.32857142857142857, 0.2777777777777778, 0.0]
Validation precision: None
Validation recall: None
Validation f1: None
Validation roc_auc: None
Validation avg_accuracy: 0.36379660391288293
Validation one_indexed_epoch: 14
128/128 - 179s - loss: 0.0863 - accuracy: 0.7868 - 179s/epoch - 1s/step
Epoch 15/60
Validation cm: [[104  59   6   3]
 [ 33  31   6   0]
 [ 10   2   4   2]
 [ 23  11   4   1]]
Validation normalized_cm: [[0.605 0.343 0.035 0.017]
 [0.471 0.443 0.086 0.   ]
 [0.556 0.111 0.222 0.111]
 [0.59  0.282 0.103 0.026]]
Validation acc: 0.4682274247491639
Validation class_accuracies: [0.6046511627906976, 0.44285714285714284, 0.2222222222222222, 0.02564102564102564]
Validation precision: None
Validation recall: None
Validation f1: None
Validation roc_auc: None
Validation avg_accuracy: 0.3238428883777721
Validation one_indexed_epoch: 15
128/128 - 187s - loss: 0.0875 - accuracy: 0.7887 - 187s/epoch - 1s/step
Epoch 16/60
Validation cm: [[124  43   3   2]
 [ 41  26   1   2]
 [ 11   2   3   2]
 [ 24  11   3   1]]
Validation normalized_cm: [[0.721 0.25  0.017 0.012]
 [0.586 0.371 0.014 0.029]
 [0.611 0.111 0.167 0.111]
 [0.615 0.282 0.077 0.026]]
Validation acc: 0.5150501672240803
Validation class_accuracies: [0.7209302325581395, 0.37142857142857144, 0.16666666666666666, 0.02564102564102564]
Validation precision: None
Validation recall: None
Validation f1: None
Validation roc_auc: None
Validation avg_accuracy: 0.3211666240736008
Validation one_indexed_epoch: 16
128/128 - 181s - loss: 0.0590 - accuracy: 0.7735 - 181s/epoch - 1s/step
Epoch 17/60
Validation cm: [[89 46 22 15]
 [24 27  4 15]
 [ 3  5  2  8]
 [11  8 12  8]]
Validation normalized_cm: [[0.517 0.267 0.128 0.087]
 [0.343 0.386 0.057 0.214]
 [0.167 0.278 0.111 0.444]
 [0.282 0.205 0.308 0.205]]
Validation acc: 0.4214046822742475
Validation class_accuracies: [0.5174418604651163, 0.38571428571428573, 0.1111111111111111, 0.20512820512820512]
Validation precision: None
Validation recall: None
Validation f1: None
Validation roc_auc: None
Validation avg_accuracy: 0.30484886560467955
Validation one_indexed_epoch: 17
128/128 - 180s - loss: 0.0550 - accuracy: 0.7843 - 180s/epoch - 1s/step
Epoch 18/60
Validation cm: [[81 41 19 31]
 [23 18  6 23]
 [ 2  1  3 12]
 [ 6  5 13 15]]
Validation normalized_cm: [[0.471 0.238 0.11  0.18 ]
 [0.329 0.257 0.086 0.329]
 [0.111 0.056 0.167 0.667]
 [0.154 0.128 0.333 0.385]]
Validation acc: 0.391304347826087
Validation class_accuracies: [0.47093023255813954, 0.2571428571428571, 0.16666666666666666, 0.38461538461538464]
Validation precision: None
Validation recall: None
Validation f1: None
Validation roc_auc: None
Validation avg_accuracy: 0.319838785245762
Validation one_indexed_epoch: 18
128/128 - 180s - loss: 0.0773 - accuracy: 0.7922 - 180s/epoch - 1s/step
Epoch 19/60
Validation cm: [[106  61   2   3]
 [ 31  36   0   3]
 [  6   5   1   6]
 [ 13  20   5   1]]
Validation normalized_cm: [[0.616 0.355 0.012 0.017]
 [0.443 0.514 0.    0.043]
 [0.333 0.278 0.056 0.333]
 [0.333 0.513 0.128 0.026]]
Validation acc: 0.4816053511705686
Validation class_accuracies: [0.6162790697674418, 0.5142857142857142, 0.05555555555555555, 0.02564102564102564]
Validation precision: None
Validation recall: None
Validation f1: None
Validation roc_auc: None
Validation avg_accuracy: 0.3029403413124343
Validation one_indexed_epoch: 19
128/128 - 179s - loss: 0.0516 - accuracy: 0.8020 - 179s/epoch - 1s/step
Epoch 20/60
Validation cm: [[124  36   5   7]
 [ 34  32   1   3]
 [  3   4   4   7]
 [ 15  15   8   1]]
Validation normalized_cm: [[0.721 0.209 0.029 0.041]
 [0.486 0.457 0.014 0.043]
 [0.167 0.222 0.222 0.389]
 [0.385 0.385 0.205 0.026]]
Validation acc: 0.5384615384615384
Validation class_accuracies: [0.7209302325581395, 0.45714285714285713, 0.2222222222222222, 0.02564102564102564]
Validation precision: None
Validation recall: None
Validation f1: None
Validation roc_auc: None
Validation avg_accuracy: 0.35648408439106105
Validation one_indexed_epoch: 20
128/128 - 180s - loss: 0.0407 - accuracy: 0.7529 - 180s/epoch - 1s/step
Epoch 21/60
Validation cm: [[80 79  2 11]
 [16 49  0  5]
 [ 2  7  1  8]
 [11 23  2  3]]
Validation normalized_cm: [[0.465 0.459 0.012 0.064]
 [0.229 0.7   0.    0.071]
 [0.111 0.389 0.056 0.444]
 [0.282 0.59  0.051 0.077]]
Validation acc: 0.44481605351170567
Validation class_accuracies: [0.46511627906976744, 0.7, 0.05555555555555555, 0.07692307692307693]
Validation precision: None
Validation recall: None
Validation f1: None
Validation roc_auc: None
Validation avg_accuracy: 0.32439872788709995
Validation one_indexed_epoch: 21
128/128 - 179s - loss: 0.0326 - accuracy: 0.7804 - 179s/epoch - 1s/step
Epoch 22/60
Validation cm: [[110  43  10   9]
 [ 26  32   4   8]
 [  5   3   5   5]
 [ 11   7  17   4]]
Validation normalized_cm: [[0.64  0.25  0.058 0.052]
 [0.371 0.457 0.057 0.114]
 [0.278 0.167 0.278 0.278]
 [0.282 0.179 0.436 0.103]]
Validation acc: 0.5050167224080268
Validation class_accuracies: [0.6395348837209303, 0.45714285714285713, 0.2777777777777778, 0.10256410256410256]
Validation precision: None
Validation recall: None
Validation f1: None
Validation roc_auc: None
Validation avg_accuracy: 0.3692549053014169
Validation one_indexed_epoch: 22
-- New best results were achieved. --
128/128 - 180s - loss: 0.0424 - accuracy: 0.7833 - 180s/epoch - 1s/step
Epoch 23/60
Validation cm: [[106  36   8  22]
 [ 29  24   4  13]
 [  2   3   5   8]
 [  9  15   9   6]]
Validation normalized_cm: [[0.616 0.209 0.047 0.128]
 [0.414 0.343 0.057 0.186]
 [0.111 0.167 0.278 0.444]
 [0.231 0.385 0.231 0.154]]
Validation acc: 0.47157190635451507
Validation class_accuracies: [0.6162790697674418, 0.34285714285714286, 0.2777777777777778, 0.15384615384615385]
Validation precision: None
Validation recall: None
Validation f1: None
Validation roc_auc: None
Validation avg_accuracy: 0.3476900360621291
Validation one_indexed_epoch: 23
128/128 - 180s - loss: 0.0597 - accuracy: 0.7907 - 180s/epoch - 1s/step
Epoch 24/60
Validation cm: [[103  65   3   1]
 [ 30  37   1   2]
 [  6   7   2   3]
 [ 19  18   1   1]]
Validation normalized_cm: [[0.599 0.378 0.017 0.006]
 [0.429 0.529 0.014 0.029]
 [0.333 0.389 0.111 0.167]
 [0.487 0.462 0.026 0.026]]
Validation acc: 0.4782608695652174
Validation class_accuracies: [0.5988372093023255, 0.5285714285714286, 0.1111111111111111, 0.02564102564102564]
Validation precision: None
Validation recall: None
Validation f1: None
Validation roc_auc: None
Validation avg_accuracy: 0.31604019365647273
Validation one_indexed_epoch: 24
128/128 - 178s - loss: 0.0372 - accuracy: 0.7730 - 178s/epoch - 1s/step
Epoch 25/60
Validation cm: [[100  53   9  10]
 [ 26  36   0   8]
 [  4   3   4   7]
 [ 10  15  11   3]]
Validation normalized_cm: [[0.581 0.308 0.052 0.058]
 [0.371 0.514 0.    0.114]
 [0.222 0.167 0.222 0.389]
 [0.256 0.385 0.282 0.077]]
Validation acc: 0.4782608695652174
Validation class_accuracies: [0.5813953488372093, 0.5142857142857142, 0.2222222222222222, 0.07692307692307693]
Validation precision: None
Validation recall: None
Validation f1: None
Validation roc_auc: None
Validation avg_accuracy: 0.3487065905670557
Validation one_indexed_epoch: 25
128/128 - 179s - loss: 0.0280 - accuracy: 0.7608 - 179s/epoch - 1s/step
Epoch 26/60
Validation cm: [[129  13  25   5]
 [ 41  10  16   3]
 [  8   0  10   0]
 [ 15   4  16   4]]
Validation normalized_cm: [[0.75  0.076 0.145 0.029]
 [0.586 0.143 0.229 0.043]
 [0.444 0.    0.556 0.   ]
 [0.385 0.103 0.41  0.103]]
Validation acc: 0.5117056856187291
Validation class_accuracies: [0.75, 0.14285714285714285, 0.5555555555555556, 0.10256410256410256]
Validation precision: None
Validation recall: None
Validation f1: None
Validation roc_auc: None
Validation avg_accuracy: 0.38774420024420025
Validation one_indexed_epoch: 26
-- New best results were achieved. --
128/128 - 180s - loss: 0.0419 - accuracy: 0.7716 - 180s/epoch - 1s/step
Epoch 27/60
Validation cm: [[81 29 29 33]
 [19 19  8 24]
 [ 0  3  6  9]
 [ 3  5 19 12]]
Validation normalized_cm: [[0.471 0.169 0.169 0.192]
 [0.271 0.271 0.114 0.343]
 [0.    0.167 0.333 0.5  ]
 [0.077 0.128 0.487 0.308]]
Validation acc: 0.39464882943143814
Validation class_accuracies: [0.47093023255813954, 0.2714285714285714, 0.3333333333333333, 0.3076923076923077]
Validation precision: None
Validation recall: None
Validation f1: None
Validation roc_auc: None
Validation avg_accuracy: 0.345846111253088
Validation one_indexed_epoch: 27
128/128 - 180s - loss: 0.0374 - accuracy: 0.7789 - 180s/epoch - 1s/step
Epoch 28/60
Validation cm: [[72 58 18 24]
 [13 25  6 26]
 [ 3  1  5  9]
 [ 7 11 12  9]]
Validation normalized_cm: [[0.419 0.337 0.105 0.14 ]
 [0.186 0.357 0.086 0.371]
 [0.167 0.056 0.278 0.5  ]
 [0.179 0.282 0.308 0.231]]
Validation acc: 0.3712374581939799
Validation class_accuracies: [0.4186046511627907, 0.35714285714285715, 0.2777777777777778, 0.23076923076923078]
Validation precision: None
Validation recall: None
Validation f1: None
Validation roc_auc: None
Validation avg_accuracy: 0.3210736292131641
Validation one_indexed_epoch: 28
128/128 - 179s - loss: 0.0321 - accuracy: 0.7696 - 179s/epoch - 1s/step
Epoch 29/60
Validation cm: [[54 22 62 34]
 [14 15 13 28]
 [ 1  0  5 12]
 [ 6  3 16 14]]
Validation normalized_cm: [[0.314 0.128 0.36  0.198]
 [0.2   0.214 0.186 0.4  ]
 [0.056 0.    0.278 0.667]
 [0.154 0.077 0.41  0.359]]
Validation acc: 0.29431438127090304
Validation class_accuracies: [0.313953488372093, 0.21428571428571427, 0.2777777777777778, 0.358974358974359]
Validation precision: None
Validation recall: None
Validation f1: None
Validation roc_auc: None
Validation avg_accuracy: 0.291247834852486
Validation one_indexed_epoch: 29
128/128 - 180s - loss: 0.0342 - accuracy: 0.7730 - 180s/epoch - 1s/step
Epoch 30/60
Validation cm: [[115  40  10   7]
 [ 29  29   3   9]
 [  7   1   6   4]
 [ 16   7   9   7]]
Validation normalized_cm: [[0.669 0.233 0.058 0.041]
 [0.414 0.414 0.043 0.129]
 [0.389 0.056 0.333 0.222]
 [0.41  0.179 0.231 0.179]]
Validation acc: 0.5250836120401338
Validation class_accuracies: [0.6686046511627907, 0.4142857142857143, 0.3333333333333333, 0.1794871794871795]
Validation precision: None
Validation recall: None
Validation f1: None
Validation roc_auc: None
Validation avg_accuracy: 0.3989277195672544
Validation one_indexed_epoch: 30
-- New best results were achieved. --
128/128 - 179s - loss: 0.0274 - accuracy: 0.7750 - 179s/epoch - 1s/step
Epoch 31/60
Validation cm: [[64 52 25 31]
 [16 29  6 19]
 [ 0  4  3 11]
 [ 3  9 12 15]]
Validation normalized_cm: [[0.372 0.302 0.145 0.18 ]
 [0.229 0.414 0.086 0.271]
 [0.    0.222 0.167 0.611]
 [0.077 0.231 0.308 0.385]]
Validation acc: 0.3712374581939799
Validation class_accuracies: [0.37209302325581395, 0.4142857142857143, 0.16666666666666666, 0.38461538461538464]
Validation precision: None
Validation recall: None
Validation f1: None
Validation roc_auc: None
Validation avg_accuracy: 0.3344151972058949
Validation one_indexed_epoch: 31
128/128 - 179s - loss: 0.0315 - accuracy: 0.7564 - 179s/epoch - 1s/step
Epoch 32/60
Validation cm: [[ 36 105   5  26]
 [  2  56   1  11]
 [  0  10   1   7]
 [  1  15   4  19]]
Validation normalized_cm: [[0.209 0.61  0.029 0.151]
 [0.029 0.8   0.014 0.157]
 [0.    0.556 0.056 0.389]
 [0.026 0.385 0.103 0.487]]
Validation acc: 0.3745819397993311
Validation class_accuracies: [0.20930232558139536, 0.8, 0.05555555555555555, 0.48717948717948717]
Validation precision: None
Validation recall: None
Validation f1: None
Validation roc_auc: None
Validation avg_accuracy: 0.38800934207910953
Validation one_indexed_epoch: 32
128/128 - 179s - loss: 0.0260 - accuracy: 0.7534 - 179s/epoch - 1s/step
Epoch 33/60
Validation cm: [[130  41   1   0]
 [ 38  32   0   0]
 [  9   8   0   1]
 [ 29  10   0   0]]
Validation normalized_cm: [[0.756 0.238 0.006 0.   ]
 [0.543 0.457 0.    0.   ]
 [0.5   0.444 0.    0.056]
 [0.744 0.256 0.    0.   ]]
Validation acc: 0.5418060200668896
Validation class_accuracies: [0.7558139534883721, 0.45714285714285713, 0.0, 0.0]
Validation precision: None
Validation recall: None
Validation f1: None
Validation roc_auc: None
Validation avg_accuracy: 0.3032392026578073
Validation one_indexed_epoch: 33
128/128 - 179s - loss: 0.0377 - accuracy: 0.7510 - 179s/epoch - 1s/step
Epoch 34/60
Validation cm: [[131  19  14   8]
 [ 43  21   2   4]
 [  8   0   3   7]
 [ 17   6  11   5]]
Validation normalized_cm: [[0.762 0.11  0.081 0.047]
 [0.614 0.3   0.029 0.057]
 [0.444 0.    0.167 0.389]
 [0.436 0.154 0.282 0.128]]
Validation acc: 0.5351170568561873
Validation class_accuracies: [0.7616279069767442, 0.3, 0.16666666666666666, 0.1282051282051282]
Validation precision: None
Validation recall: None
Validation f1: None
Validation roc_auc: None
Validation avg_accuracy: 0.3391249254621348
Validation one_indexed_epoch: 34
128/128 - 179s - loss: 0.0404 - accuracy: 0.7804 - 179s/epoch - 1s/step
Epoch 35/60
Validation cm: [[41 73 15 43]
 [ 3 35  2 30]
 [ 0  5  2 11]
 [ 2 12  9 16]]
Validation normalized_cm: [[0.238 0.424 0.087 0.25 ]
 [0.043 0.5   0.029 0.429]
 [0.    0.278 0.111 0.611]
 [0.051 0.308 0.231 0.41 ]]
Validation acc: 0.31438127090301005
Validation class_accuracies: [0.23837209302325582, 0.5, 0.1111111111111111, 0.41025641025641024]
Validation precision: None
Validation recall: None
Validation f1: None
Validation roc_auc: None
Validation avg_accuracy: 0.31493490359769427
Validation one_indexed_epoch: 35
128/128 - 178s - loss: 0.0337 - accuracy: 0.7657 - 178s/epoch - 1s/step
Epoch 36/60
Validation cm: [[65 56 13 38]
 [15 27  3 25]
 [ 3  1  3 11]
 [ 3 11 13 12]]
Validation normalized_cm: [[0.378 0.326 0.076 0.221]
 [0.214 0.386 0.043 0.357]
 [0.167 0.056 0.167 0.611]
 [0.077 0.282 0.333 0.308]]
Validation acc: 0.35785953177257523
Validation class_accuracies: [0.37790697674418605, 0.38571428571428573, 0.16666666666666666, 0.3076923076923077]
Validation precision: None
Validation recall: None
Validation f1: None
Validation roc_auc: None
Validation avg_accuracy: 0.3094950592043615
Validation one_indexed_epoch: 36
128/128 - 179s - loss: 0.0376 - accuracy: 0.7755 - 179s/epoch - 1s/step
Epoch 37/60
Validation cm: [[91 22 37 22]
 [26 20 11 13]
 [ 4  1  8  5]
 [ 8  1 22  8]]
Validation normalized_cm: [[0.529 0.128 0.215 0.128]
 [0.371 0.286 0.157 0.186]
 [0.222 0.056 0.444 0.278]
 [0.205 0.026 0.564 0.205]]
Validation acc: 0.42474916387959866
Validation class_accuracies: [0.5290697674418605, 0.2857142857142857, 0.4444444444444444, 0.20512820512820512]
Validation precision: None
Validation recall: None
Validation f1: None
Validation roc_auc: None
Validation avg_accuracy: 0.36608917568219895
Validation one_indexed_epoch: 37
128/128 - 179s - loss: 0.0321 - accuracy: 0.7667 - 179s/epoch - 1s/step
Epoch 38/60
Validation cm: [[55 39 28 50]
 [ 8 28  8 26]
 [ 1  2  3 12]
 [ 3  4 15 17]]
Validation normalized_cm: [[0.32  0.227 0.163 0.291]
 [0.114 0.4   0.114 0.371]
 [0.056 0.111 0.167 0.667]
 [0.077 0.103 0.385 0.436]]
Validation acc: 0.34448160535117056
Validation class_accuracies: [0.31976744186046513, 0.4, 0.16666666666666666, 0.4358974358974359]
Validation precision: None
Validation recall: None
Validation f1: None
Validation roc_auc: None
Validation avg_accuracy: 0.33058288610614195
Validation one_indexed_epoch: 38
128/128 - 180s - loss: 0.0152 - accuracy: 0.7583 - 180s/epoch - 1s/step
Epoch 39/60
Validation cm: [[36 72 13 51]
 [ 9 38  2 21]
 [ 0  5  1 12]
 [ 5  8  7 19]]
Validation normalized_cm: [[0.209 0.419 0.076 0.297]
 [0.129 0.543 0.029 0.3  ]
 [0.    0.278 0.056 0.667]
 [0.128 0.205 0.179 0.487]]
Validation acc: 0.31438127090301005
Validation class_accuracies: [0.20930232558139536, 0.5428571428571428, 0.05555555555555555, 0.48717948717948717]
Validation precision: None
Validation recall: None
Validation f1: None
Validation roc_auc: None
Validation avg_accuracy: 0.32372362779339525
Validation one_indexed_epoch: 39
128/128 - 180s - loss: 0.0185 - accuracy: 0.7657 - 180s/epoch - 1s/step
Epoch 40/60
Validation cm: [[42 54 17 59]
 [ 5 23  0 42]
 [ 0  3  2 13]
 [ 3 10  8 18]]
Validation normalized_cm: [[0.244 0.314 0.099 0.343]
 [0.071 0.329 0.    0.6  ]
 [0.    0.167 0.111 0.722]
 [0.077 0.256 0.205 0.462]]
Validation acc: 0.2842809364548495
Validation class_accuracies: [0.2441860465116279, 0.32857142857142857, 0.1111111111111111, 0.46153846153846156]
Validation precision: None
Validation recall: None
Validation f1: None
Validation roc_auc: None
Validation avg_accuracy: 0.28635176193315726
Validation one_indexed_epoch: 40
128/128 - 179s - loss: 0.0303 - accuracy: 0.7652 - 179s/epoch - 1s/step
Epoch 41/60
Validation cm: [[74 69  8 21]
 [14 46  3  7]
 [ 3  4  1 10]
 [ 8 14  8  9]]
Validation normalized_cm: [[0.43  0.401 0.047 0.122]
 [0.2   0.657 0.043 0.1  ]
 [0.167 0.222 0.056 0.556]
 [0.205 0.359 0.205 0.231]]
Validation acc: 0.43478260869565216
Validation class_accuracies: [0.43023255813953487, 0.6571428571428571, 0.05555555555555555, 0.23076923076923078]
Validation precision: None
Validation recall: None
Validation f1: None
Validation roc_auc: None
Validation avg_accuracy: 0.3434250504017946
Validation one_indexed_epoch: 41
128/128 - 180s - loss: 0.0164 - accuracy: 0.7368 - 180s/epoch - 1s/step
Epoch 42/60
Validation cm: [[29 26 27 90]
 [ 3 15  3 49]
 [ 0  2  2 14]
 [ 1  2  9 27]]
Validation normalized_cm: [[0.169 0.151 0.157 0.523]
 [0.043 0.214 0.043 0.7  ]
 [0.    0.111 0.111 0.778]
 [0.026 0.051 0.231 0.692]]
Validation acc: 0.24414715719063546
Validation class_accuracies: [0.1686046511627907, 0.21428571428571427, 0.1111111111111111, 0.6923076923076923]
Validation precision: None
Validation recall: None
Validation f1: None
Validation roc_auc: None
Validation avg_accuracy: 0.2965772922168271
Validation one_indexed_epoch: 42
128/128 - 180s - loss: 0.0122 - accuracy: 0.7480 - 180s/epoch - 1s/step
Epoch 43/60
Validation cm: [[104  49   8  11]
 [ 25  36   2   7]
 [  3   3   4   8]
 [ 11  13  10   5]]
Validation normalized_cm: [[0.605 0.285 0.047 0.064]
 [0.357 0.514 0.029 0.1  ]
 [0.167 0.167 0.222 0.444]
 [0.282 0.333 0.256 0.128]]
Validation acc: 0.4983277591973244
Validation class_accuracies: [0.6046511627906976, 0.5142857142857142, 0.2222222222222222, 0.1282051282051282]
Validation precision: None
Validation recall: None
Validation f1: None
Validation roc_auc: None
Validation avg_accuracy: 0.36734105687594054
Validation one_indexed_epoch: 43
128/128 - 180s - loss: 0.0067 - accuracy: 0.7505 - 180s/epoch - 1s/step
Epoch 44/60
Validation cm: [[133  31   5   3]
 [ 29  30   5   6]
 [  6   3   6   3]
 [ 16  13  10   0]]
Validation normalized_cm: [[0.773 0.18  0.029 0.017]
 [0.414 0.429 0.071 0.086]
 [0.333 0.167 0.333 0.167]
 [0.41  0.333 0.256 0.   ]]
Validation acc: 0.5652173913043478
Validation class_accuracies: [0.7732558139534884, 0.42857142857142855, 0.3333333333333333, 0.0]
Validation precision: None
Validation recall: None
Validation f1: None
Validation roc_auc: None
Validation avg_accuracy: 0.38379014396456257
Validation one_indexed_epoch: 44
128/128 - 182s - loss: 0.0137 - accuracy: 0.7402 - 182s/epoch - 1s/step
Epoch 45/60
Validation cm: [[83 54 19 16]
 [18 37  5 10]
 [ 5  3  1  9]
 [ 6 11 12 10]]
Validation normalized_cm: [[0.483 0.314 0.11  0.093]
 [0.257 0.529 0.071 0.143]
 [0.278 0.167 0.056 0.5  ]
 [0.154 0.282 0.308 0.256]]
Validation acc: 0.43812709030100333
Validation class_accuracies: [0.48255813953488375, 0.5285714285714286, 0.05555555555555555, 0.2564102564102564]
Validation precision: None
Validation recall: None
Validation f1: None
Validation roc_auc: None
Validation avg_accuracy: 0.3307738450180311
Validation one_indexed_epoch: 45
128/128 - 181s - loss: 0.0206 - accuracy: 0.7525 - 181s/epoch - 1s/step
Epoch 46/60
Validation cm: [[55 97 11  9]
 [ 5 51  2 12]
 [ 1  6  7  4]
 [ 6 17 10  6]]
Validation normalized_cm: [[0.32  0.564 0.064 0.052]
 [0.071 0.729 0.029 0.171]
 [0.056 0.333 0.389 0.222]
 [0.154 0.436 0.256 0.154]]
Validation acc: 0.3979933110367893
Validation class_accuracies: [0.31976744186046513, 0.7285714285714285, 0.3888888888888889, 0.15384615384615385]
Validation precision: None
Validation recall: None
Validation f1: None
Validation roc_auc: None
Validation avg_accuracy: 0.3977684782917341
Validation one_indexed_epoch: 46
128/128 - 181s - loss: 0.0274 - accuracy: 0.7529 - 181s/epoch - 1s/step
Epoch 47/60
Validation cm: [[137   9  24   2]
 [ 47  11  12   0]
 [  6   0  10   2]
 [ 20   4  14   1]]
Validation normalized_cm: [[0.797 0.052 0.14  0.012]
 [0.671 0.157 0.171 0.   ]
 [0.333 0.    0.556 0.111]
 [0.513 0.103 0.359 0.026]]
Validation acc: 0.5317725752508361
Validation class_accuracies: [0.7965116279069767, 0.15714285714285714, 0.5555555555555556, 0.02564102564102564]
Validation precision: None
Validation recall: None
Validation f1: None
Validation roc_auc: None
Validation avg_accuracy: 0.38371276656160375
Validation one_indexed_epoch: 47
128/128 - 181s - loss: 0.0275 - accuracy: 0.7534 - 181s/epoch - 1s/step
Epoch 48/60
Validation cm: [[17 33 33 89]
 [ 0 17  7 46]
 [ 0  1  4 13]
 [ 1  3  8 27]]
Validation normalized_cm: [[0.099 0.192 0.192 0.517]
 [0.    0.243 0.1   0.657]
 [0.    0.056 0.222 0.722]
 [0.026 0.077 0.205 0.692]]
Validation acc: 0.21739130434782608
Validation class_accuracies: [0.09883720930232558, 0.24285714285714285, 0.2222222222222222, 0.6923076923076923]
Validation precision: None
Validation recall: None
Validation f1: None
Validation roc_auc: None
Validation avg_accuracy: 0.31405606667234576
Validation one_indexed_epoch: 48
128/128 - 180s - loss: 0.0292 - accuracy: 0.7495 - 180s/epoch - 1s/step
Epoch 49/60
Validation cm: [[129  27  13   3]
 [ 42  24   2   2]
 [ 10   1   5   2]
 [ 19  12   7   1]]
Validation normalized_cm: [[0.75  0.157 0.076 0.017]
 [0.6   0.343 0.029 0.029]
 [0.556 0.056 0.278 0.111]
 [0.487 0.308 0.179 0.026]]
Validation acc: 0.5317725752508361
Validation class_accuracies: [0.75, 0.34285714285714286, 0.2777777777777778, 0.02564102564102564]
Validation precision: None
Validation recall: None
Validation f1: None
Validation roc_auc: None
Validation avg_accuracy: 0.34906898656898655
Validation one_indexed_epoch: 49
128/128 - 180s - loss: 0.0331 - accuracy: 0.7775 - 180s/epoch - 1s/step
Epoch 50/60
Validation cm: [[54 49 31 38]
 [11 23  5 31]
 [ 1  1  8  8]
 [ 2  6 15 16]]
Validation normalized_cm: [[0.314 0.285 0.18  0.221]
 [0.157 0.329 0.071 0.443]
 [0.056 0.056 0.444 0.444]
 [0.051 0.154 0.385 0.41 ]]
Validation acc: 0.3377926421404682
Validation class_accuracies: [0.313953488372093, 0.32857142857142857, 0.4444444444444444, 0.41025641025641024]
Validation precision: None
Validation recall: None
Validation f1: None
Validation roc_auc: None
Validation avg_accuracy: 0.37430644291109405
Validation one_indexed_epoch: 50
128/128 - 183s - loss: 0.0364 - accuracy: 0.7765 - 183s/epoch - 1s/step
Epoch 51/60
Validation cm: [[61 90  9 12]
 [ 8 49  5  8]
 [ 3  4  1 10]
 [ 5 13  8 13]]
Validation normalized_cm: [[0.355 0.523 0.052 0.07 ]
 [0.114 0.7   0.071 0.114]
 [0.167 0.222 0.056 0.556]
 [0.128 0.333 0.205 0.333]]
Validation acc: 0.41471571906354515
Validation class_accuracies: [0.3546511627906977, 0.7, 0.05555555555555555, 0.3333333333333333]
Validation precision: None
Validation recall: None
Validation f1: None
Validation roc_auc: None
Validation avg_accuracy: 0.3608850129198966
Validation one_indexed_epoch: 51
128/128 - 211s - loss: 0.0175 - accuracy: 0.7676 - 211s/epoch - 2s/step
Epoch 52/60
Validation cm: [[78 91  2  1]
 [15 51  3  1]
 [ 4  5  2  7]
 [12 19  4  4]]
Validation normalized_cm: [[0.453 0.529 0.012 0.006]
 [0.214 0.729 0.043 0.014]
 [0.222 0.278 0.111 0.389]
 [0.308 0.487 0.103 0.103]]
Validation acc: 0.451505016722408
Validation class_accuracies: [0.45348837209302323, 0.7285714285714285, 0.1111111111111111, 0.10256410256410256]
Validation precision: None
Validation recall: None
Validation f1: None
Validation roc_auc: None
Validation avg_accuracy: 0.3489337535849164
Validation one_indexed_epoch: 52
128/128 - 190s - loss: 0.0124 - accuracy: 0.7779 - 190s/epoch - 1s/step
Epoch 53/60
2022-05-14 19:30:31.826589: F tensorflow/core/platform/default/env.cc:73] Check failed: ret == 0 (11 vs. 0)Thread tf_data_iterator_resource creation via pthread_create() failed.
