Tensorflow Version: 2.8.0
Num GPUs Available:  1
Collecting Variables...
All variables have been collected.
../cache/
cw
train91
Description: model9
-----------------------
Job id is 1.
- Loading Icbhi.
725 Icbhi audios have been loaded.
- Preparing Icbhi.
112 Icbhi groups of audio chunks (by filename or patients) have been prepared.
--- Samples are being split into training/val groups and de-grouped by patient ---
--- Icbhi training dataset went from 0 to 2492 elements, with 954 none's, 810 crakles, 344 wheezes and 340 both ---
--- Icbhi Validation dataset contains 550 elements, with 282 none, 189 crackles, 43 wheezes and 33 both ---
0
0
0
0
-----------------------
--- Final training dataset went from 0 to 2492 elements, with 954 none's, 810 crakles, 344 wheezes and 340 both ---
--- Final Validation dataset contains 550 elements, with 282 none, 189 crackles, 43 wheezes and 33 both ---
Model: "leaf_model9_model"
______________________________________________________________________________________________________________
 Layer (type)                                    Output Shape                                Param #          
==============================================================================================================
 mel_filterbanks (MelFilterbanks)                multiple                                    0                
                                                                                                              
 sequential (Sequential)                         (None, 80, 250, 1)                          4                
                                                                                                              
 sequential_1 (Sequential)                       (None, 80, 250, 16)                         2352             
                                                                                                              
 sequential_2 (Sequential)                       (None, 80, 250, 16)                         6448             
                                                                                                              
 sequential_3 (Sequential)                       (None, 80, 250, 16)                         32               
                                                                                                              
 concatenate (Concatenate)                       multiple                                    0                
                                                                                                              
 sequential_4 (Sequential)                       (None, 2)                                   6192322          
                                                                                                              
==============================================================================================================
Total params: 6,201,158
Trainable params: 6,159,652
Non-trainable params: 41,506
______________________________________________________________________________________________________________
Target metric is icbhi_score
Epoch 1/60
Validation cm: [[281   2   0   1]
 [187   0   0   3]
 [ 43   0   0   0]
 [ 33   0   0   0]]
Validation normalized_cm: [[0.989 0.007 0.    0.004]
 [0.984 0.    0.    0.016]
 [1.    0.    0.    0.   ]
 [1.    0.    0.    0.   ]]
Validation acc: 0.5109090909090909
Validation class_accuracies: [0.9894366197183099, 0.0, 0.0, 0.0]
Validation sensitivity: 0.0
Validation specificity: 0.9894366197183099
Validation icbhi_score: 0.49471830985915494
Validation roc_auc: None
Validation avg_accuracy: 0.24735915492957747
Validation one_indexed_epoch: 1
-- New best results were achieved. --
156/156 - 57s - loss: 0.8495 - accuracy: 0.7652 - 57s/epoch - 364ms/step
Epoch 2/60
Validation cm: [[224   7   0  53]
 [156   5   0  29]
 [ 33   2   0   8]
 [ 29   0   0   4]]
Validation normalized_cm: [[0.789 0.025 0.    0.187]
 [0.821 0.026 0.    0.153]
 [0.767 0.047 0.    0.186]
 [0.879 0.    0.    0.121]]
Validation acc: 0.42363636363636364
Validation class_accuracies: [0.7887323943661971, 0.02631578947368421, 0.0, 0.12121212121212122]
Validation sensitivity: 0.03383458646616541
Validation specificity: 0.7887323943661971
Validation icbhi_score: 0.4112834904161813
Validation roc_auc: None
Validation avg_accuracy: 0.23406507626300063
Validation one_indexed_epoch: 2
156/156 - 49s - loss: 0.6424 - accuracy: 0.7929 - 49s/epoch - 313ms/step
Epoch 3/60
Validation cm: [[140   1   1 142]
 [103   2   0  85]
 [ 18   0   0  25]
 [ 16   0   0  17]]
Validation normalized_cm: [[0.493 0.004 0.004 0.5  ]
 [0.542 0.011 0.    0.447]
 [0.419 0.    0.    0.581]
 [0.485 0.    0.    0.515]]
Validation acc: 0.28909090909090907
Validation class_accuracies: [0.49295774647887325, 0.010526315789473684, 0.0, 0.5151515151515151]
Validation sensitivity: 0.07142857142857142
Validation specificity: 0.49295774647887325
Validation icbhi_score: 0.2821931589537223
Validation roc_auc: None
Validation avg_accuracy: 0.2546588943549655
Validation one_indexed_epoch: 3
156/156 - 49s - loss: 0.6162 - accuracy: 0.7693 - 49s/epoch - 317ms/step
Epoch 4/60
Validation cm: [[ 58  64  38 124]
 [ 35  48  22  85]
 [  6   8   5  24]
 [  5   6   1  21]]
Validation normalized_cm: [[0.204 0.225 0.134 0.437]
 [0.184 0.253 0.116 0.447]
 [0.14  0.186 0.116 0.558]
 [0.152 0.182 0.03  0.636]]
Validation acc: 0.24
Validation class_accuracies: [0.20422535211267606, 0.25263157894736843, 0.11627906976744186, 0.6363636363636364]
Validation sensitivity: 0.2781954887218045
Validation specificity: 0.20422535211267606
Validation icbhi_score: 0.24121042041724028
Validation roc_auc: None
Validation avg_accuracy: 0.30237490929778066
Validation one_indexed_epoch: 4
156/156 - 49s - loss: 0.6239 - accuracy: 0.7817 - 49s/epoch - 312ms/step
Epoch 5/60
Validation cm: [[ 32   8  15 229]
 [  6   2  20 162]
 [  3   1   2  37]
 [  4   0   2  27]]
Validation normalized_cm: [[0.113 0.028 0.053 0.806]
 [0.032 0.011 0.105 0.853]
 [0.07  0.023 0.047 0.86 ]
 [0.121 0.    0.061 0.818]]
Validation acc: 0.11454545454545455
Validation class_accuracies: [0.11267605633802817, 0.010526315789473684, 0.046511627906976744, 0.8181818181818182]
Validation sensitivity: 0.11654135338345864
Validation specificity: 0.11267605633802817
Validation icbhi_score: 0.1146087048607434
Validation roc_auc: None
Validation avg_accuracy: 0.24697395455407423
Validation one_indexed_epoch: 5
156/156 - 49s - loss: 0.6042 - accuracy: 0.7986 - 49s/epoch - 317ms/step
Epoch 6/60
Validation cm: [[ 31   4   0 249]
 [ 11   7   0 172]
 [  2   0   1  40]
 [  6   0   0  27]]
Validation normalized_cm: [[0.109 0.014 0.    0.877]
 [0.058 0.037 0.    0.905]
 [0.047 0.    0.023 0.93 ]
 [0.182 0.    0.    0.818]]
Validation acc: 0.12
Validation class_accuracies: [0.10915492957746478, 0.03684210526315789, 0.023255813953488372, 0.8181818181818182]
Validation sensitivity: 0.13157894736842105
Validation specificity: 0.10915492957746478
Validation icbhi_score: 0.12036693847294291
Validation roc_auc: None
Validation avg_accuracy: 0.24685866674398232
Validation one_indexed_epoch: 6
156/156 - 52s - loss: 0.5999 - accuracy: 0.7540 - 52s/epoch - 331ms/step
Epoch 7/60
Validation cm: [[ 29   7  31 217]
 [ 12   8  16 154]
 [  1   1   5  36]
 [  4   2   0  27]]
Validation normalized_cm: [[0.102 0.025 0.109 0.764]
 [0.063 0.042 0.084 0.811]
 [0.023 0.023 0.116 0.837]
 [0.121 0.061 0.    0.818]]
Validation acc: 0.12545454545454546
Validation class_accuracies: [0.10211267605633803, 0.042105263157894736, 0.11627906976744186, 0.8181818181818182]
Validation sensitivity: 0.15037593984962405
Validation specificity: 0.10211267605633803
Validation icbhi_score: 0.12624430795298103
Validation roc_auc: None
Validation avg_accuracy: 0.2696697067908732
Validation one_indexed_epoch: 7
156/156 - 50s - loss: 0.5942 - accuracy: 0.7544 - 50s/epoch - 319ms/step
Epoch 8/60
Validation cm: [[ 22   8   2 252]
 [  9   5   1 175]
 [  2   1   0  40]
 [  6   0   0  27]]
Validation normalized_cm: [[0.077 0.028 0.007 0.887]
 [0.047 0.026 0.005 0.921]
 [0.047 0.023 0.    0.93 ]
 [0.182 0.    0.    0.818]]
Validation acc: 0.09818181818181818
Validation class_accuracies: [0.07746478873239436, 0.02631578947368421, 0.0, 0.8181818181818182]
Validation sensitivity: 0.12030075187969924
Validation specificity: 0.07746478873239436
Validation icbhi_score: 0.09888277030604681
Validation roc_auc: None
Validation avg_accuracy: 0.2304905990969742
Validation one_indexed_epoch: 8
156/156 - 49s - loss: 0.5881 - accuracy: 0.7532 - 49s/epoch - 311ms/step
Epoch 9/60
Validation cm: [[ 25   2   4 253]
 [  8   1   3 178]
 [  1   1   1  40]
 [  3   0   3  27]]
Validation normalized_cm: [[0.088 0.007 0.014 0.891]
 [0.042 0.005 0.016 0.937]
 [0.023 0.023 0.023 0.93 ]
 [0.091 0.    0.091 0.818]]
Validation acc: 0.09818181818181818
Validation class_accuracies: [0.0880281690140845, 0.005263157894736842, 0.023255813953488372, 0.8181818181818182]
Validation sensitivity: 0.10902255639097744
Validation specificity: 0.0880281690140845
Validation icbhi_score: 0.09852536270253097
Validation roc_auc: None
Validation avg_accuracy: 0.23368223976103197
Validation one_indexed_epoch: 9
156/156 - 49s - loss: 0.5779 - accuracy: 0.7548 - 49s/epoch - 316ms/step
Epoch 10/60
Validation cm: [[ 29   3   9 243]
 [ 11   7   1 171]
 [  2   0   2  39]
 [  6   0   0  27]]
Validation normalized_cm: [[0.102 0.011 0.032 0.856]
 [0.058 0.037 0.005 0.9  ]
 [0.047 0.    0.047 0.907]
 [0.182 0.    0.    0.818]]
Validation acc: 0.11818181818181818
Validation class_accuracies: [0.10211267605633803, 0.03684210526315789, 0.046511627906976744, 0.8181818181818182]
Validation sensitivity: 0.13533834586466165
Validation specificity: 0.10211267605633803
Validation icbhi_score: 0.11872551096049984
Validation roc_auc: None
Validation avg_accuracy: 0.25091205685207274
Validation one_indexed_epoch: 10
156/156 - 49s - loss: 0.5741 - accuracy: 0.7552 - 49s/epoch - 313ms/step
Epoch 11/60
Validation cm: [[ 26   1 254   3]
 [  6   7 171   6]
 [  1   2  40   0]
 [  4   0  29   0]]
Validation normalized_cm: [[0.092 0.004 0.894 0.011]
 [0.032 0.037 0.9   0.032]
 [0.023 0.047 0.93  0.   ]
 [0.121 0.    0.879 0.   ]]
Validation acc: 0.13272727272727272
Validation class_accuracies: [0.09154929577464789, 0.03684210526315789, 0.9302325581395349, 0.0]
Validation sensitivity: 0.17669172932330826
Validation specificity: 0.09154929577464789
Validation icbhi_score: 0.13412051254897808
Validation roc_auc: None
Validation avg_accuracy: 0.26465598979433513
Validation one_indexed_epoch: 11
156/156 - 49s - loss: 0.5661 - accuracy: 0.7572 - 49s/epoch - 315ms/step
Epoch 12/60
Validation cm: [[ 18   2 264   0]
 [ 10   0 178   2]
 [  2   0  40   1]
 [  3   0  30   0]]
Validation normalized_cm: [[0.063 0.007 0.93  0.   ]
 [0.053 0.    0.937 0.011]
 [0.047 0.    0.93  0.023]
 [0.091 0.    0.909 0.   ]]
Validation acc: 0.10545454545454545
Validation class_accuracies: [0.06338028169014084, 0.0, 0.9302325581395349, 0.0]
Validation sensitivity: 0.15037593984962405
Validation specificity: 0.06338028169014084
Validation icbhi_score: 0.10687811076988245
Validation roc_auc: None
Validation avg_accuracy: 0.24840320995741894
Validation one_indexed_epoch: 12
156/156 - 50s - loss: 0.5602 - accuracy: 0.7476 - 50s/epoch - 318ms/step
Epoch 13/60
Validation cm: [[ 27   0 257   0]
 [ 11   2 176   1]
 [  3   0  40   0]
 [  2   0  31   0]]
Validation normalized_cm: [[0.095 0.    0.905 0.   ]
 [0.058 0.011 0.926 0.005]
 [0.07  0.    0.93  0.   ]
 [0.061 0.    0.939 0.   ]]
Validation acc: 0.12545454545454546
Validation class_accuracies: [0.09507042253521127, 0.010526315789473684, 0.9302325581395349, 0.0]
Validation sensitivity: 0.15789473684210525
Validation specificity: 0.09507042253521127
Validation icbhi_score: 0.12648257968865825
Validation roc_auc: None
Validation avg_accuracy: 0.25895732411605493
Validation one_indexed_epoch: 13
156/156 - 55s - loss: 0.5521 - accuracy: 0.7352 - 55s/epoch - 350ms/step
Epoch 14/60
Validation cm: [[ 21   4 258   1]
 [  6   0 178   6]
 [  2   0  41   0]
 [  2   0  31   0]]
Validation normalized_cm: [[0.074 0.014 0.908 0.004]
 [0.032 0.    0.937 0.032]
 [0.047 0.    0.953 0.   ]
 [0.061 0.    0.939 0.   ]]
Validation acc: 0.11272727272727273
Validation class_accuracies: [0.07394366197183098, 0.0, 0.9534883720930233, 0.0]
Validation sensitivity: 0.15413533834586465
Validation specificity: 0.07394366197183098
Validation icbhi_score: 0.11403950015884781
Validation roc_auc: None
Validation avg_accuracy: 0.25685800851621354
Validation one_indexed_epoch: 14
156/156 - 57s - loss: 0.5436 - accuracy: 0.7343 - 57s/epoch - 366ms/step
Epoch 15/60
Validation cm: [[ 22   2 259   1]
 [  6   2 181   1]
 [  2   0  41   0]
 [  2   0  31   0]]
Validation normalized_cm: [[0.077 0.007 0.912 0.004]
 [0.032 0.011 0.953 0.005]
 [0.047 0.    0.953 0.   ]
 [0.061 0.    0.939 0.   ]]
Validation acc: 0.11818181818181818
Validation class_accuracies: [0.07746478873239436, 0.010526315789473684, 0.9534883720930233, 0.0]
Validation sensitivity: 0.16165413533834586
Validation specificity: 0.07746478873239436
Validation icbhi_score: 0.1195594620353701
Validation roc_auc: None
Validation avg_accuracy: 0.26036986915372284
Validation one_indexed_epoch: 15
156/156 - 52s - loss: 0.5429 - accuracy: 0.7701 - 52s/epoch - 334ms/step
Epoch 16/60
Validation cm: [[ 25   2 237  20]
 [ 11   2 165  12]
 [  3   0  35   5]
 [  3   0  29   1]]
Validation normalized_cm: [[0.088 0.007 0.835 0.07 ]
 [0.058 0.011 0.868 0.063]
 [0.07  0.    0.814 0.116]
 [0.091 0.    0.879 0.03 ]]
Validation acc: 0.11454545454545455
Validation class_accuracies: [0.0880281690140845, 0.010526315789473684, 0.813953488372093, 0.030303030303030304]
Validation sensitivity: 0.14285714285714285
Validation specificity: 0.0880281690140845
Validation icbhi_score: 0.11544265593561368
Validation roc_auc: None
Validation avg_accuracy: 0.23570275086967038
Validation one_indexed_epoch: 16
156/156 - 57s - loss: 0.5343 - accuracy: 0.7380 - 57s/epoch - 366ms/step
Epoch 17/60
Validation cm: [[ 28   0 254   2]
 [ 10   2 178   0]
 [  2   0  41   0]
 [  2   0  31   0]]
Validation normalized_cm: [[0.099 0.    0.894 0.007]
 [0.053 0.011 0.937 0.   ]
 [0.047 0.    0.953 0.   ]
 [0.061 0.    0.939 0.   ]]
Validation acc: 0.1290909090909091
Validation class_accuracies: [0.09859154929577464, 0.010526315789473684, 0.9534883720930233, 0.0]
Validation sensitivity: 0.16165413533834586
Validation specificity: 0.09859154929577464
Validation icbhi_score: 0.13012284231706026
Validation roc_auc: None
Validation avg_accuracy: 0.2656515592945679
Validation one_indexed_epoch: 17
156/156 - 55s - loss: 0.5285 - accuracy: 0.7496 - 55s/epoch - 351ms/step
Epoch 18/60
Validation cm: [[ 25   3 256   0]
 [  9   2 179   0]
 [  3   0  40   0]
 [  3   0  30   0]]
Validation normalized_cm: [[0.088 0.011 0.901 0.   ]
 [0.047 0.011 0.942 0.   ]
 [0.07  0.    0.93  0.   ]
 [0.091 0.    0.909 0.   ]]
Validation acc: 0.12181818181818181
Validation class_accuracies: [0.0880281690140845, 0.010526315789473684, 0.9302325581395349, 0.0]
Validation sensitivity: 0.15789473684210525
Validation specificity: 0.0880281690140845
Validation icbhi_score: 0.12296145292809488
Validation roc_auc: None
Validation avg_accuracy: 0.25719676073577324
Validation one_indexed_epoch: 18
156/156 - 53s - loss: 0.5194 - accuracy: 0.7500 - 53s/epoch - 339ms/step
Epoch 19/60
Validation cm: [[ 21   3 259   1]
 [  8   2 180   0]
 [  2   0  41   0]
 [  3   0  30   0]]
Validation normalized_cm: [[0.074 0.011 0.912 0.004]
 [0.042 0.011 0.947 0.   ]
 [0.047 0.    0.953 0.   ]
 [0.091 0.    0.909 0.   ]]
Validation acc: 0.11636363636363636
Validation class_accuracies: [0.07394366197183098, 0.010526315789473684, 0.9534883720930233, 0.0]
Validation sensitivity: 0.16165413533834586
Validation specificity: 0.07394366197183098
Validation icbhi_score: 0.11779889865508841
Validation roc_auc: None
Validation avg_accuracy: 0.25948958746358197
Validation one_indexed_epoch: 19
156/156 - 57s - loss: 0.5180 - accuracy: 0.7512 - 57s/epoch - 368ms/step
Epoch 20/60
Validation cm: [[ 20   0 263   1]
 [  6   2 182   0]
 [  2   0  41   0]
 [  3   0  30   0]]
Validation normalized_cm: [[0.07  0.    0.926 0.004]
 [0.032 0.011 0.958 0.   ]
 [0.047 0.    0.953 0.   ]
 [0.091 0.    0.909 0.   ]]
Validation acc: 0.11454545454545455
Validation class_accuracies: [0.07042253521126761, 0.010526315789473684, 0.9534883720930233, 0.0]
Validation sensitivity: 0.16165413533834586
Validation specificity: 0.07042253521126761
Validation icbhi_score: 0.11603833527480673
Validation roc_auc: None
Validation avg_accuracy: 0.25860930577344116
Validation one_indexed_epoch: 20
156/156 - 54s - loss: 0.4960 - accuracy: 0.7568 - 54s/epoch - 347ms/step
Epoch 21/60
Validation cm: [[ 19   0 264   1]
 [  6   2 182   0]
 [  2   0  41   0]
 [  3   0  30   0]]
Validation normalized_cm: [[0.067 0.    0.93  0.004]
 [0.032 0.011 0.958 0.   ]
 [0.047 0.    0.953 0.   ]
 [0.091 0.    0.909 0.   ]]
Validation acc: 0.11272727272727273
Validation class_accuracies: [0.06690140845070422, 0.010526315789473684, 0.9534883720930233, 0.0]
Validation sensitivity: 0.16165413533834586
Validation specificity: 0.06690140845070422
Validation icbhi_score: 0.11427777189452504
Validation roc_auc: None
Validation avg_accuracy: 0.2577290240833003
Validation one_indexed_epoch: 21
156/156 - 53s - loss: 0.4935 - accuracy: 0.7600 - 53s/epoch - 342ms/step
Epoch 22/60
Validation cm: [[ 22   3 259   0]
 [  9   2 179   0]
 [  2   0  41   0]
 [  3   0  30   0]]
Validation normalized_cm: [[0.077 0.011 0.912 0.   ]
 [0.047 0.011 0.942 0.   ]
 [0.047 0.    0.953 0.   ]
 [0.091 0.    0.909 0.   ]]
Validation acc: 0.11818181818181818
Validation class_accuracies: [0.07746478873239436, 0.010526315789473684, 0.9534883720930233, 0.0]
Validation sensitivity: 0.16165413533834586
Validation specificity: 0.07746478873239436
Validation icbhi_score: 0.1195594620353701
Validation roc_auc: None
Validation avg_accuracy: 0.26036986915372284
Validation one_indexed_epoch: 22
156/156 - 57s - loss: 0.4953 - accuracy: 0.7404 - 57s/epoch - 363ms/step
Epoch 23/60
Validation cm: [[ 21   2 260   1]
 [  9   1 180   0]
 [  2   0  41   0]
 [  3   0  30   0]]
Validation normalized_cm: [[0.074 0.007 0.915 0.004]
 [0.047 0.005 0.947 0.   ]
 [0.047 0.    0.953 0.   ]
 [0.091 0.    0.909 0.   ]]
Validation acc: 0.11454545454545455
Validation class_accuracies: [0.07394366197183098, 0.005263157894736842, 0.9534883720930233, 0.0]
Validation sensitivity: 0.15789473684210525
Validation specificity: 0.07394366197183098
Validation icbhi_score: 0.11591919940696813
Validation roc_auc: None
Validation avg_accuracy: 0.25817379798989776
Validation one_indexed_epoch: 23
156/156 - 54s - loss: 0.4900 - accuracy: 0.7368 - 54s/epoch - 343ms/step
Epoch 24/60
Validation cm: [[ 21   3 259   1]
 [  8   2 180   0]
 [  2   0  41   0]
 [  1   2  30   0]]
Validation normalized_cm: [[0.074 0.011 0.912 0.004]
 [0.042 0.011 0.947 0.   ]
 [0.047 0.    0.953 0.   ]
 [0.03  0.061 0.909 0.   ]]
Validation acc: 0.11636363636363636
Validation class_accuracies: [0.07394366197183098, 0.010526315789473684, 0.9534883720930233, 0.0]
Validation sensitivity: 0.16165413533834586
Validation specificity: 0.07394366197183098
Validation icbhi_score: 0.11779889865508841
Validation roc_auc: None
Validation avg_accuracy: 0.25948958746358197
Validation one_indexed_epoch: 24
156/156 - 54s - loss: 0.4792 - accuracy: 0.7677 - 54s/epoch - 345ms/step
Epoch 25/60
Validation cm: [[ 19   0 262   3]
 [  8   2 180   0]
 [  2   0  41   0]
 [  1   1  31   0]]
Validation normalized_cm: [[0.067 0.    0.923 0.011]
 [0.042 0.011 0.947 0.   ]
 [0.047 0.    0.953 0.   ]
 [0.03  0.03  0.939 0.   ]]
Validation acc: 0.11272727272727273
Validation class_accuracies: [0.06690140845070422, 0.010526315789473684, 0.9534883720930233, 0.0]
Validation sensitivity: 0.16165413533834586
Validation specificity: 0.06690140845070422
Validation icbhi_score: 0.11427777189452504
Validation roc_auc: None
Validation avg_accuracy: 0.2577290240833003
Validation one_indexed_epoch: 25
156/156 - 57s - loss: 0.4762 - accuracy: 0.7464 - 57s/epoch - 364ms/step
Epoch 26/60
Validation cm: [[ 15   3 265   1]
 [  6   3 181   0]
 [  0   1  42   0]
 [  1   2  30   0]]
Validation normalized_cm: [[0.053 0.011 0.933 0.004]
 [0.032 0.016 0.953 0.   ]
 [0.    0.023 0.977 0.   ]
 [0.03  0.061 0.909 0.   ]]
Validation acc: 0.10909090909090909
Validation class_accuracies: [0.0528169014084507, 0.015789473684210527, 0.9767441860465116, 0.0]
Validation sensitivity: 0.16917293233082706
Validation specificity: 0.0528169014084507
Validation icbhi_score: 0.11099491686963889
Validation roc_auc: None
Validation avg_accuracy: 0.2613376402847932
Validation one_indexed_epoch: 26
156/156 - 53s - loss: 0.4707 - accuracy: 0.7488 - 53s/epoch - 343ms/step
Epoch 27/60
Validation cm: [[ 17   0 263   4]
 [  5   4 181   0]
 [  0   1  42   0]
 [  1   2  30   0]]
Validation normalized_cm: [[0.06  0.    0.926 0.014]
 [0.026 0.021 0.953 0.   ]
 [0.    0.023 0.977 0.   ]
 [0.03  0.061 0.909 0.   ]]
Validation acc: 0.11454545454545455
Validation class_accuracies: [0.05985915492957746, 0.021052631578947368, 0.9767441860465116, 0.0]
Validation sensitivity: 0.17293233082706766
Validation specificity: 0.05985915492957746
Validation icbhi_score: 0.11639574287832256
Validation roc_auc: None
Validation avg_accuracy: 0.26441399313875913
Validation one_indexed_epoch: 27
156/156 - 54s - loss: 0.4643 - accuracy: 0.7476 - 54s/epoch - 349ms/step
Epoch 28/60
Validation cm: [[ 13   3 264   4]
 [  4   4 181   1]
 [  0   1  42   0]
 [  1   1  31   0]]
Validation normalized_cm: [[0.046 0.011 0.93  0.014]
 [0.021 0.021 0.953 0.005]
 [0.    0.023 0.977 0.   ]
 [0.03  0.03  0.939 0.   ]]
Validation acc: 0.10727272727272727
Validation class_accuracies: [0.045774647887323945, 0.021052631578947368, 0.9767441860465116, 0.0]
Validation sensitivity: 0.17293233082706766
Validation specificity: 0.045774647887323945
Validation icbhi_score: 0.1093534893571958
Validation roc_auc: None
Validation avg_accuracy: 0.26089286637819575
Validation one_indexed_epoch: 28
156/156 - 57s - loss: 0.4564 - accuracy: 0.7388 - 57s/epoch - 366ms/step
Epoch 29/60
Validation cm: [[ 17   2 261   4]
 [  6   1 181   2]
 [  1   0  42   0]
 [  1   1  31   0]]
Validation normalized_cm: [[0.06  0.007 0.919 0.014]
 [0.032 0.005 0.953 0.011]
 [0.023 0.    0.977 0.   ]
 [0.03  0.03  0.939 0.   ]]
Validation acc: 0.10909090909090909
Validation class_accuracies: [0.05985915492957746, 0.005263157894736842, 0.9767441860465116, 0.0]
Validation sensitivity: 0.16165413533834586
Validation specificity: 0.05985915492957746
Validation icbhi_score: 0.11075664513396166
Validation roc_auc: None
Validation avg_accuracy: 0.2604666247177065
Validation one_indexed_epoch: 29
156/156 - 54s - loss: 0.4509 - accuracy: 0.7484 - 54s/epoch - 346ms/step
Epoch 30/60
Validation cm: [[ 17   1 264   2]
 [  5   4 181   0]
 [  1   0  42   0]
 [  1   1  31   0]]
Validation normalized_cm: [[0.06  0.004 0.93  0.007]
 [0.026 0.021 0.953 0.   ]
 [0.023 0.    0.977 0.   ]
 [0.03  0.03  0.939 0.   ]]
Validation acc: 0.11454545454545455
Validation class_accuracies: [0.05985915492957746, 0.021052631578947368, 0.9767441860465116, 0.0]
Validation sensitivity: 0.17293233082706766
Validation specificity: 0.05985915492957746
Validation icbhi_score: 0.11639574287832256
Validation roc_auc: None
Validation avg_accuracy: 0.26441399313875913
Validation one_indexed_epoch: 30
156/156 - 55s - loss: 0.4454 - accuracy: 0.7496 - 55s/epoch - 355ms/step
Epoch 31/60
Validation cm: [[ 18   0 265   1]
 [  5   3 182   0]
 [  2   0  41   0]
 [  1   1  31   0]]
Validation normalized_cm: [[0.063 0.    0.933 0.004]
 [0.026 0.016 0.958 0.   ]
 [0.047 0.    0.953 0.   ]
 [0.03  0.03  0.939 0.   ]]
Validation acc: 0.11272727272727273
Validation class_accuracies: [0.06338028169014084, 0.015789473684210527, 0.9534883720930233, 0.0]
Validation sensitivity: 0.16541353383458646
Validation specificity: 0.06338028169014084
Validation icbhi_score: 0.11439690776236365
Validation roc_auc: None
Validation avg_accuracy: 0.2581645318668437
Validation one_indexed_epoch: 31
156/156 - 58s - loss: 0.4394 - accuracy: 0.7568 - 58s/epoch - 369ms/step
Epoch 32/60
Validation cm: [[ 16   3 265   0]
 [  6   2 182   0]
 [  2   0  41   0]
 [  2   0  31   0]]
Validation normalized_cm: [[0.056 0.011 0.933 0.   ]
 [0.032 0.011 0.958 0.   ]
 [0.047 0.    0.953 0.   ]
 [0.061 0.    0.939 0.   ]]
Validation acc: 0.10727272727272727
Validation class_accuracies: [0.056338028169014086, 0.010526315789473684, 0.9534883720930233, 0.0]
Validation sensitivity: 0.16165413533834586
Validation specificity: 0.056338028169014086
Validation icbhi_score: 0.10899608175367997
Validation roc_auc: None
Validation avg_accuracy: 0.2550881790128778
Validation one_indexed_epoch: 32
156/156 - 54s - loss: 0.4285 - accuracy: 0.7448 - 54s/epoch - 345ms/step
Epoch 33/60
Validation cm: [[ 15   4 265   0]
 [  7   2 181   0]
 [  2   0  41   0]
 [  2   1  30   0]]
Validation normalized_cm: [[0.053 0.014 0.933 0.   ]
 [0.037 0.011 0.953 0.   ]
 [0.047 0.    0.953 0.   ]
 [0.061 0.03  0.909 0.   ]]
Validation acc: 0.10545454545454545
Validation class_accuracies: [0.0528169014084507, 0.010526315789473684, 0.9534883720930233, 0.0]
Validation sensitivity: 0.16165413533834586
Validation specificity: 0.0528169014084507
Validation icbhi_score: 0.10723551837339829
Validation roc_auc: None
Validation avg_accuracy: 0.2542078973227369
Validation one_indexed_epoch: 33
156/156 - 58s - loss: 0.4346 - accuracy: 0.7540 - 58s/epoch - 370ms/step
Epoch 34/60
Validation cm: [[ 17   1 264   2]
 [  8   2 180   0]
 [  2   0  41   0]
 [  2   1  30   0]]
Validation normalized_cm: [[0.06  0.004 0.93  0.007]
 [0.042 0.011 0.947 0.   ]
 [0.047 0.    0.953 0.   ]
 [0.061 0.03  0.909 0.   ]]
Validation acc: 0.10909090909090909
Validation class_accuracies: [0.05985915492957746, 0.010526315789473684, 0.9534883720930233, 0.0]
Validation sensitivity: 0.16165413533834586
Validation specificity: 0.05985915492957746
Validation icbhi_score: 0.11075664513396166
Validation roc_auc: None
Validation avg_accuracy: 0.2559684607030186
Validation one_indexed_epoch: 34
156/156 - 57s - loss: 0.4229 - accuracy: 0.7661 - 57s/epoch - 366ms/step
Epoch 35/60
Validation cm: [[ 18   1 263   2]
 [  4   5 181   0]
 [  2   0  41   0]
 [  1   1  31   0]]
Validation normalized_cm: [[0.063 0.004 0.926 0.007]
 [0.021 0.026 0.953 0.   ]
 [0.047 0.    0.953 0.   ]
 [0.03  0.03  0.939 0.   ]]
Validation acc: 0.11636363636363636
Validation class_accuracies: [0.06338028169014084, 0.02631578947368421, 0.9534883720930233, 0.0]
Validation sensitivity: 0.17293233082706766
Validation specificity: 0.06338028169014084
Validation icbhi_score: 0.11815630625860425
Validation roc_auc: None
Validation avg_accuracy: 0.26079611081421206
Validation one_indexed_epoch: 35
156/156 - 54s - loss: 0.4131 - accuracy: 0.7644 - 54s/epoch - 345ms/step
Epoch 36/60
Validation cm: [[ 13   0 268   3]
 [  3   4 183   0]
 [  2   0  41   0]
 [  1   2  30   0]]
Validation normalized_cm: [[0.046 0.    0.944 0.011]
 [0.016 0.021 0.963 0.   ]
 [0.047 0.    0.953 0.   ]
 [0.03  0.061 0.909 0.   ]]
Validation acc: 0.10545454545454545
Validation class_accuracies: [0.045774647887323945, 0.021052631578947368, 0.9534883720930233, 0.0]
Validation sensitivity: 0.16917293233082706
Validation specificity: 0.045774647887323945
Validation icbhi_score: 0.1074737901090755
Validation roc_auc: None
Validation avg_accuracy: 0.25507891288982365
Validation one_indexed_epoch: 36
156/156 - 58s - loss: 0.4131 - accuracy: 0.7592 - 58s/epoch - 371ms/step
Epoch 37/60
Validation cm: [[ 16   0 267   1]
 [  2   5 181   2]
 [  1   0  42   0]
 [  1   1  31   0]]
Validation normalized_cm: [[0.056 0.    0.94  0.004]
 [0.011 0.026 0.953 0.011]
 [0.023 0.    0.977 0.   ]
 [0.03  0.03  0.939 0.   ]]
Validation acc: 0.11454545454545455
Validation class_accuracies: [0.056338028169014086, 0.02631578947368421, 0.9767441860465116, 0.0]
Validation sensitivity: 0.17669172932330826
Validation specificity: 0.056338028169014086
Validation icbhi_score: 0.11651487874616118
Validation roc_auc: None
Validation avg_accuracy: 0.26484950092230247
Validation one_indexed_epoch: 37
156/156 - 56s - loss: 0.4120 - accuracy: 0.7528 - 56s/epoch - 357ms/step
Epoch 38/60
Validation cm: [[ 15   0 266   3]
 [  3   4 183   0]
 [  2   0  41   0]
 [  2   1  30   0]]
Validation normalized_cm: [[0.053 0.    0.937 0.011]
 [0.016 0.021 0.963 0.   ]
 [0.047 0.    0.953 0.   ]
 [0.061 0.03  0.909 0.   ]]
Validation acc: 0.10909090909090909
Validation class_accuracies: [0.0528169014084507, 0.021052631578947368, 0.9534883720930233, 0.0]
Validation sensitivity: 0.16917293233082706
Validation specificity: 0.0528169014084507
Validation icbhi_score: 0.11099491686963889
Validation roc_auc: None
Validation avg_accuracy: 0.25683947627010534
Validation one_indexed_epoch: 38
156/156 - 53s - loss: 0.4058 - accuracy: 0.7496 - 53s/epoch - 341ms/step
Epoch 39/60
Validation cm: [[ 17   0 264   3]
 [  3   5 182   0]
 [  2   0  41   0]
 [  2   1  30   0]]
Validation normalized_cm: [[0.06  0.    0.93  0.011]
 [0.016 0.026 0.958 0.   ]
 [0.047 0.    0.953 0.   ]
 [0.061 0.03  0.909 0.   ]]
Validation acc: 0.11454545454545455
Validation class_accuracies: [0.05985915492957746, 0.02631578947368421, 0.9534883720930233, 0.0]
Validation sensitivity: 0.17293233082706766
Validation specificity: 0.05985915492957746
Validation icbhi_score: 0.11639574287832256
Validation roc_auc: None
Validation avg_accuracy: 0.25991582912407124
Validation one_indexed_epoch: 39
156/156 - 58s - loss: 0.4099 - accuracy: 0.7644 - 58s/epoch - 371ms/step
Epoch 40/60
Validation cm: [[ 16   0 264   4]
 [  3   4 182   1]
 [  2   0  41   0]
 [  1   1  31   0]]
Validation normalized_cm: [[0.056 0.    0.93  0.014]
 [0.016 0.021 0.958 0.005]
 [0.047 0.    0.953 0.   ]
 [0.03  0.03  0.939 0.   ]]
Validation acc: 0.11090909090909092
Validation class_accuracies: [0.056338028169014086, 0.021052631578947368, 0.9534883720930233, 0.0]
Validation sensitivity: 0.16917293233082706
Validation specificity: 0.056338028169014086
Validation icbhi_score: 0.11275548024992058
Validation roc_auc: None
Validation avg_accuracy: 0.2577197579602462
Validation one_indexed_epoch: 40
156/156 - 55s - loss: 0.4117 - accuracy: 0.7512 - 55s/epoch - 352ms/step
Epoch 41/60
Validation cm: [[ 14   0 265   5]
 [  4   3 181   2]
 [  2   0  41   0]
 [  1   1  30   1]]
Validation normalized_cm: [[0.049 0.    0.933 0.018]
 [0.021 0.016 0.953 0.011]
 [0.047 0.    0.953 0.   ]
 [0.03  0.03  0.909 0.03 ]]
Validation acc: 0.10727272727272727
Validation class_accuracies: [0.04929577464788732, 0.015789473684210527, 0.9534883720930233, 0.030303030303030304]
Validation sensitivity: 0.16917293233082706
Validation specificity: 0.04929577464788732
Validation icbhi_score: 0.10923435348935719
Validation roc_auc: None
Validation avg_accuracy: 0.2622191626820379
Validation one_indexed_epoch: 41
156/156 - 54s - loss: 0.3944 - accuracy: 0.7673 - 54s/epoch - 345ms/step
Epoch 42/60
Validation cm: [[ 14   0 266   4]
 [  4   4 181   1]
 [  2   0  41   0]
 [  2   1  30   0]]
Validation normalized_cm: [[0.049 0.    0.937 0.014]
 [0.021 0.021 0.953 0.005]
 [0.047 0.    0.953 0.   ]
 [0.061 0.03  0.909 0.   ]]
Validation acc: 0.10727272727272727
Validation class_accuracies: [0.04929577464788732, 0.021052631578947368, 0.9534883720930233, 0.0]
Validation sensitivity: 0.16917293233082706
Validation specificity: 0.04929577464788732
Validation icbhi_score: 0.10923435348935719
Validation roc_auc: None
Validation avg_accuracy: 0.2559591945799645
Validation one_indexed_epoch: 42
156/156 - 58s - loss: 0.4003 - accuracy: 0.7644 - 58s/epoch - 371ms/step
Epoch 43/60
Validation cm: [[ 14   0 266   4]
 [  3   3 182   2]
 [  0   1  42   0]
 [  1   2  30   0]]
Validation normalized_cm: [[0.049 0.    0.937 0.014]
 [0.016 0.016 0.958 0.011]
 [0.    0.023 0.977 0.   ]
 [0.03  0.061 0.909 0.   ]]
Validation acc: 0.10727272727272727
Validation class_accuracies: [0.04929577464788732, 0.015789473684210527, 0.9767441860465116, 0.0]
Validation sensitivity: 0.16917293233082706
Validation specificity: 0.04929577464788732
Validation icbhi_score: 0.10923435348935719
Validation roc_auc: None
Validation avg_accuracy: 0.26045735859465236
Validation one_indexed_epoch: 43
156/156 - 55s - loss: 0.3931 - accuracy: 0.7661 - 55s/epoch - 350ms/step
Epoch 44/60
Validation cm: [[ 14   0 265   5]
 [  3   4 181   2]
 [  1   1  41   0]
 [  1   2  30   0]]
Validation normalized_cm: [[0.049 0.    0.933 0.018]
 [0.016 0.021 0.953 0.011]
 [0.023 0.023 0.953 0.   ]
 [0.03  0.061 0.909 0.   ]]
Validation acc: 0.10727272727272727
Validation class_accuracies: [0.04929577464788732, 0.021052631578947368, 0.9534883720930233, 0.0]
Validation sensitivity: 0.16917293233082706
Validation specificity: 0.04929577464788732
Validation icbhi_score: 0.10923435348935719
Validation roc_auc: None
Validation avg_accuracy: 0.2559591945799645
Validation one_indexed_epoch: 44
156/156 - 55s - loss: 0.3940 - accuracy: 0.7612 - 55s/epoch - 350ms/step
Epoch 45/60
Validation cm: [[ 12   2 269   1]
 [  2   5 182   1]
 [  2   0  41   0]
 [  2   1  30   0]]
Validation normalized_cm: [[0.042 0.007 0.947 0.004]
 [0.011 0.026 0.958 0.005]
 [0.047 0.    0.953 0.   ]
 [0.061 0.03  0.909 0.   ]]
Validation acc: 0.10545454545454545
Validation class_accuracies: [0.04225352112676056, 0.02631578947368421, 0.9534883720930233, 0.0]
Validation sensitivity: 0.17293233082706766
Validation specificity: 0.04225352112676056
Validation icbhi_score: 0.10759292597691411
Validation roc_auc: None
Validation avg_accuracy: 0.255514420673367
Validation one_indexed_epoch: 45
156/156 - 57s - loss: 0.3920 - accuracy: 0.7685 - 57s/epoch - 367ms/step
Epoch 46/60
Validation cm: [[ 15   0 266   3]
 [  3   4 183   0]
 [  1   0  42   0]
 [  2   1  30   0]]
Validation normalized_cm: [[0.053 0.    0.937 0.011]
 [0.016 0.021 0.963 0.   ]
 [0.023 0.    0.977 0.   ]
 [0.061 0.03  0.909 0.   ]]
Validation acc: 0.11090909090909092
Validation class_accuracies: [0.0528169014084507, 0.021052631578947368, 0.9767441860465116, 0.0]
Validation sensitivity: 0.17293233082706766
Validation specificity: 0.0528169014084507
Validation icbhi_score: 0.11287461611775917
Validation roc_auc: None
Validation avg_accuracy: 0.2626534297584774
Validation one_indexed_epoch: 46
156/156 - 55s - loss: 0.3894 - accuracy: 0.7604 - 55s/epoch - 352ms/step
Epoch 47/60
