Tensorflow Version: 2.8.0
Num GPUs Available:  1
Collecting Variables...
All variables have been collected.
../cache/
cw
train97
Description: model9
-----------------------
Job id is 1.
- Loading Icbhi.
725 Icbhi audios have been loaded.
- Preparing Icbhi.
112 Icbhi groups of audio chunks (by filename or patients) have been prepared.
--- Samples are being split into training/val groups and de-grouped by patient ---
--- Icbhi training dataset went from 0 to 2492 elements, with 954 none's, 810 crakles, 344 wheezes and 340 both ---
--- Icbhi Validation dataset contains 550 elements, with 282 none, 189 crackles, 43 wheezes and 33 both ---
0
0
0
0
-----------------------
--- Final training dataset went from 0 to 2492 elements, with 954 none's, 810 crakles, 344 wheezes and 340 both ---
--- Final Validation dataset contains 550 elements, with 282 none, 189 crackles, 43 wheezes and 33 both ---
Model: "leaf_model9_model_bis"
______________________________________________________________________________________________________________
 Layer (type)                                    Output Shape                                Param #          
==============================================================================================================
 leaf (Leaf)                                     multiple                                    560              
                                                                                                              
 mel_filterbanks (MelFilterbanks)                multiple                                    0 (unused)       
                                                                                                              
 sincnet (SincNet)                               multiple                                    0 (unused)       
                                                                                                              
 sequential (Sequential)                         (None, 80, 250, 1)                          4                
                                                                                                              
 sequential_1 (Sequential)                       (None, 80, 250, 16)                         2352             
                                                                                                              
 sequential_2 (Sequential)                       (None, 80, 250, 16)                         6448             
                                                                                                              
 sequential_3 (Sequential)                       (None, 80, 250, 16)                         32               
                                                                                                              
 concatenate (Concatenate)                       multiple                                    0                
                                                                                                              
 sequential_4 (Sequential)                       (None, 2)                                   6192322          
                                                                                                              
==============================================================================================================
Total params: 6,201,878
Trainable params: 6,160,372
Non-trainable params: 41,506
______________________________________________________________________________________________________________
Target metric is icbhi_score
Epoch 1/100
Validation cm: [[139 145   0   0]
 [110  80   0   0]
 [ 25  18   0   0]
 [ 18  15   0   0]]
Validation normalized_cm: [[0.489 0.511 0.    0.   ]
 [0.579 0.421 0.    0.   ]
 [0.581 0.419 0.    0.   ]
 [0.545 0.455 0.    0.   ]]
Validation acc: 0.3981818181818182
Validation class_accuracies: [0.4894366197183099, 0.42105263157894735, 0.0, 0.0]
Validation sensitivity: 0.3007518796992481
Validation specificity: 0.4894366197183099
Validation icbhi_score: 0.395094249708779
Validation roc_auc: None
Validation avg_accuracy: 0.2276223128243143
Validation one_indexed_epoch: 1
-- New best results were achieved. --
156/156 - 166s - loss: 0.8364 - accuracy: 0.7199 - 166s/epoch - 1s/step
Epoch 2/100
Validation cm: [[ 77 207   0   0]
 [ 45 145   0   0]
 [ 13  30   0   0]
 [  4  29   0   0]]
Validation normalized_cm: [[0.271 0.729 0.    0.   ]
 [0.237 0.763 0.    0.   ]
 [0.302 0.698 0.    0.   ]
 [0.121 0.879 0.    0.   ]]
Validation acc: 0.4036363636363636
Validation class_accuracies: [0.2711267605633803, 0.7631578947368421, 0.0, 0.0]
Validation sensitivity: 0.5451127819548872
Validation specificity: 0.2711267605633803
Validation icbhi_score: 0.4081197712591338
Validation roc_auc: None
Validation avg_accuracy: 0.2585711638250556
Validation one_indexed_epoch: 2
-- New best results were achieved. --
156/156 - 152s - loss: 0.6352 - accuracy: 0.8118 - 152s/epoch - 975ms/step
Epoch 3/100
Validation cm: [[197  63   8  16]
 [ 80  80  13  17]
 [ 27   7   2   7]
 [ 12  11   9   1]]
Validation normalized_cm: [[0.694 0.222 0.028 0.056]
 [0.421 0.421 0.068 0.089]
 [0.628 0.163 0.047 0.163]
 [0.364 0.333 0.273 0.03 ]]
Validation acc: 0.509090909090909
Validation class_accuracies: [0.6936619718309859, 0.42105263157894735, 0.046511627906976744, 0.030303030303030304]
Validation sensitivity: 0.31203007518796994
Validation specificity: 0.6936619718309859
Validation icbhi_score: 0.5028460235094779
Validation roc_auc: None
Validation avg_accuracy: 0.2978823154049851
Validation one_indexed_epoch: 3
-- New best results were achieved. --
156/156 - 153s - loss: 0.6121 - accuracy: 0.8190 - 153s/epoch - 984ms/step
Epoch 4/100
Validation cm: [[225  59   0   0]
 [117  73   0   0]
 [ 31  12   0   0]
 [ 24   9   0   0]]
Validation normalized_cm: [[0.792 0.208 0.    0.   ]
 [0.616 0.384 0.    0.   ]
 [0.721 0.279 0.    0.   ]
 [0.727 0.273 0.    0.   ]]
Validation acc: 0.5418181818181819
Validation class_accuracies: [0.7922535211267606, 0.38421052631578945, 0.0, 0.0]
Validation sensitivity: 0.2744360902255639
Validation specificity: 0.7922535211267606
Validation icbhi_score: 0.5333448056761623
Validation roc_auc: None
Validation avg_accuracy: 0.2941160118606375
Validation one_indexed_epoch: 4
-- New best results were achieved. --
156/156 - 152s - loss: 0.5883 - accuracy: 0.8222 - 152s/epoch - 977ms/step
Epoch 5/100
Validation cm: [[109  55 116   4]
 [ 59  68  62   1]
 [ 18   6  16   3]
 [ 12   4  14   3]]
Validation normalized_cm: [[0.384 0.194 0.408 0.014]
 [0.311 0.358 0.326 0.005]
 [0.419 0.14  0.372 0.07 ]
 [0.364 0.121 0.424 0.091]]
Validation acc: 0.3563636363636364
Validation class_accuracies: [0.38380281690140844, 0.35789473684210527, 0.37209302325581395, 0.09090909090909091]
Validation sensitivity: 0.32706766917293234
Validation specificity: 0.38380281690140844
Validation icbhi_score: 0.3554352430371704
Validation roc_auc: None
Validation avg_accuracy: 0.30117491697710463
Validation one_indexed_epoch: 5
156/156 - 154s - loss: 0.5833 - accuracy: 0.8010 - 154s/epoch - 987ms/step
Epoch 6/100
Validation cm: [[ 62 118  89  15]
 [ 45  96  35  14]
 [ 11   8  21   3]
 [  1   7  25   0]]
Validation normalized_cm: [[0.218 0.415 0.313 0.053]
 [0.237 0.505 0.184 0.074]
 [0.256 0.186 0.488 0.07 ]
 [0.03  0.212 0.758 0.   ]]
Validation acc: 0.32545454545454544
Validation class_accuracies: [0.21830985915492956, 0.5052631578947369, 0.4883720930232558, 0.0]
Validation sensitivity: 0.4398496240601504
Validation specificity: 0.21830985915492956
Validation icbhi_score: 0.32907974160753994
Validation roc_auc: None
Validation avg_accuracy: 0.30298627751823054
Validation one_indexed_epoch: 6
156/156 - 154s - loss: 0.5800 - accuracy: 0.7849 - 154s/epoch - 988ms/step
Epoch 7/100
Validation cm: [[ 97  17 156  14]
 [ 29   8 128  25]
 [  2   1  38   2]
 [  1   0  32   0]]
Validation normalized_cm: [[0.342 0.06  0.549 0.049]
 [0.153 0.042 0.674 0.132]
 [0.047 0.023 0.884 0.047]
 [0.03  0.    0.97  0.   ]]
Validation acc: 0.26
Validation class_accuracies: [0.3415492957746479, 0.042105263157894736, 0.8837209302325582, 0.0]
Validation sensitivity: 0.17293233082706766
Validation specificity: 0.3415492957746479
Validation icbhi_score: 0.2572408133008578
Validation roc_auc: None
Validation avg_accuracy: 0.3168438722912752
Validation one_indexed_epoch: 7
156/156 - 155s - loss: 0.5565 - accuracy: 0.7921 - 155s/epoch - 991ms/step
Epoch 8/100
Validation cm: [[ 18 258   0   8]
 [  3 185   0   2]
 [  1  28   1  13]
 [  0  14   0  19]]
Validation normalized_cm: [[0.063 0.908 0.    0.028]
 [0.016 0.974 0.    0.011]
 [0.023 0.651 0.023 0.302]
 [0.    0.424 0.    0.576]]
Validation acc: 0.40545454545454546
Validation class_accuracies: [0.06338028169014084, 0.9736842105263158, 0.023255813953488372, 0.5757575757575758]
Validation sensitivity: 0.7706766917293233
Validation specificity: 0.06338028169014084
Validation icbhi_score: 0.4170284867097321
Validation roc_auc: None
Validation avg_accuracy: 0.40901947048188025
Validation one_indexed_epoch: 8
156/156 - 155s - loss: 0.5404 - accuracy: 0.7917 - 155s/epoch - 994ms/step
Epoch 9/100
Validation cm: [[211  62   9   2]
 [127  54   8   1]
 [ 32   5   5   1]
 [ 16   8   7   2]]
Validation normalized_cm: [[0.743 0.218 0.032 0.007]
 [0.668 0.284 0.042 0.005]
 [0.744 0.116 0.116 0.023]
 [0.485 0.242 0.212 0.061]]
Validation acc: 0.49454545454545457
Validation class_accuracies: [0.7429577464788732, 0.28421052631578947, 0.11627906976744186, 0.06060606060606061]
Validation sensitivity: 0.22932330827067668
Validation specificity: 0.7429577464788732
Validation icbhi_score: 0.486140527374775
Validation roc_auc: None
Validation avg_accuracy: 0.3010133507920413
Validation one_indexed_epoch: 9
156/156 - 154s - loss: 0.5299 - accuracy: 0.8006 - 154s/epoch - 989ms/step
Epoch 10/100
Validation cm: [[207  65   1  11]
 [ 88 101   1   0]
 [ 31   1   8   3]
 [ 10   4  14   5]]
Validation normalized_cm: [[0.729 0.229 0.004 0.039]
 [0.463 0.532 0.005 0.   ]
 [0.721 0.023 0.186 0.07 ]
 [0.303 0.121 0.424 0.152]]
Validation acc: 0.5836363636363636
Validation class_accuracies: [0.7288732394366197, 0.531578947368421, 0.18604651162790697, 0.15151515151515152]
Validation sensitivity: 0.42857142857142855
Validation specificity: 0.7288732394366197
Validation icbhi_score: 0.5787223340040242
Validation roc_auc: None
Validation avg_accuracy: 0.3995034624870248
Validation one_indexed_epoch: 10
-- New best results were achieved. --
156/156 - 154s - loss: 0.5191 - accuracy: 0.8062 - 154s/epoch - 989ms/step
Epoch 11/100
Validation cm: [[199  58  13  14]
 [ 88  94   2   6]
 [ 25   2  15   1]
 [ 16   4  10   3]]
Validation normalized_cm: [[0.701 0.204 0.046 0.049]
 [0.463 0.495 0.011 0.032]
 [0.581 0.047 0.349 0.023]
 [0.485 0.121 0.303 0.091]]
Validation acc: 0.5654545454545454
Validation class_accuracies: [0.7007042253521126, 0.49473684210526314, 0.3488372093023256, 0.09090909090909091]
Validation sensitivity: 0.42105263157894735
Validation specificity: 0.7007042253521126
Validation icbhi_score: 0.5608784284655299
Validation roc_auc: None
Validation avg_accuracy: 0.40879684191719806
Validation one_indexed_epoch: 11
156/156 - 155s - loss: 0.5044 - accuracy: 0.7953 - 155s/epoch - 991ms/step
Epoch 12/100
Validation cm: [[194   5  79   6]
 [152   8  25   5]
 [ 20   0  20   3]
 [  1   1  25   6]]
Validation normalized_cm: [[0.683 0.018 0.278 0.021]
 [0.8   0.042 0.132 0.026]
 [0.465 0.    0.465 0.07 ]
 [0.03  0.03  0.758 0.182]]
Validation acc: 0.41454545454545455
Validation class_accuracies: [0.6830985915492958, 0.042105263157894736, 0.46511627906976744, 0.18181818181818182]
Validation sensitivity: 0.12781954887218044
Validation specificity: 0.6830985915492958
Validation icbhi_score: 0.4054590702107381
Validation roc_auc: None
Validation avg_accuracy: 0.34303457889878497
Validation one_indexed_epoch: 12
156/156 - 153s - loss: 0.4981 - accuracy: 0.8026 - 153s/epoch - 978ms/step
Epoch 13/100
Validation cm: [[200  36  37  11]
 [144  19  23   4]
 [ 27   1  15   0]
 [ 12   0  20   1]]
Validation normalized_cm: [[0.704 0.127 0.13  0.039]
 [0.758 0.1   0.121 0.021]
 [0.628 0.023 0.349 0.   ]
 [0.364 0.    0.606 0.03 ]]
Validation acc: 0.42727272727272725
Validation class_accuracies: [0.704225352112676, 0.1, 0.3488372093023256, 0.030303030303030304]
Validation sensitivity: 0.13157894736842105
Validation specificity: 0.704225352112676
Validation icbhi_score: 0.4179021497405485
Validation roc_auc: None
Validation avg_accuracy: 0.295841397929508
Validation one_indexed_epoch: 13
156/156 - 154s - loss: 0.4837 - accuracy: 0.8046 - 154s/epoch - 988ms/step
Epoch 14/100
Validation cm: [[144  19  85  36]
 [ 84  32  47  27]
 [ 17   0  23   3]
 [  1   0  25   7]]
Validation normalized_cm: [[0.507 0.067 0.299 0.127]
 [0.442 0.168 0.247 0.142]
 [0.395 0.    0.535 0.07 ]
 [0.03  0.    0.758 0.212]]
Validation acc: 0.37454545454545457
Validation class_accuracies: [0.5070422535211268, 0.16842105263157894, 0.5348837209302325, 0.21212121212121213]
Validation sensitivity: 0.23308270676691728
Validation specificity: 0.5070422535211268
Validation icbhi_score: 0.370062480144022
Validation roc_auc: None
Validation avg_accuracy: 0.3556170598010376
Validation one_indexed_epoch: 14
156/156 - 153s - loss: 0.4727 - accuracy: 0.7937 - 153s/epoch - 980ms/step
Epoch 15/100
Validation cm: [[ 83  15 158  28]
 [ 39  17 117  17]
 [  4   0  36   3]
 [  1   0  30   2]]
Validation normalized_cm: [[0.292 0.053 0.556 0.099]
 [0.205 0.089 0.616 0.089]
 [0.093 0.    0.837 0.07 ]
 [0.03  0.    0.909 0.061]]
Validation acc: 0.2509090909090909
Validation class_accuracies: [0.29225352112676056, 0.08947368421052632, 0.8372093023255814, 0.06060606060606061]
Validation sensitivity: 0.20676691729323307
Validation specificity: 0.29225352112676056
Validation icbhi_score: 0.24951021920999683
Validation roc_auc: None
Validation avg_accuracy: 0.31988564206723225
Validation one_indexed_epoch: 15
156/156 - 154s - loss: 0.4727 - accuracy: 0.8022 - 154s/epoch - 986ms/step
Epoch 16/100
Validation cm: [[128 146   6   4]
 [ 43 146   0   1]
 [ 26  12   3   2]
 [ 15  10   2   6]]
Validation normalized_cm: [[0.451 0.514 0.021 0.014]
 [0.226 0.768 0.    0.005]
 [0.605 0.279 0.07  0.047]
 [0.455 0.303 0.061 0.182]]
Validation acc: 0.5145454545454545
Validation class_accuracies: [0.4507042253521127, 0.7684210526315789, 0.06976744186046512, 0.18181818181818182]
Validation sensitivity: 0.5827067669172933
Validation specificity: 0.4507042253521127
Validation icbhi_score: 0.516705496134703
Validation roc_auc: None
Validation avg_accuracy: 0.36767772541558463
Validation one_indexed_epoch: 16
156/156 - 153s - loss: 0.4567 - accuracy: 0.7949 - 153s/epoch - 984ms/step
Epoch 17/100
Validation cm: [[170  55  34  25]
 [ 97  63  13  17]
 [ 17   2  23   1]
 [  5   1  24   3]]
Validation normalized_cm: [[0.599 0.194 0.12  0.088]
 [0.511 0.332 0.068 0.089]
 [0.395 0.047 0.535 0.023]
 [0.152 0.03  0.727 0.091]]
Validation acc: 0.4709090909090909
Validation class_accuracies: [0.5985915492957746, 0.33157894736842103, 0.5348837209302325, 0.09090909090909091]
Validation sensitivity: 0.33458646616541354
Validation specificity: 0.5985915492957746
Validation icbhi_score: 0.4665890077305941
Validation roc_auc: None
Validation avg_accuracy: 0.38899082712587973
Validation one_indexed_epoch: 17
156/156 - 154s - loss: 0.4582 - accuracy: 0.8046 - 154s/epoch - 989ms/step
Epoch 18/100
Validation cm: [[207  54  18   5]
 [135  46   3   6]
 [ 29   4   7   3]
 [ 14   2  11   6]]
Validation normalized_cm: [[0.729 0.19  0.063 0.018]
 [0.711 0.242 0.016 0.032]
 [0.674 0.093 0.163 0.07 ]
 [0.424 0.061 0.333 0.182]]
Validation acc: 0.48363636363636364
Validation class_accuracies: [0.7288732394366197, 0.24210526315789474, 0.16279069767441862, 0.18181818181818182]
Validation sensitivity: 0.22180451127819548
Validation specificity: 0.7288732394366197
Validation icbhi_score: 0.4753388753574076
Validation roc_auc: None
Validation avg_accuracy: 0.3288968455217787
Validation one_indexed_epoch: 18
156/156 - 153s - loss: 0.4521 - accuracy: 0.8006 - 153s/epoch - 984ms/step
Epoch 19/100
Validation cm: [[111  90  29  54]
 [ 46  92  12  40]
 [ 11   3  11  18]
 [  1   7  11  14]]
Validation normalized_cm: [[0.391 0.317 0.102 0.19 ]
 [0.242 0.484 0.063 0.211]
 [0.256 0.07  0.256 0.419]
 [0.03  0.212 0.333 0.424]]
Validation acc: 0.41454545454545455
Validation class_accuracies: [0.3908450704225352, 0.4842105263157895, 0.2558139534883721, 0.42424242424242425]
Validation sensitivity: 0.4398496240601504
Validation specificity: 0.3908450704225352
Validation icbhi_score: 0.4153473472413428
Validation roc_auc: None
Validation avg_accuracy: 0.38877799361728027
Validation one_indexed_epoch: 19
156/156 - 154s - loss: 0.4389 - accuracy: 0.8018 - 154s/epoch - 987ms/step
Epoch 20/100
Validation cm: [[110   9 152  13]
 [ 65  12 102  11]
 [  5   0  33   5]
 [  0   0  25   8]]
Validation normalized_cm: [[0.387 0.032 0.535 0.046]
 [0.342 0.063 0.537 0.058]
 [0.116 0.    0.767 0.116]
 [0.    0.    0.758 0.242]]
Validation acc: 0.2963636363636364
Validation class_accuracies: [0.3873239436619718, 0.06315789473684211, 0.7674418604651163, 0.24242424242424243]
Validation sensitivity: 0.19924812030075187
Validation specificity: 0.3873239436619718
Validation icbhi_score: 0.2932860319813618
Validation roc_auc: None
Validation avg_accuracy: 0.36508698532204314
Validation one_indexed_epoch: 20
156/156 - 154s - loss: 0.4183 - accuracy: 0.7990 - 154s/epoch - 984ms/step
Epoch 21/100
Validation cm: [[121  43  45  75]
 [ 52  49  26  63]
 [  7   2  20  14]
 [  2   2  15  14]]
Validation normalized_cm: [[0.426 0.151 0.158 0.264]
 [0.274 0.258 0.137 0.332]
 [0.163 0.047 0.465 0.326]
 [0.061 0.061 0.455 0.424]]
Validation acc: 0.3709090909090909
Validation class_accuracies: [0.426056338028169, 0.2578947368421053, 0.46511627906976744, 0.42424242424242425]
Validation sensitivity: 0.31203007518796994
Validation specificity: 0.426056338028169
Validation icbhi_score: 0.36904320660806944
Validation roc_auc: None
Validation avg_accuracy: 0.3933274445456165
Validation one_indexed_epoch: 21
156/156 - 154s - loss: 0.4136 - accuracy: 0.8046 - 154s/epoch - 988ms/step
Epoch 22/100
Validation cm: [[ 54 175   9  46]
 [ 13 157   2  18]
 [  5   8   5  25]
 [  2   5   2  24]]
Validation normalized_cm: [[0.19  0.616 0.032 0.162]
 [0.068 0.826 0.011 0.095]
 [0.116 0.186 0.116 0.581]
 [0.061 0.152 0.061 0.727]]
Validation acc: 0.43636363636363634
Validation class_accuracies: [0.19014084507042253, 0.8263157894736842, 0.11627906976744186, 0.7272727272727273]
Validation sensitivity: 0.6992481203007519
Validation specificity: 0.19014084507042253
Validation icbhi_score: 0.4446944826855872
Validation roc_auc: None
Validation avg_accuracy: 0.465002107896069
Validation one_indexed_epoch: 22
156/156 - 153s - loss: 0.4077 - accuracy: 0.8014 - 153s/epoch - 978ms/step
Epoch 23/100
Validation cm: [[112 115  29  28]
 [ 43 132   4  11]
 [ 12   4  10  17]
 [  4   6  12  11]]
Validation normalized_cm: [[0.394 0.405 0.102 0.099]
 [0.226 0.695 0.021 0.058]
 [0.279 0.093 0.233 0.395]
 [0.121 0.182 0.364 0.333]]
Validation acc: 0.4818181818181818
Validation class_accuracies: [0.39436619718309857, 0.6947368421052632, 0.23255813953488372, 0.3333333333333333]
Validation sensitivity: 0.575187969924812
Validation specificity: 0.39436619718309857
Validation icbhi_score: 0.4847770835539553
Validation roc_auc: None
Validation avg_accuracy: 0.4137486280391447
Validation one_indexed_epoch: 23
156/156 - 153s - loss: 0.3920 - accuracy: 0.8122 - 153s/epoch - 984ms/step
Epoch 24/100
Validation cm: [[92 71 48 73]
 [64 67 17 42]
 [ 8  1 19 15]
 [ 6  4 11 12]]
Validation normalized_cm: [[0.324 0.25  0.169 0.257]
 [0.337 0.353 0.089 0.221]
 [0.186 0.023 0.442 0.349]
 [0.182 0.121 0.333 0.364]]
Validation acc: 0.34545454545454546
Validation class_accuracies: [0.323943661971831, 0.3526315789473684, 0.4418604651162791, 0.36363636363636365]
Validation sensitivity: 0.3684210526315789
Validation specificity: 0.323943661971831
Validation icbhi_score: 0.346182357301705
Validation roc_auc: None
Validation avg_accuracy: 0.37051801741796053
Validation one_indexed_epoch: 24
156/156 - 153s - loss: 0.3903 - accuracy: 0.8198 - 153s/epoch - 980ms/step
Epoch 25/100
Validation cm: [[ 72 132  17  63]
 [ 30 117   5  38]
 [  4   6  10  23]
 [  3   3   7  20]]
Validation normalized_cm: [[0.254 0.465 0.06  0.222]
 [0.158 0.616 0.026 0.2  ]
 [0.093 0.14  0.233 0.535]
 [0.091 0.091 0.212 0.606]]
Validation acc: 0.3981818181818182
Validation class_accuracies: [0.2535211267605634, 0.6157894736842106, 0.23255813953488372, 0.6060606060606061]
Validation sensitivity: 0.5526315789473685
Validation specificity: 0.2535211267605634
Validation icbhi_score: 0.4030763528539659
Validation roc_auc: None
Validation avg_accuracy: 0.4269823365100659
Validation one_indexed_epoch: 25
156/156 - 153s - loss: 0.3773 - accuracy: 0.8094 - 153s/epoch - 981ms/step
Epoch 26/100
Validation cm: [[ 84 138  21  41]
 [ 50 126   4  10]
 [  9  11  12  11]
 [  4   3  10  16]]
Validation normalized_cm: [[0.296 0.486 0.074 0.144]
 [0.263 0.663 0.021 0.053]
 [0.209 0.256 0.279 0.256]
 [0.121 0.091 0.303 0.485]]
Validation acc: 0.43272727272727274
Validation class_accuracies: [0.29577464788732394, 0.6631578947368421, 0.27906976744186046, 0.48484848484848486]
Validation sensitivity: 0.5789473684210527
Validation specificity: 0.29577464788732394
Validation icbhi_score: 0.4373610081541883
Validation roc_auc: None
Validation avg_accuracy: 0.43071269872862783
Validation one_indexed_epoch: 26
156/156 - 153s - loss: 0.3660 - accuracy: 0.8054 - 153s/epoch - 978ms/step
Epoch 27/100
Validation cm: [[ 96 124  20  44]
 [ 50 119   9  12]
 [ 12   6   9  16]
 [  5   3  12  13]]
Validation normalized_cm: [[0.338 0.437 0.07  0.155]
 [0.263 0.626 0.047 0.063]
 [0.279 0.14  0.209 0.372]
 [0.152 0.091 0.364 0.394]]
Validation acc: 0.4309090909090909
Validation class_accuracies: [0.3380281690140845, 0.6263157894736842, 0.20930232558139536, 0.3939393939393939]
Validation sensitivity: 0.5300751879699248
Validation specificity: 0.3380281690140845
Validation icbhi_score: 0.43405167849200466
Validation roc_auc: None
Validation avg_accuracy: 0.3918964195021395
Validation one_indexed_epoch: 27
156/156 - 154s - loss: 0.3652 - accuracy: 0.8134 - 154s/epoch - 985ms/step
Epoch 28/100
Validation cm: [[82 72 57 73]
 [45 80 16 49]
 [ 7  3 13 20]
 [ 4  2 11 16]]
Validation normalized_cm: [[0.289 0.254 0.201 0.257]
 [0.237 0.421 0.084 0.258]
 [0.163 0.07  0.302 0.465]
 [0.121 0.061 0.333 0.485]]
Validation acc: 0.3472727272727273
Validation class_accuracies: [0.2887323943661972, 0.42105263157894735, 0.3023255813953488, 0.48484848484848486]
Validation sensitivity: 0.40977443609022557
Validation specificity: 0.2887323943661972
Validation icbhi_score: 0.3492534152282114
Validation roc_auc: None
Validation avg_accuracy: 0.37423977304724454
Validation one_indexed_epoch: 28
156/156 - 152s - loss: 0.3464 - accuracy: 0.8086 - 152s/epoch - 978ms/step
Epoch 29/100
Validation cm: [[ 79 140  20  45]
 [ 39 128   3  20]
 [  8  12   6  17]
 [  7   3  10  13]]
Validation normalized_cm: [[0.278 0.493 0.07  0.158]
 [0.205 0.674 0.016 0.105]
 [0.186 0.279 0.14  0.395]
 [0.212 0.091 0.303 0.394]]
Validation acc: 0.4109090909090909
Validation class_accuracies: [0.27816901408450706, 0.6736842105263158, 0.13953488372093023, 0.3939393939393939]
Validation sensitivity: 0.5526315789473685
Validation specificity: 0.27816901408450706
Validation icbhi_score: 0.4154002965159378
Validation roc_auc: None
Validation avg_accuracy: 0.3713318755677868
Validation one_indexed_epoch: 29
156/156 - 154s - loss: 0.3302 - accuracy: 0.8066 - 154s/epoch - 985ms/step
Epoch 30/100
Validation cm: [[110  43  93  38]
 [ 78  48  35  29]
 [  8   2  21  12]
 [  4   0  17  12]]
Validation normalized_cm: [[0.387 0.151 0.327 0.134]
 [0.411 0.253 0.184 0.153]
 [0.186 0.047 0.488 0.279]
 [0.121 0.    0.515 0.364]]
Validation acc: 0.3472727272727273
Validation class_accuracies: [0.3873239436619718, 0.25263157894736843, 0.4883720930232558, 0.36363636363636365]
Validation sensitivity: 0.30451127819548873
Validation specificity: 0.3873239436619718
Validation icbhi_score: 0.3459176109287303
Validation roc_auc: None
Validation avg_accuracy: 0.37299099481723996
Validation one_indexed_epoch: 30
156/156 - 153s - loss: 0.3242 - accuracy: 0.7982 - 153s/epoch - 982ms/step
Epoch 31/100
Validation cm: [[ 58 212   5   9]
 [ 21 166   1   2]
 [  6  26   5   6]
 [  3  19   4   7]]
Validation normalized_cm: [[0.204 0.746 0.018 0.032]
 [0.111 0.874 0.005 0.011]
 [0.14  0.605 0.116 0.14 ]
 [0.091 0.576 0.121 0.212]]
Validation acc: 0.4290909090909091
Validation class_accuracies: [0.20422535211267606, 0.8736842105263158, 0.11627906976744186, 0.21212121212121213]
Validation sensitivity: 0.6691729323308271
Validation specificity: 0.20422535211267606
Validation icbhi_score: 0.43669914222175155
Validation roc_auc: None
Validation avg_accuracy: 0.35157746113191146
Validation one_indexed_epoch: 31
156/156 - 155s - loss: 0.2979 - accuracy: 0.8058 - 155s/epoch - 991ms/step
Epoch 32/100
Validation cm: [[118  64  80  22]
 [ 76  78  24  12]
 [ 12   3  15  13]
 [  5   2  14  12]]
Validation normalized_cm: [[0.415 0.225 0.282 0.077]
 [0.4   0.411 0.126 0.063]
 [0.279 0.07  0.349 0.302]
 [0.152 0.061 0.424 0.364]]
Validation acc: 0.40545454545454546
Validation class_accuracies: [0.4154929577464789, 0.4105263157894737, 0.3488372093023256, 0.36363636363636365]
Validation sensitivity: 0.39473684210526316
Validation specificity: 0.4154929577464789
Validation icbhi_score: 0.405114899925871
Validation roc_auc: None
Validation avg_accuracy: 0.3846232116186604
Validation one_indexed_epoch: 32
156/156 - 154s - loss: 0.3035 - accuracy: 0.8190 - 154s/epoch - 987ms/step
Epoch 33/100
Validation cm: [[160   6 105  13]
 [122  11  51   6]
 [ 13   0  24   6]
 [  7   0  17   9]]
Validation normalized_cm: [[0.563 0.021 0.37  0.046]
 [0.642 0.058 0.268 0.032]
 [0.302 0.    0.558 0.14 ]
 [0.212 0.    0.515 0.273]]
Validation acc: 0.3709090909090909
Validation class_accuracies: [0.5633802816901409, 0.05789473684210526, 0.5581395348837209, 0.2727272727272727]
Validation sensitivity: 0.16541353383458646
Validation specificity: 0.5633802816901409
Validation icbhi_score: 0.36439690776236366
Validation roc_auc: None
Validation avg_accuracy: 0.36303545653580993
Validation one_indexed_epoch: 33
156/156 - 154s - loss: 0.2757 - accuracy: 0.8154 - 154s/epoch - 987ms/step
Epoch 34/100
Validation cm: [[112 119  32  21]
 [ 59 116   7   8]
 [ 15   9  10   9]
 [  9   5  10   9]]
Validation normalized_cm: [[0.394 0.419 0.113 0.074]
 [0.311 0.611 0.037 0.042]
 [0.349 0.209 0.233 0.209]
 [0.273 0.152 0.303 0.273]]
Validation acc: 0.4490909090909091
Validation class_accuracies: [0.39436619718309857, 0.6105263157894737, 0.23255813953488372, 0.2727272727272727]
Validation sensitivity: 0.5075187969924813
Validation specificity: 0.39436619718309857
Validation icbhi_score: 0.4509424970877899
Validation roc_auc: None
Validation avg_accuracy: 0.3775444813086822
Validation one_indexed_epoch: 34
156/156 - 153s - loss: 0.2793 - accuracy: 0.8258 - 153s/epoch - 982ms/step
Epoch 35/100
Validation cm: [[112  73  75  24]
 [ 80  80  19  11]
 [ 12   4  16  11]
 [  6   3  16   8]]
Validation normalized_cm: [[0.394 0.257 0.264 0.085]
 [0.421 0.421 0.1   0.058]
 [0.279 0.093 0.372 0.256]
 [0.182 0.091 0.485 0.242]]
Validation acc: 0.3927272727272727
Validation class_accuracies: [0.39436619718309857, 0.42105263157894735, 0.37209302325581395, 0.24242424242424243]
Validation sensitivity: 0.39097744360902253
Validation specificity: 0.39436619718309857
Validation icbhi_score: 0.3926718203960605
Validation roc_auc: None
Validation avg_accuracy: 0.35748402361052556
Validation one_indexed_epoch: 35
156/156 - 154s - loss: 0.2666 - accuracy: 0.8034 - 154s/epoch - 987ms/step
Epoch 36/100
Validation cm: [[ 57 196  10  21]
 [ 35 146   3   6]
 [  9  22   5   7]
 [  7  16   4   6]]
Validation normalized_cm: [[0.201 0.69  0.035 0.074]
 [0.184 0.768 0.016 0.032]
 [0.209 0.512 0.116 0.163]
 [0.212 0.485 0.121 0.182]]
Validation acc: 0.3890909090909091
Validation class_accuracies: [0.2007042253521127, 0.7684210526315789, 0.11627906976744186, 0.18181818181818182]
Validation sensitivity: 0.5902255639097744
Validation specificity: 0.2007042253521127
Validation icbhi_score: 0.3954648946309436
Validation roc_auc: None
Validation avg_accuracy: 0.31680563239232884
Validation one_indexed_epoch: 36
156/156 - 154s - loss: 0.2545 - accuracy: 0.8066 - 154s/epoch - 989ms/step
Epoch 37/100
Validation cm: [[ 75 165  19  25]
 [ 47 134   7   2]
 [ 11  16   5  11]
 [  8  11   4  10]]
Validation normalized_cm: [[0.264 0.581 0.067 0.088]
 [0.247 0.705 0.037 0.011]
 [0.256 0.372 0.116 0.256]
 [0.242 0.333 0.121 0.303]]
Validation acc: 0.4072727272727273
Validation class_accuracies: [0.2640845070422535, 0.7052631578947368, 0.11627906976744186, 0.30303030303030304]
Validation sensitivity: 0.5601503759398496
Validation specificity: 0.2640845070422535
Validation icbhi_score: 0.41211744149105156
Validation roc_auc: None
Validation avg_accuracy: 0.3471642594336838
Validation one_indexed_epoch: 37
156/156 - 154s - loss: 0.2405 - accuracy: 0.8062 - 154s/epoch - 988ms/step
Epoch 38/100
Validation cm: [[177  45  51  11]
 [118  56  13   3]
 [ 22   4  12   5]
 [ 14   4   9   6]]
Validation normalized_cm: [[0.623 0.158 0.18  0.039]
 [0.621 0.295 0.068 0.016]
 [0.512 0.093 0.279 0.116]
 [0.424 0.121 0.273 0.182]]
Validation acc: 0.45636363636363636
Validation class_accuracies: [0.6232394366197183, 0.29473684210526313, 0.27906976744186046, 0.18181818181818182]
Validation sensitivity: 0.2781954887218045
Validation specificity: 0.6232394366197183
Validation icbhi_score: 0.4507174626707614
Validation roc_auc: None
Validation avg_accuracy: 0.34471605699625596
Validation one_indexed_epoch: 38
156/156 - 153s - loss: 0.2293 - accuracy: 0.8070 - 153s/epoch - 983ms/step
Epoch 39/100
Validation cm: [[128  67  61  28]
 [ 83  82  15  10]
 [ 17   5  10  11]
 [  7   7   7  12]]
Validation normalized_cm: [[0.451 0.236 0.215 0.099]
 [0.437 0.432 0.079 0.053]
 [0.395 0.116 0.233 0.256]
 [0.212 0.212 0.212 0.364]]
Validation acc: 0.4218181818181818
Validation class_accuracies: [0.4507042253521127, 0.43157894736842106, 0.23255813953488372, 0.36363636363636365]
Validation sensitivity: 0.39097744360902253
Validation specificity: 0.4507042253521127
Validation icbhi_score: 0.42084083448056764
Validation roc_auc: None
Validation avg_accuracy: 0.36961941897294526
Validation one_indexed_epoch: 39
156/156 - 155s - loss: 0.2268 - accuracy: 0.8038 - 155s/epoch - 991ms/step
Epoch 40/100
Validation cm: [[ 80 136  29  39]
 [ 50 121   8  11]
 [ 11  15   3  14]
 [  5  11   2  15]]
Validation normalized_cm: [[0.282 0.479 0.102 0.137]
 [0.263 0.637 0.042 0.058]
 [0.256 0.349 0.07  0.326]
 [0.152 0.333 0.061 0.455]]
Validation acc: 0.3981818181818182
Validation class_accuracies: [0.28169014084507044, 0.6368421052631579, 0.06976744186046512, 0.45454545454545453]
Validation sensitivity: 0.5225563909774437
Validation specificity: 0.28169014084507044
Validation icbhi_score: 0.402123265911257
Validation roc_auc: None
Validation avg_accuracy: 0.360711285628537
Validation one_indexed_epoch: 40
156/156 - 153s - loss: 0.2211 - accuracy: 0.7929 - 153s/epoch - 979ms/step
Epoch 41/100
Validation cm: [[123 105  38  18]
 [ 72 108   9   1]
 [ 15  13   3  12]
 [ 10   9   7   7]]
Validation normalized_cm: [[0.433 0.37  0.134 0.063]
 [0.379 0.568 0.047 0.005]
 [0.349 0.302 0.07  0.279]
 [0.303 0.273 0.212 0.212]]
Validation acc: 0.4381818181818182
Validation class_accuracies: [0.43309859154929575, 0.5684210526315789, 0.06976744186046512, 0.21212121212121213]
Validation sensitivity: 0.44360902255639095
Validation specificity: 0.43309859154929575
Validation icbhi_score: 0.4383538070528433
Validation roc_auc: None
Validation avg_accuracy: 0.32085207454063797
Validation one_indexed_epoch: 41
156/156 - 154s - loss: 0.2154 - accuracy: 0.8070 - 154s/epoch - 985ms/step
Epoch 42/100
Validation cm: [[134  80  45  25]
 [ 87  79  14  10]
 [ 15  12   5  11]
 [  7  11   7   8]]
Validation normalized_cm: [[0.472 0.282 0.158 0.088]
 [0.458 0.416 0.074 0.053]
 [0.349 0.279 0.116 0.256]
 [0.212 0.333 0.212 0.242]]
Validation acc: 0.4109090909090909
Validation class_accuracies: [0.47183098591549294, 0.41578947368421054, 0.11627906976744186, 0.24242424242424243]
Validation sensitivity: 0.3458646616541353
Validation specificity: 0.47183098591549294
Validation icbhi_score: 0.4088478237848141
Validation roc_auc: None
Validation avg_accuracy: 0.31158094294784694
Validation one_indexed_epoch: 42
156/156 - 154s - loss: 0.1960 - accuracy: 0.8066 - 154s/epoch - 985ms/step
Epoch 43/100
Validation cm: [[119 118  35  12]
 [ 63 116   7   4]
 [ 16  18   3   6]
 [  7  16   4   6]]
Validation normalized_cm: [[0.419 0.415 0.123 0.042]
 [0.332 0.611 0.037 0.021]
 [0.372 0.419 0.07  0.14 ]
 [0.212 0.485 0.121 0.182]]
Validation acc: 0.44363636363636366
Validation class_accuracies: [0.41901408450704225, 0.6105263157894737, 0.06976744186046512, 0.18181818181818182]
Validation sensitivity: 0.4699248120300752
Validation specificity: 0.41901408450704225
Validation icbhi_score: 0.4444694482685587
Validation roc_auc: None
Validation avg_accuracy: 0.3202815059937907
Validation one_indexed_epoch: 43
156/156 - 154s - loss: 0.1991 - accuracy: 0.8146 - 154s/epoch - 989ms/step
Epoch 44/100
Validation cm: [[117 110  44  13]
 [ 70 109   7   4]
 [ 16  16   3   8]
 [  8  13   6   6]]
Validation normalized_cm: [[0.412 0.387 0.155 0.046]
 [0.368 0.574 0.037 0.021]
 [0.372 0.372 0.07  0.186]
 [0.242 0.394 0.182 0.182]]
Validation acc: 0.42727272727272725
Validation class_accuracies: [0.4119718309859155, 0.5736842105263158, 0.06976744186046512, 0.18181818181818182]
Validation sensitivity: 0.44360902255639095
Validation specificity: 0.4119718309859155
Validation icbhi_score: 0.4277904267711532
Validation roc_auc: None
Validation avg_accuracy: 0.30931041629771955
Validation one_indexed_epoch: 44
156/156 - 153s - loss: 0.1926 - accuracy: 0.7941 - 153s/epoch - 981ms/step
Epoch 45/100
Validation cm: [[ 98 101  64  21]
 [ 61 101  20   8]
 [ 15  10   6  12]
 [  8   9   9   7]]
Validation normalized_cm: [[0.345 0.356 0.225 0.074]
 [0.321 0.532 0.105 0.042]
 [0.349 0.233 0.14  0.279]
 [0.242 0.273 0.273 0.212]]
Validation acc: 0.38545454545454544
Validation class_accuracies: [0.34507042253521125, 0.531578947368421, 0.13953488372093023, 0.21212121212121213]
Validation sensitivity: 0.42857142857142855
Validation specificity: 0.34507042253521125
Validation icbhi_score: 0.3868209255533199
Validation roc_auc: None
Validation avg_accuracy: 0.30707636643644365
Validation one_indexed_epoch: 45
156/156 - 152s - loss: 0.1900 - accuracy: 0.8058 - 152s/epoch - 977ms/step
Epoch 46/100
Validation cm: [[109 107  50  18]
 [ 59 112  11   8]
 [ 16  15   3   9]
 [  8  13   6   6]]
Validation normalized_cm: [[0.384 0.377 0.176 0.063]
 [0.311 0.589 0.058 0.042]
 [0.372 0.349 0.07  0.209]
 [0.242 0.394 0.182 0.182]]
Validation acc: 0.41818181818181815
Validation class_accuracies: [0.38380281690140844, 0.5894736842105263, 0.06976744186046512, 0.18181818181818182]
Validation sensitivity: 0.4548872180451128
Validation specificity: 0.38380281690140844
Validation icbhi_score: 0.4193450174732606
Validation roc_auc: None
Validation avg_accuracy: 0.3062155311976454
Validation one_indexed_epoch: 46
156/156 - 153s - loss: 0.1865 - accuracy: 0.7893 - 153s/epoch - 983ms/step
Epoch 47/100
Validation cm: [[120  69  78  17]
 [ 79  79  26   6]
 [ 17   7   7  12]
 [  9  11   7   6]]
Validation normalized_cm: [[0.423 0.243 0.275 0.06 ]
 [0.416 0.416 0.137 0.032]
 [0.395 0.163 0.163 0.279]
 [0.273 0.333 0.212 0.182]]
Validation acc: 0.38545454545454544
Validation class_accuracies: [0.4225352112676056, 0.41578947368421054, 0.16279069767441862, 0.18181818181818182]
Validation sensitivity: 0.3458646616541353
Validation specificity: 0.4225352112676056
Validation icbhi_score: 0.3841999364608705
Validation roc_auc: None
Validation avg_accuracy: 0.2957333911111042
Validation one_indexed_epoch: 47
156/156 - 153s - loss: 0.1678 - accuracy: 0.8098 - 153s/epoch - 980ms/step
Epoch 48/100
Validation cm: [[126  84  51  23]
 [ 66 103  16   5]
 [ 20  11   5   7]
 [ 11  10   7   5]]
Validation normalized_cm: [[0.444 0.296 0.18  0.081]
 [0.347 0.542 0.084 0.026]
 [0.465 0.256 0.116 0.163]
 [0.333 0.303 0.212 0.152]]
Validation acc: 0.43454545454545457
Validation class_accuracies: [0.44366197183098594, 0.5421052631578948, 0.11627906976744186, 0.15151515151515152]
Validation sensitivity: 0.424812030075188
Validation specificity: 0.44366197183098594
Validation icbhi_score: 0.4342370009530869
Validation roc_auc: None
Validation avg_accuracy: 0.3133903640678685
Validation one_indexed_epoch: 48
156/156 - 153s - loss: 0.1639 - accuracy: 0.7937 - 153s/epoch - 984ms/step
Epoch 49/100
Validation cm: [[ 93 109  52  30]
 [ 56 101  21  12]
 [ 13  14   5  11]
 [  8  10   7   8]]
Validation normalized_cm: [[0.327 0.384 0.183 0.106]
 [0.295 0.532 0.111 0.063]
 [0.302 0.326 0.116 0.256]
 [0.242 0.303 0.212 0.242]]
Validation acc: 0.37636363636363634
Validation class_accuracies: [0.3274647887323944, 0.531578947368421, 0.11627906976744186, 0.24242424242424243]
Validation sensitivity: 0.42857142857142855
Validation specificity: 0.3274647887323944
Validation icbhi_score: 0.37801810865191143
Validation roc_auc: None
Validation avg_accuracy: 0.3044367620731249
Validation one_indexed_epoch: 49
156/156 - 153s - loss: 0.1549 - accuracy: 0.7953 - 153s/epoch - 984ms/step
Epoch 50/100
Validation cm: [[106  97  53  28]
 [ 56 106  20   8]
 [ 14  17   4   8]
 [  7  11   7   8]]
Validation normalized_cm: [[0.373 0.342 0.187 0.099]
 [0.295 0.558 0.105 0.042]
 [0.326 0.395 0.093 0.186]
 [0.212 0.333 0.212 0.242]]
Validation acc: 0.4072727272727273
Validation class_accuracies: [0.3732394366197183, 0.5578947368421052, 0.09302325581395349, 0.24242424242424243]
Validation sensitivity: 0.44360902255639095
Validation specificity: 0.3732394366197183
Validation icbhi_score: 0.40842422958805463
Validation roc_auc: None
Validation avg_accuracy: 0.31664541792500484
Validation one_indexed_epoch: 50
156/156 - 153s - loss: 0.1506 - accuracy: 0.7929 - 153s/epoch - 982ms/step
Epoch 51/100
Validation cm: [[103  76  81  24]
 [ 67  80  28  15]
 [ 16   6  10  11]
 [  6  10   9   8]]
Validation normalized_cm: [[0.363 0.268 0.285 0.085]
 [0.353 0.421 0.147 0.079]
 [0.372 0.14  0.233 0.256]
 [0.182 0.303 0.273 0.242]]
Validation acc: 0.3654545454545455
Validation class_accuracies: [0.3626760563380282, 0.42105263157894735, 0.23255813953488372, 0.24242424242424243]
Validation sensitivity: 0.3684210526315789
Validation specificity: 0.3626760563380282
Validation icbhi_score: 0.36554855448480356
Validation roc_auc: None
Validation avg_accuracy: 0.3146777674690254
Validation one_indexed_epoch: 51
156/156 - 153s - loss: 0.1380 - accuracy: 0.7933 - 153s/epoch - 981ms/step
Epoch 52/100
Validation cm: [[143  71  57  13]
 [ 89  80  15   6]
 [ 19  11   3  10]
 [  9  13   4   7]]
Validation normalized_cm: [[0.504 0.25  0.201 0.046]
 [0.468 0.421 0.079 0.032]
 [0.442 0.256 0.07  0.233]
 [0.273 0.394 0.121 0.212]]
Validation acc: 0.42363636363636364
Validation class_accuracies: [0.5035211267605634, 0.42105263157894735, 0.06976744186046512, 0.21212121212121213]
Validation sensitivity: 0.3383458646616541
Validation specificity: 0.5035211267605634
Validation icbhi_score: 0.4209334957111087
Validation roc_auc: None
Validation avg_accuracy: 0.301615603080297
Validation one_indexed_epoch: 52
156/156 - 153s - loss: 0.1468 - accuracy: 0.7841 - 153s/epoch - 981ms/step
Epoch 53/100
Validation cm: [[125  85  58  16]
 [ 67  99  19   5]
 [ 19  11   5   8]
 [  8  10   8   7]]
Validation normalized_cm: [[0.44  0.299 0.204 0.056]
 [0.353 0.521 0.1   0.026]
 [0.442 0.256 0.116 0.186]
 [0.242 0.303 0.242 0.212]]
Validation acc: 0.4290909090909091
