Tensorflow Version: 2.8.0
Num GPUs Available:  1
Collecting Variables...
All variables have been collected.
../cache/
cw
train99
Description: model9
-----------------------
Job id is 1.
- Loading Icbhi.
725 Icbhi audios have been loaded.
- Preparing Icbhi.
112 Icbhi groups of audio chunks (by filename or patients) have been prepared.
--- Samples are being split into training/val groups and de-grouped by patient ---
--- Icbhi training dataset went from 0 to 2492 elements, with 954 none's, 810 crakles, 344 wheezes and 340 both ---
--- Icbhi Validation dataset contains 550 elements, with 282 none, 189 crackles, 43 wheezes and 33 both ---
0
0
0
0
-----------------------
--- Final training dataset went from 0 to 2492 elements, with 954 none's, 810 crakles, 344 wheezes and 340 both ---
--- Final Validation dataset contains 550 elements, with 282 none, 189 crackles, 43 wheezes and 33 both ---
Model: "leaf_model9_model_bis"
______________________________________________________________________________________________________________
 Layer (type)                                    Output Shape                                Param #          
==============================================================================================================
 leaf (Leaf)                                     multiple                                    560              
                                                                                                              
 mel_filterbanks (MelFilterbanks)                multiple                                    0 (unused)       
                                                                                                              
 sincnet (SincNet)                               multiple                                    0 (unused)       
                                                                                                              
 sequential (Sequential)                         (None, 80, 250, 1)                          4                
                                                                                                              
 sequential_1 (Sequential)                       (None, 80, 250, 16)                         2352             
                                                                                                              
 sequential_2 (Sequential)                       (None, 80, 250, 16)                         6448             
                                                                                                              
 sequential_3 (Sequential)                       (None, 80, 250, 16)                         32               
                                                                                                              
 concatenate (Concatenate)                       multiple                                    0                
                                                                                                              
 sequential_4 (Sequential)                       (None, 2)                                   6192322          
                                                                                                              
==============================================================================================================
Total params: 6,201,878
Trainable params: 6,160,372
Non-trainable params: 41,506
______________________________________________________________________________________________________________
Target metric is icbhi_score
Epoch 1/100
Validation cm: [[284   0   0   0]
 [190   0   0   0]
 [ 43   0   0   0]
 [ 33   0   0   0]]
Validation normalized_cm: [[1. 0. 0. 0.]
 [1. 0. 0. 0.]
 [1. 0. 0. 0.]
 [1. 0. 0. 0.]]
Validation acc: 0.5163636363636364
Validation class_accuracies: [1.0, 0.0, 0.0, 0.0]
Validation sensitivity: 0.0
Validation specificity: 1.0
Validation icbhi_score: 0.5
Validation roc_auc: None
Validation avg_accuracy: 0.25
Validation one_indexed_epoch: 1
-- New best results were achieved. --
156/156 - 195s - loss: 1.1833 - accuracy: 0.7051 - 195s/epoch - 1s/step
Epoch 2/100
Validation cm: [[  8   0 274   2]
 [  3   0 187   0]
 [  0   0  43   0]
 [  0   0  33   0]]
Validation normalized_cm: [[0.028 0.    0.965 0.007]
 [0.016 0.    0.984 0.   ]
 [0.    0.    1.    0.   ]
 [0.    0.    1.    0.   ]]
Validation acc: 0.09272727272727273
Validation class_accuracies: [0.028169014084507043, 0.0, 1.0, 0.0]
Validation sensitivity: 0.16165413533834586
Validation specificity: 0.028169014084507043
Validation icbhi_score: 0.09491157471142644
Validation roc_auc: None
Validation avg_accuracy: 0.25704225352112675
Validation one_indexed_epoch: 2
156/156 - 176s - loss: 0.6492 - accuracy: 0.8303 - 176s/epoch - 1s/step
Epoch 3/100
Validation cm: [[197  87   0   0]
 [145  45   0   0]
 [ 27  16   0   0]
 [ 22  11   0   0]]
Validation normalized_cm: [[0.694 0.306 0.    0.   ]
 [0.763 0.237 0.    0.   ]
 [0.628 0.372 0.    0.   ]
 [0.667 0.333 0.    0.   ]]
Validation acc: 0.44
Validation class_accuracies: [0.6936619718309859, 0.23684210526315788, 0.0, 0.0]
Validation sensitivity: 0.16917293233082706
Validation specificity: 0.6936619718309859
Validation icbhi_score: 0.4314174520809065
Validation roc_auc: None
Validation avg_accuracy: 0.23262601927353593
Validation one_indexed_epoch: 3
156/156 - 177s - loss: 0.6415 - accuracy: 0.8479 - 177s/epoch - 1s/step
Epoch 4/100
Validation cm: [[151  10  15 108]
 [105   3  14  68]
 [ 20   2   2  19]
 [ 19   1   2  11]]
Validation normalized_cm: [[0.532 0.035 0.053 0.38 ]
 [0.553 0.016 0.074 0.358]
 [0.465 0.047 0.047 0.442]
 [0.576 0.03  0.061 0.333]]
Validation acc: 0.30363636363636365
Validation class_accuracies: [0.5316901408450704, 0.015789473684210527, 0.046511627906976744, 0.3333333333333333]
Validation sensitivity: 0.06015037593984962
Validation specificity: 0.5316901408450704
Validation icbhi_score: 0.29592025839246
Validation roc_auc: None
Validation avg_accuracy: 0.23183114394239773
Validation one_indexed_epoch: 4
156/156 - 176s - loss: 0.6395 - accuracy: 0.8459 - 176s/epoch - 1s/step
Epoch 5/100
Validation cm: [[100  30 144  10]
 [ 75  13  96   6]
 [ 16   4  21   2]
 [ 17   1  13   2]]
Validation normalized_cm: [[0.352 0.106 0.507 0.035]
 [0.395 0.068 0.505 0.032]
 [0.372 0.093 0.488 0.047]
 [0.515 0.03  0.394 0.061]]
Validation acc: 0.24727272727272728
Validation class_accuracies: [0.352112676056338, 0.06842105263157895, 0.4883720930232558, 0.06060606060606061]
Validation sensitivity: 0.13533834586466165
Validation specificity: 0.352112676056338
Validation icbhi_score: 0.24372551096049982
Validation roc_auc: None
Validation avg_accuracy: 0.24237797057930832
Validation one_indexed_epoch: 5
156/156 - 178s - loss: 0.6374 - accuracy: 0.8415 - 178s/epoch - 1s/step
Epoch 6/100
Validation cm: [[ 81  56 125  22]
 [ 41  45  93  11]
 [ 15   5  18   5]
 [ 11   9   8   5]]
Validation normalized_cm: [[0.285 0.197 0.44  0.077]
 [0.216 0.237 0.489 0.058]
 [0.349 0.116 0.419 0.116]
 [0.333 0.273 0.242 0.152]]
Validation acc: 0.27090909090909093
Validation class_accuracies: [0.2852112676056338, 0.23684210526315788, 0.4186046511627907, 0.15151515151515152]
Validation sensitivity: 0.2556390977443609
Validation specificity: 0.2852112676056338
Validation icbhi_score: 0.2704251826749974
Validation roc_auc: None
Validation avg_accuracy: 0.2730432938866835
Validation one_indexed_epoch: 6
156/156 - 178s - loss: 0.6341 - accuracy: 0.8371 - 178s/epoch - 1s/step
Epoch 7/100
Validation cm: [[ 91  21 107  65]
 [ 60  31  61  38]
 [ 17   2  10  14]
 [ 14   4  10   5]]
Validation normalized_cm: [[0.32  0.074 0.377 0.229]
 [0.316 0.163 0.321 0.2  ]
 [0.395 0.047 0.233 0.326]
 [0.424 0.121 0.303 0.152]]
Validation acc: 0.24909090909090909
Validation class_accuracies: [0.3204225352112676, 0.1631578947368421, 0.23255813953488372, 0.15151515151515152]
Validation sensitivity: 0.17293233082706766
Validation specificity: 0.3204225352112676
Validation icbhi_score: 0.24667743301916764
Validation roc_auc: None
Validation avg_accuracy: 0.21691343024953624
Validation one_indexed_epoch: 7
156/156 - 176s - loss: 0.6318 - accuracy: 0.8419 - 176s/epoch - 1s/step
Epoch 8/100
Validation cm: [[110  39  47  88]
 [ 72  37  34  47]
 [ 19   5   5  14]
 [ 12   6   6   9]]
Validation normalized_cm: [[0.387 0.137 0.165 0.31 ]
 [0.379 0.195 0.179 0.247]
 [0.442 0.116 0.116 0.326]
 [0.364 0.182 0.182 0.273]]
Validation acc: 0.2927272727272727
Validation class_accuracies: [0.3873239436619718, 0.19473684210526315, 0.11627906976744186, 0.2727272727272727]
Validation sensitivity: 0.19172932330827067
Validation specificity: 0.3873239436619718
Validation icbhi_score: 0.28952663348512125
Validation roc_auc: None
Validation avg_accuracy: 0.24276678206548738
Validation one_indexed_epoch: 8
156/156 - 176s - loss: 0.6281 - accuracy: 0.8315 - 176s/epoch - 1s/step
Epoch 9/100
Validation cm: [[ 95  34  25 130]
 [ 60  35  11  84]
 [ 10   8   3  22]
 [ 13   4   2  14]]
Validation normalized_cm: [[0.335 0.12  0.088 0.458]
 [0.316 0.184 0.058 0.442]
 [0.233 0.186 0.07  0.512]
 [0.394 0.121 0.061 0.424]]
Validation acc: 0.2672727272727273
Validation class_accuracies: [0.3345070422535211, 0.18421052631578946, 0.06976744186046512, 0.42424242424242425]
Validation sensitivity: 0.19548872180451127
Validation specificity: 0.3345070422535211
Validation icbhi_score: 0.2649978820290162
Validation roc_auc: None
Validation avg_accuracy: 0.25318185866805
Validation one_indexed_epoch: 9
156/156 - 175s - loss: 0.6260 - accuracy: 0.8335 - 175s/epoch - 1s/step
Epoch 10/100
Validation cm: [[106   7 130  41]
 [ 85  10  77  18]
 [ 17   0  20   6]
 [ 19   2   9   3]]
Validation normalized_cm: [[0.373 0.025 0.458 0.144]
 [0.447 0.053 0.405 0.095]
 [0.395 0.    0.465 0.14 ]
 [0.576 0.061 0.273 0.091]]
Validation acc: 0.25272727272727274
Validation class_accuracies: [0.3732394366197183, 0.05263157894736842, 0.46511627906976744, 0.09090909090909091]
Validation sensitivity: 0.12406015037593984
Validation specificity: 0.3732394366197183
Validation icbhi_score: 0.24864979349782906
Validation roc_auc: None
Validation avg_accuracy: 0.2454740963864863
Validation one_indexed_epoch: 10
156/156 - 174s - loss: 0.6234 - accuracy: 0.8307 - 174s/epoch - 1s/step
Epoch 11/100
Validation cm: [[112  39 122  11]
 [ 77  35  73   5]
 [ 17   4  20   2]
 [ 13   4  14   2]]
Validation normalized_cm: [[0.394 0.137 0.43  0.039]
 [0.405 0.184 0.384 0.026]
 [0.395 0.093 0.465 0.047]
 [0.394 0.121 0.424 0.061]]
Validation acc: 0.30727272727272725
Validation class_accuracies: [0.39436619718309857, 0.18421052631578946, 0.46511627906976744, 0.06060606060606061]
Validation sensitivity: 0.21428571428571427
Validation specificity: 0.39436619718309857
Validation icbhi_score: 0.3043259557344064
Validation roc_auc: None
Validation avg_accuracy: 0.276074765793679
Validation one_indexed_epoch: 11
156/156 - 178s - loss: 0.6198 - accuracy: 0.8174 - 178s/epoch - 1s/step
Epoch 12/100
Validation cm: [[ 88  36 133  27]
 [ 58  30  84  18]
 [ 15   4  15   9]
 [ 15   4  10   4]]
Validation normalized_cm: [[0.31  0.127 0.468 0.095]
 [0.305 0.158 0.442 0.095]
 [0.349 0.093 0.349 0.209]
 [0.455 0.121 0.303 0.121]]
Validation acc: 0.24909090909090909
Validation class_accuracies: [0.30985915492957744, 0.15789473684210525, 0.3488372093023256, 0.12121212121212122]
Validation sensitivity: 0.18421052631578946
Validation specificity: 0.30985915492957744
Validation icbhi_score: 0.24703484062268344
Validation roc_auc: None
Validation avg_accuracy: 0.2344508055715324
Validation one_indexed_epoch: 12
156/156 - 177s - loss: 0.6222 - accuracy: 0.8098 - 177s/epoch - 1s/step
Epoch 13/100
Validation cm: [[ 90  30 159   5]
 [ 67  17 103   3]
 [ 21   0  22   0]
 [ 17   3  13   0]]
Validation normalized_cm: [[0.317 0.106 0.56  0.018]
 [0.353 0.089 0.542 0.016]
 [0.488 0.    0.512 0.   ]
 [0.515 0.091 0.394 0.   ]]
Validation acc: 0.23454545454545456
Validation class_accuracies: [0.31690140845070425, 0.08947368421052632, 0.5116279069767442, 0.0]
Validation sensitivity: 0.14661654135338345
Validation specificity: 0.31690140845070425
Validation icbhi_score: 0.23175897490204383
Validation roc_auc: None
Validation avg_accuracy: 0.2295007499094937
Validation one_indexed_epoch: 13
156/156 - 177s - loss: 0.6156 - accuracy: 0.8154 - 177s/epoch - 1s/step
Epoch 14/100
Validation cm: [[ 77  34 168   5]
 [ 42  36 109   3]
 [ 10   4  27   2]
 [ 11   8  13   1]]
Validation normalized_cm: [[0.271 0.12  0.592 0.018]
 [0.221 0.189 0.574 0.016]
 [0.233 0.093 0.628 0.047]
 [0.333 0.242 0.394 0.03 ]]
Validation acc: 0.25636363636363635
Validation class_accuracies: [0.2711267605633803, 0.18947368421052632, 0.627906976744186, 0.030303030303030304]
Validation sensitivity: 0.24060150375939848
Validation specificity: 0.2711267605633803
Validation icbhi_score: 0.25586413216138937
Validation roc_auc: None
Validation avg_accuracy: 0.27970261295528076
Validation one_indexed_epoch: 14
156/156 - 172s - loss: 0.6128 - accuracy: 0.7945 - 172s/epoch - 1s/step
Epoch 15/100
Validation cm: [[ 63  24 113  84]
 [ 44  25  65  56]
 [ 14   2  16  11]
 [ 11   5  10   7]]
Validation normalized_cm: [[0.222 0.085 0.398 0.296]
 [0.232 0.132 0.342 0.295]
 [0.326 0.047 0.372 0.256]
 [0.333 0.152 0.303 0.212]]
Validation acc: 0.2018181818181818
Validation class_accuracies: [0.22183098591549297, 0.13157894736842105, 0.37209302325581395, 0.21212121212121213]
Validation sensitivity: 0.18045112781954886
Validation specificity: 0.22183098591549297
Validation icbhi_score: 0.20114105686752093
Validation roc_auc: None
Validation avg_accuracy: 0.23440604216523503
Validation one_indexed_epoch: 15
156/156 - 174s - loss: 0.6100 - accuracy: 0.7745 - 174s/epoch - 1s/step
Epoch 16/100
Validation cm: [[ 93  12 152  27]
 [ 66   5  96  23]
 [ 13   2  21   7]
 [ 12   2  13   6]]
Validation normalized_cm: [[0.327 0.042 0.535 0.095]
 [0.347 0.026 0.505 0.121]
 [0.302 0.047 0.488 0.163]
 [0.364 0.061 0.394 0.182]]
Validation acc: 0.22727272727272727
Validation class_accuracies: [0.3274647887323944, 0.02631578947368421, 0.4883720930232558, 0.18181818181818182]
Validation sensitivity: 0.12030075187969924
Validation specificity: 0.3274647887323944
Validation icbhi_score: 0.2238827703060468
Validation roc_auc: None
Validation avg_accuracy: 0.25599271326187906
Validation one_indexed_epoch: 16
156/156 - 175s - loss: 0.6130 - accuracy: 0.7990 - 175s/epoch - 1s/step
Epoch 17/100
Validation cm: [[ 83  27 167   7]
 [ 55  28 104   3]
 [ 15   3  23   2]
 [ 12   5  15   1]]
Validation normalized_cm: [[0.292 0.095 0.588 0.025]
 [0.289 0.147 0.547 0.016]
 [0.349 0.07  0.535 0.047]
 [0.364 0.152 0.455 0.03 ]]
Validation acc: 0.24545454545454545
Validation class_accuracies: [0.29225352112676056, 0.14736842105263157, 0.5348837209302325, 0.030303030303030304]
Validation sensitivity: 0.19548872180451127
Validation specificity: 0.29225352112676056
Validation icbhi_score: 0.24387112146563591
Validation roc_auc: None
Validation avg_accuracy: 0.25120217335316375
Validation one_indexed_epoch: 17
156/156 - 175s - loss: 0.6111 - accuracy: 0.8018 - 175s/epoch - 1s/step
Epoch 18/100
Validation cm: [[ 78  17 159  30]
 [ 60  14  98  18]
 [ 14   2  23   4]
 [ 11   3  16   3]]
Validation normalized_cm: [[0.275 0.06  0.56  0.106]
 [0.316 0.074 0.516 0.095]
 [0.326 0.047 0.535 0.093]
 [0.333 0.091 0.485 0.091]]
Validation acc: 0.21454545454545454
Validation class_accuracies: [0.2746478873239437, 0.07368421052631578, 0.5348837209302325, 0.09090909090909091]
Validation sensitivity: 0.15037593984962405
Validation specificity: 0.2746478873239437
Validation icbhi_score: 0.21251191358678387
Validation roc_auc: None
Validation avg_accuracy: 0.24353122742239572
Validation one_indexed_epoch: 18
156/156 - 173s - loss: 0.6083 - accuracy: 0.7781 - 173s/epoch - 1s/step
Epoch 19/100
Validation cm: [[ 70  32 171  11]
 [ 55  26 103   6]
 [ 17   3  21   2]
 [ 13   2  16   2]]
Validation normalized_cm: [[0.246 0.113 0.602 0.039]
 [0.289 0.137 0.542 0.032]
 [0.395 0.07  0.488 0.047]
 [0.394 0.061 0.485 0.061]]
Validation acc: 0.21636363636363637
Validation class_accuracies: [0.24647887323943662, 0.1368421052631579, 0.4883720930232558, 0.06060606060606061]
Validation sensitivity: 0.18421052631578946
Validation specificity: 0.24647887323943662
Validation icbhi_score: 0.21534469977761306
Validation roc_auc: None
Validation avg_accuracy: 0.23307478303297774
Validation one_indexed_epoch: 19
156/156 - 175s - loss: 0.6049 - accuracy: 0.7885 - 175s/epoch - 1s/step
Epoch 20/100
Validation cm: [[ 81  29 114  60]
 [ 55  26  71  38]
 [ 13   4  21   5]
 [ 12   5   8   8]]
Validation normalized_cm: [[0.285 0.102 0.401 0.211]
 [0.289 0.137 0.374 0.2  ]
 [0.302 0.093 0.488 0.116]
 [0.364 0.152 0.242 0.242]]
Validation acc: 0.24727272727272728
Validation class_accuracies: [0.2852112676056338, 0.1368421052631579, 0.4883720930232558, 0.24242424242424243]
Validation sensitivity: 0.20676691729323307
Validation specificity: 0.2852112676056338
Validation icbhi_score: 0.24598909244943346
Validation roc_auc: None
Validation avg_accuracy: 0.28821242707907246
Validation one_indexed_epoch: 20
156/156 - 177s - loss: 0.6040 - accuracy: 0.7797 - 177s/epoch - 1s/step
Epoch 21/100
Validation cm: [[81 33 96 74]
 [52 30 56 52]
 [17  5  9 12]
 [ 9  6  9  9]]
Validation normalized_cm: [[0.285 0.116 0.338 0.261]
 [0.274 0.158 0.295 0.274]
 [0.395 0.116 0.209 0.279]
 [0.273 0.182 0.273 0.273]]
Validation acc: 0.23454545454545456
Validation class_accuracies: [0.2852112676056338, 0.15789473684210525, 0.20930232558139536, 0.2727272727272727]
Validation sensitivity: 0.18045112781954886
Validation specificity: 0.2852112676056338
Validation icbhi_score: 0.23283119771259134
Validation roc_auc: None
Validation avg_accuracy: 0.2312839006891018
Validation one_indexed_epoch: 21
156/156 - 175s - loss: 0.6036 - accuracy: 0.7893 - 175s/epoch - 1s/step
Epoch 22/100
Validation cm: [[ 77  26 141  40]
 [ 43  32  92  23]
 [ 14   4  19   6]
 [ 10   6  14   3]]
Validation normalized_cm: [[0.271 0.092 0.496 0.141]
 [0.226 0.168 0.484 0.121]
 [0.326 0.093 0.442 0.14 ]
 [0.303 0.182 0.424 0.091]]
Validation acc: 0.2381818181818182
Validation class_accuracies: [0.2711267605633803, 0.16842105263157894, 0.4418604651162791, 0.09090909090909091]
Validation sensitivity: 0.20300751879699247
Validation specificity: 0.2711267605633803
Validation icbhi_score: 0.2370671396801864
Validation roc_auc: None
Validation avg_accuracy: 0.24307934230508232
Validation one_indexed_epoch: 22
156/156 - 175s - loss: 0.6028 - accuracy: 0.7761 - 175s/epoch - 1s/step
Epoch 23/100
Validation cm: [[85 33 89 77]
 [54 31 56 49]
 [15  5 11 12]
 [11  5  8  9]]
Validation normalized_cm: [[0.299 0.116 0.313 0.271]
 [0.284 0.163 0.295 0.258]
 [0.349 0.116 0.256 0.279]
 [0.333 0.152 0.242 0.273]]
Validation acc: 0.24727272727272728
Validation class_accuracies: [0.2992957746478873, 0.1631578947368421, 0.2558139534883721, 0.2727272727272727]
Validation sensitivity: 0.19172932330827067
Validation specificity: 0.2992957746478873
Validation icbhi_score: 0.245512548978079
Validation roc_auc: None
Validation avg_accuracy: 0.24774872390009356
Validation one_indexed_epoch: 23
156/156 - 176s - loss: 0.6011 - accuracy: 0.7978 - 176s/epoch - 1s/step
Epoch 24/100
